54591889 58035364
54591889 57601915
54591889 7585266
29877959 57601915
58164123 57601915
58164123 58035364
58164123 40068236
18171143 58035364
18171143 57601915
59819248 57601915
59819248 58035364
58055174 57601915
298834760 57601915
32109397 57601915
32109397 58035364
32109397 37497961
32109397 428986709
32109397 7585266
60288098 57601915
60288098 58035364
152572617 57601915
152912242 58035364
152912242 57601915
152912242 534767238
52576829 58035364
428986709 7585266
295340892 57601915
295340892 58035364
40068236 58164123
58111238 57601915
58111238 58035364
152577500 57601915
534767238 57601915
534767238 58035364
7585266 57601915
7585266 58035364
7585266 428986709
7585266 32109397
7585266 54591889
7585266 37497961
58035364 37497961
58035364 54591889
58035364 152912242
58035364 57601915
58035364 52570935
58035364 58111238
58035364 58164123
58035364 52576829
58035364 59819248
58035364 428986709
58035364 295340892
58035364 18171143
58035364 60288098
58035364 32109397
58035364 58488671
58035364 7585266
58035364 534767238
58488671 58035364
58488671 57601915
52570935 57601915
52570935 58035364
152687998 57601915
37497961 58035364
37497961 57601915
37497961 32109397
37497961 7585266
