582027886 58519792
303965495 58519792
676774354 58519792
224324627 58519792
778872529 58519792
257127841 58519792
833302816 58519792
541755455 58519792
580879062 58519792
44048169 58519792
44048169 103060346
44048169 210253092
44048169 152933302
44048169 57648585
20435056 58519792
20435056 31415083
20435056 57649095
20435056 57648585
20435056 152574320
139337289 58519792
833349129 58519792
61609760 138573055
61609760 58519792
61609760 152911990
227975227 58519792
75361310 58519792
152674411 58519792
152932166 101699171
152932166 93075749
152932166 152933302
152932166 58519792
152932166 210282143
152932166 5629621
152932166 298833745
152932166 31415083
464028136 58519792
806268574 58519792
582020808 58519792
215743465 58519792
112053887 58519792
112053887 152933302
152940804 58519792
152940804 50867419
103060346 44048169
103060346 101699171
103060346 31415083
103060346 44874615
103060346 57648585
65291625 58519792
210191116 58519792
152933302 210282143
152933302 136504408
152933302 67498646
152933302 58519792
152933302 210253092
152933302 50867419
152933302 152932166
152933302 57609942
210282143 58519792
210282143 22144371
210282143 210253092
210282143 152933302
210282143 67498646
210282143 50867419
210282143 152932166
210282143 57609942
152955176 58519792
152580417 58519792
152511444 58519792
109158244 58519792
109158244 93075749
109158244 31415083
152580250 57650592
152580250 58519792
152911990 58519792
152911990 61609760
152574320 58519792
152574320 210195732
152574320 31415083
152574320 20435056
58100228 58519792
136504408 210251745
136504408 58519792
136504408 152566719
136504408 210253092
136504408 152933302
136504408 93075749
136504408 57649095
136504408 31415083
136504408 57650592
67498646 210282143
67498646 58519792
67498646 210253092
67498646 152933302
67498646 50867419
67498646 57648585
67498646 57609942
152884125 93075749
152884125 58519792
152884125 44874615
581193126 58519792
152701755 58519792
130257125 58519792
130257125 57648585
152660507 58519792
152660507 93075749
152660507 31415083
152701867 101699171
152701867 93075749
152701867 58519792
152701867 57650168
152701867 5629621
57650168 210195732
57650168 210251745
57650168 58519792
57650168 31415083
57650168 152701867
57650168 5629621
57650168 57649095
57650168 152576314
57650168 44874615
57650168 57648585
152576314 58519792
582843554 58519792
57609942 50867419
57609942 58519792
57609942 152933302
57609942 67498646
57609942 210282143
57609942 210253092
57609942 44874615
57609942 31415083
210251745 136504408
210251745 58519792
210251745 57650168
210251745 57648585
57649095 58519792
57649095 210253092
57649095 482556108
57649095 93075749
57649095 5629621
57649095 136504408
57649095 31415083
57649095 152674411
57649095 20435056
57649095 152511444
57649095 57650168
57649095 57648585
192459964 58519792
482556108 58519792
482556108 57648585
482556108 57609942
58347646 58519792
50867419 210282143
50867419 152566719
50867419 67498646
50867419 58519792
50867419 210253092
50867419 152933302
50867419 57609942
58111994 58519792
57648585 93075749
57648585 44048169
57648585 31415083
57648585 103060346
57648585 57650168
57648585 5629621
57648585 130257125
57648585 67498646
57648585 57649095
57648585 210251745
57648585 210195732
57648585 482556108
57648585 58519792
57648585 20435056
152528731 58519792
22144371 210282143
22144371 58519792
22144371 31415083
549270780 58519792
833658470 31415083
580896627 58519792
152941930 58519792
31415083 109158244
31415083 22144371
31415083 152660507
31415083 210195732
31415083 482556108
31415083 93075749
31415083 136504408
31415083 20435056
31415083 57649095
31415083 210251745
31415083 58519792
31415083 210253092
31415083 152674411
31415083 103060346
31415083 833658470
31415083 57650168
31415083 5629621
31415083 152932166
31415083 57648585
31415083 152574320
31415083 57609942
93075749 152674411
93075749 152884125
93075749 58519792
93075749 101699171
93075749 109158244
93075749 152660507
93075749 152566719
93075749 210253092
93075749 5629621
93075749 44874615
93075749 136504408
93075749 57649095
93075749 31415083
93075749 152701867
93075749 152932166
93075749 57648585
5629621 93075749
5629621 57650592
5629621 58519792
5629621 31415083
5629621 57650168
5629621 152701867
5629621 152932166
5629621 57648585
581608482 58519792
152832786 58519792
152832786 44874615
298833745 58519792
298833745 152932166
551335351 58519792
101699171 580896627
101699171 103060346
101699171 93075749
101699171 152701867
101699171 44874615
101699171 152932166
152904520 58519792
298833298 58519792
152566719 58519792
152566719 93075749
152566719 44874615
152566719 136504408
152566719 50867419
210253092 83260398
210253092 210282143
210253092 44048169
210253092 93075749
210253092 136504408
210253092 67498646
210253092 58519792
210253092 152933302
210253092 31415083
210253092 44874615
210253092 57609942
601773928 58519792
44874615 83260398
44874615 152566719
44874615 93075749
44874615 152832786
44874615 58519792
44874615 210253092
44874615 5629621
44874615 101699171
44874615 152674411
44874615 57650168
44874615 57609942
138573055 58519792
138573055 61609760
561352686 58519792
152900315 58519792
833820222 58519792
58155019 58519792
210195732 57650168
210195732 31415083
210195732 57648585
210195732 152574320
83260398 58519792
83260398 210253092
83260398 44874615
57650592 152580250
57650592 58519792
57650592 5629621
57650592 136504408
