52554633 86083374
84179429 18534335
54410234 299953615
54410234 57591978
54410234 57608070
54410234 34511398
54410234 59715601
31503722 834194973
31503722 135781889
57651360 33741427
57651360 210191116
57651360 57650325
57651360 145456380
34511398 9204586
34511398 54410234
34511398 59715601
13916969 163818365
205891029 19212893
73843438 59715601
73843438 298856209
86083374 52554633
86083374 59715601
57646113 57643872
57646113 57650325
152520270 59715601
145456380 57643872
145456380 57650325
145456380 57651360
152479988 59715601
609148461 59715601
163818365 522217677
163818365 13916969
835152202 59715601
108101679 18534335
210191116 57651360
546808786 48250760
522217677 163818365
135781889 31503722
58352107 59715601
834194973 31503722
152700556 59715601
57608070 9204586
57608070 54410234
57608070 59715601
59715601 9204586
59715601 34511398
59715601 609148461
58286405 54410234
58286405 34511398
58286405 59715601
57643872 57646113
57643872 145456380
84477591 59715601
65325250 97088201
65325250 57651360
57650325 57646113
57650325 171964923
57650325 145456380
57650325 57651360
48250760 546808786
298856209 73843438
127816542 33741427
806170230 171964923
18534335 108101679
18534335 59715601
33346814 97088201
33346814 30936859
24856915 57848811
171964923 57650325
15360085 33741427
527743403 59715601
30936859 33346814
57848811 24856915
57591978 34511398
57591978 59715601
9204586 19212893
9204586 59715601
5004920 33741427
299953615 54410234
33741427 15360085
33741427 5004920
33741427 127816542
33741427 57651360
33741427 59715601
19212893 9204586
19212893 205891029
97088201 65325250
97088201 33346814
57480192 59715601
