82666194 57651181
82666194 152701368
82666194 57645188
82666194 210261639
82666194 57652361
82666194 57648434
82666194 57651624
82666194 152953973
57651624 57651181
57651624 82666194
152953973 57645188
152953973 82666194
152953973 210261639
152595063 57651181
57651181 57645188
57651181 82666194
57651181 57652361
57651181 57651624
152604241 57651181
210261639 57645188
210261639 82666194
210261639 152953973
57645188 57651181
57645188 82666194
57645188 210261639
57645188 152953973
152701368 82666194
57652361 57651181
57652361 82666194
57648434 82666194
