741134118 127166661
836613989 127166661
400819224 127166661
4070347 127166661
539960165 127166661
96198692 127166661
836613233 127166661
493132253 127166661
836614436 127166661
212395371 127166661
630258099 127166661
300446279 127166661
630462832 127166661
836613040 127166661
694880965 127166661
836613183 185588666
50793161 127166661
57468828 127166661
836611949 127166661
553303594 127166661
607637855 127166661
36223830 127166661
212536728 127166661
199883552 127166661
155708847 127166661
570913773 127166661
321786791 127166661
44070665 127166661
97834700 127166661
148155883 127166661
185588666 127166661
185588666 836613183
108858056 127166661
392080018 127166661
149119975 127166661
43917844 127166661
130329586 127166661
365280436 127166661
82359317 127166661
605015066 127166661
45446205 127166661
214293649 127166661
836614837 127166661
160277666 127166661
367676604 127166661
135146257 127166661
148004487 127166661
262131929 127166661
299230987 127166661
234684240 127166661
392238363 127166661
51695082 127166661
349777712 127166661
500659122 127166661
370996368 127166661
311718624 127166661
630207993 127166661
41073020 127166661
836614383 127166661
132804963 127166661
220507904 127166661
142585603 127166661
387100463 127166661
836612822 127166661
618140228 127166661
501001627 127166661
739260904 127166661
162775669 127166661
237075078 127166661
155623817 127166661
