836610797 836610794
54254244 248956484
54254244 268102648
57447119 35148508
235376707 248956484
235376707 836610821
235376707 251064933
235376707 54254244
235376707 268102648
37268208 38426209
836610794 836610797
80767699 74725353
15635124 106287406
248956484 268102648
248956484 291597638
248956484 54254244
248956484 285376735
248956484 232355542
248956484 251064933
248956484 836610821
248956484 235376707
106287406 15635124
251064933 268102648
251064933 232355542
251064933 248956484
251064933 235376707
35148508 57447119
228091834 69363856
232355542 268102648
232355542 251064933
232355542 248956484
268102648 54254244
268102648 285376735
268102648 232355542
268102648 836610821
268102648 248956484
38426209 37268208
