134418290 127191967
44748997 129495903
44748997 127191967
43769595 127191967
517947237 127191967
836613071 127191967
836612249 127191967
1587020 127191967
570811697 127191967
129712078 127191967
44187534 127191967
61743095 127191967
81473366 127191967
178462738 127191967
836613873 127191967
32490551 127191967
268752042 127191967
82556892 127191967
44892586 127191967
126628956 127191967
537271154 127191967
91248712 127191967
658560196 127191967
78702340 127191967
121883548 127191967
127191967 32490551
528292466 127191967
648886794 127191967
45025284 127191967
140911673 124990323
35040757 127191967
156361094 127191967
85249640 127191967
44759271 127191967
115174652 127191967
127207987 127191967
151038326 127191967
133540796 127191967
33165474 127191967
38507336 127191967
836614563 127191967
161651768 127191967
81478683 127191967
48514831 127191967
74296709 127191967
199970345 127191967
567737689 127191967
154053735 127191967
51646472 127191967
638431502 127191967
129495903 127191967
836613841 127191967
57613102 127191967
310221767 127191967
129220896 127191967
539207671 127191967
657301693 127191967
127989746 127191967
47213325 127191967
169464376 127191967
