165112120 144558026
2660197 456221919
144540822 225421795
144540822 144533706
144540822 144558026
144540822 6265998
144540822 144538953
62216582 23209780
731690976 1716746
731690976 144558026
168437789 528862190
377447911 528862190
377447911 45506033
377447911 499807975
449395310 552556491
45506033 296634086
45506033 31500738
45506033 741603758
834841112 45506033
144533706 30167274
144533706 144540822
144533706 24301766
144533706 144558026
144533706 62138954
741603758 45506033
528862190 168437789
528862190 377447911
23209780 62216582
144781469 164379995
144558026 30167274
144558026 144540822
144558026 24301766
144558026 731690976
144558026 144533706
144558026 62138954
144558026 165112120
144558026 449831760
499778978 45506033
24301766 30167274
24301766 144558026
24301766 6449232
21258212 30167274
21258212 144538953
263122759 45506033
456221919 2660197
44762443 24301766
44762443 144558026
219772530 45506033
131197625 317467333
15426763 45506033
15426763 552556491
1716746 296634086
1716746 225421795
1716746 731690976
1716746 833397652
1716746 543041435
139208167 45506033
225421795 144540822
225421795 144533706
225421795 1716746
62138954 30167274
62138954 144558026
62138954 144533706
62138954 24301766
691828264 45506033
6857471 45506033
375521873 45506033
307863503 45506033
144538953 144540822
144538953 21258212
296634086 45506033
529358131 45506033
92903555 30167274
363030715 128228284
6449232 24301766
552556491 449395310
552556491 15426763
790044242 1716746
316320393 57471528
421460517 45506033
307617590 45506033
499807975 499819707
499807975 45506033
499807975 377447911
30167274 24301766
30167274 144533706
30167274 144558026
30167274 62138954
30167274 449831760
30167274 21258212
317467333 131197625
49502574 559329919
51800113 45506033
57445671 45506033
151698826 45506033
449831760 30167274
449831760 144558026
128228284 363030715
128228284 667132963
101510017 131197625
164379995 45506033
543041435 132404393
57471528 316320393
559329919 49502574
31500738 45506033
163060999 45506033
667132963 128228284
499819707 499807975
