130952764 130846643
134305316 635187436
145156967 292819319
43763411 635187436
604446598 392304788
134517797 207048547
678241586 136239768
56936268 152621309
56936268 292819319
152621309 119869157
152621309 56936268
130846643 130952764
17442246 836610351
836610351 17442246
331890411 292819319
136239768 678241586
635187436 43763411
635187436 134305316
152839422 119869157
152839422 37821520
152839422 152621309
130533592 292819319
207048547 134517797
7643941 152659092
392304788 604446598
119869157 152621309
834116396 292819319
152659092 7643941
