384010103 451317081
204142372 169754728
204142372 127551307
836613368 127167745
13309980 127167745
370980618 127167745
12231849 127167745
97239428 774470333
102921941 135725536
774470479 130293015
774470479 135600278
637928178 127167745
135600278 774470479
169754728 204142372
169754728 127551307
89580629 127167745
530556682 127167745
54376250 127167745
51945632 127167745
64502655 127167745
836613726 127167745
135250519 127167745
135250519 56015551
91643723 127167745
56015551 135250519
56015551 115215631
56015551 91811586
127551307 169754728
127551307 204142372
223570457 127167745
127696694 127167745
774470333 97239428
16800510 127167745
91811586 127167745
91811586 56015551
298859255 127167745
69834342 127167745
104809457 127167745
560291211 127167745
130293015 774470479
81294403 774470479
49503498 127167745
451317081 384010103
268534280 127167745
444603708 127167745
346915403 127167745
705047419 127167745
300223919 127167745
300223919 212388702
207178353 127167745
220510759 127167745
652972639 127167745
115215631 56015551
133608470 127167745
18316706 127167745
18316706 25514701
220179020 127167745
41306983 127167745
34300625 127167745
135725536 102921941
51634058 127167745
67050706 127167745
