50858204 57644603
50858204 9338155
50858204 50867419
363845755 9338155
581743080 9338155
99951091 17622155
99951091 9338155
99951091 35838433
99951091 50867419
99951091 57644603
99951091 27019571
57608067 18334825
57608067 57644603
57608067 58320483
50628229 9338155
50628229 13139115
134677827 9338155
581936375 107484459
581936375 9338155
57644603 152724979
57644603 107484459
57644603 152915159
57644603 82643205
57644603 216016242
57644603 40234871
57644603 9338155
57644603 50858204
57644603 107495955
57644603 50642497
57644603 99951091
57644603 57608067
107495955 216016242
107495955 9338155
836614673 9338155
685181355 9338155
18334825 57993973
18334825 756613551
18334825 58320483
18334825 57608067
216016242 57644603
216016242 9338155
152724979 57644603
152724979 9338155
582214500 9338155
756613551 18334825
50642497 107484459
50642497 216016242
50642497 9338155
50642497 50867419
50642497 57644603
32885236 107484459
32885236 9338155
581983027 9338155
152712823 9338155
152915159 107484459
152915159 57644603
152915159 9338155
57993973 18334825
152933302 107484459
152933302 210249078
152933302 9338155
152933302 35838433
152933302 40234871
152933302 50867419
174719088 9338155
44759846 152933302
44759846 9338155
581643391 9338155
152620203 9338155
107484459 581936375
107484459 35838433
107484459 152915159
107484459 57644603
107484459 210249078
107484459 174719088
107484459 82643205
107484459 50642497
107484459 152620042
107484459 134677827
107484459 357765748
107484459 152933302
107484459 40234871
107484459 9338155
107484459 539627448
107484459 50867419
107484459 152687538
107484459 32885236
107484459 27019571
152620042 107484459
9338155 35838433
9338155 107484459
9338155 152915159
9338155 152933302
9338155 152712823
9338155 107495955
9338155 27019571
132757136 114393348
83495930 9338155
17622155 99951091
17622155 9338155
13139115 9338155
210249078 35838433
210249078 107484459
210249078 152933302
210249078 9338155
210249078 50867419
82643205 107484459
82643205 57644603
82643205 9338155
82643205 40234871
50867419 107484459
50867419 9338155
50867419 50858204
50867419 35838433
50867419 99951091
50867419 152933302
42080583 9338155
528684022 9338155
580963744 9338155
459306786 9338155
97967717 9338155
81477506 9338155
806310207 9338155
35838433 107484459
35838433 9338155
35838433 99951091
35838433 50867419
35838433 27019571
114393348 132757136
581136011 9338155
152687538 107484459
152687538 9338155
539627448 107484459
539627448 9338155
534114691 9338155
643005557 9338155
54311935 152576054
54311935 9338155
582812055 9338155
40234871 107484459
40234871 57644603
40234871 82643205
40234871 152933302
152572781 216016242
152576054 9338155
357765748 107484459
357765748 9338155
27019571 9338155
27019571 35838433
27019571 99951091
27019571 107484459
58320483 18334825
58320483 57608067
