67857215 59188063
67857215 152912072
67857215 57649103
67857215 69104762
67857215 45542723
67857215 57644350
67857215 82553811
67857215 131568859
67857215 130009431
67857215 57643839
67857215 39430771
67857215 172468654
67857215 57589857
67857215 8505406
67857215 57650050
67857215 152925107
67857215 10121946
67857215 99748790
67857215 58441601
67857215 28431976
67857215 57648520
67857215 21662712
67857215 57649075
67857215 57848927
67857215 82643223
131568859 44759773
131568859 59188063
131568859 152912072
131568859 149772585
131568859 57648428
131568859 57652876
131568859 57649103
131568859 10121946
131568859 152913452
131568859 129047508
131568859 134686025
131568859 69104762
131568859 120646050
131568859 210216198
131568859 210195626
131568859 114746780
131568859 57651517
131568859 45542723
131568859 8505406
131568859 57644644
131568859 57653156
131568859 57646960
131568859 58441601
131568859 311311187
131568859 57644350
131568859 82553811
131568859 67857215
131568859 152934410
131568859 152595719
131568859 57650050
131568859 57652706
131568859 130009431
131568859 57644062
131568859 57643839
131568859 39430771
131568859 172468654
131568859 99748790
131568859 57589857
131568859 28431976
131568859 91671305
131568859 57648520
131568859 57652500
131568859 113445298
131568859 152808835
131568859 57644583
131568859 152821012
131568859 21662712
131568859 37451044
131568859 57644430
131568859 57649075
131568859 57848927
131568859 82643223
210247291 58441601
210247291 114746780
210247291 57651517
57643839 298837427
57643839 59188063
57643839 152577970
57643839 57649484
57643839 152899099
57643839 149772585
57643839 57648428
57643839 57652876
57643839 57649103
57643839 10121946
57643839 152927994
57643839 129047508
57643839 52578624
57643839 69104762
57643839 120646050
57643839 210216198
57643839 152602561
57643839 114746780
57643839 45214473
57643839 139708367
57643839 57651517
57643839 152713259
57643839 45542723
57643839 8505406
57643839 57644644
57643839 57653156
57643839 57646960
57643839 58441601
57643839 57644350
57643839 82553811
57643839 67857215
57643839 152934410
57643839 131568859
57643839 152595719
57643839 57650050
57643839 57652706
57643839 130009431
57643839 57644062
57643839 39430771
57643839 99748790
57643839 57589857
57643839 16324521
57643839 28431976
57643839 91671305
57643839 57648520
57643839 57652500
57643839 113445298
57643839 152622195
57643839 152808835
57643839 57644583
57643839 152481013
57643839 21662712
57643839 37451044
57643839 57644430
57643839 57649075
57643839 57848927
57643839 82643223
120646050 44759773
120646050 59188063
120646050 82553811
120646050 152595719
120646050 57650050
120646050 149772585
120646050 581556621
120646050 57648428
120646050 99748790
120646050 91671305
120646050 8505406
120646050 57653156
120646050 58441601
120646050 57649103
120646050 131568859
120646050 152913452
120646050 152474066
120646050 152927994
120646050 57589857
120646050 69104762
120646050 138675177
120646050 57646960
120646050 67857215
120646050 152934410
120646050 210216198
120646050 152925107
120646050 57643839
120646050 114746780
120646050 57650878
120646050 28431976
120646050 57644644
120646050 57644350
120646050 57651517
120646050 57652706
120646050 57644062
120646050 45542723
120646050 39430771
120646050 172468654
120646050 152904939
120646050 57652500
120646050 113445298
120646050 152622195
120646050 152808835
120646050 57644583
120646050 152821012
120646050 152481013
120646050 21662712
120646050 37451044
120646050 57644430
120646050 57649075
120646050 57848927
120646050 82643223
152601668 58441601
152601668 152934410
152601668 57650050
57649075 57653156
57649075 149772585
57649075 57644350
57649075 58441601
57649075 57643839
57649075 131568859
57649075 57649103
57649075 120646050
57649075 172468654
57649075 67857215
57649075 57648520
57649075 113445298
57649075 57644430
57649075 57650050
57649075 82553811
57649075 99748790
57649075 57644644
57649075 59188063
57649075 57652706
57649075 57648428
57649075 152927994
57649075 21662712
57649075 57646960
57649075 210216198
57649075 152934410
57649075 152808835
57649075 16324521
57649075 39430771
57649075 152821012
57649075 8505406
57649075 152481013
57649075 57653453
57649075 57644062
57649075 69104762
57649075 152925107
57649075 37451044
57649075 581556621
57649075 57589857
57649075 130009431
57649075 57649484
57649075 152595719
57649075 152884816
57649075 57651517
57649075 91671305
57649075 152622195
57649075 57652500
57649075 298837427
57649075 44759773
57649075 28431976
57649075 57652876
57649075 57848927
57649075 82643223
152481013 58441601
152481013 82553811
152481013 57643839
152481013 57646960
152481013 99748790
152481013 57649103
152481013 57648428
152481013 57644644
152481013 59188063
152481013 8505406
152481013 57653156
152481013 152884816
152481013 57589857
152481013 113445298
152481013 152808835
152481013 120646050
152481013 28431976
152481013 57644350
152481013 130009431
152481013 57651517
152481013 114746780
152481013 152595719
152481013 57649484
152481013 210216198
152481013 21662712
152481013 37451044
152481013 57649075
152481013 57848927
152481013 82643223
57644583 58441601
57644583 298837427
57644583 8505406
57644583 57643839
57644583 130009431
57644583 152934410
57644583 99748790
57644583 82553811
57644583 57644350
57644583 152927994
57644583 114746780
57644583 113445298
57644583 57589857
57644583 131568859
57644583 152622195
57644583 57644062
57644583 149772585
57644583 120646050
57644583 57644644
57644583 10121946
57644583 59188063
57644583 57646960
57644583 152884816
57644583 129047508
57644583 57649103
57644583 139708367
57644583 172468654
57644583 57652876
57644583 152595719
57644583 45542723
57644583 152821012
57644583 21662712
57644583 57644430
57644583 57848927
57644583 82643223
10121946 59188063
10121946 82553811
10121946 152595719
10121946 152912072
10121946 152899099
10121946 57652876
10121946 58441601
10121946 131568859
10121946 130009431
10121946 69104762
10121946 138675177
10121946 152934410
10121946 57643839
10121946 210195626
10121946 152602561
10121946 114746780
10121946 45214473
10121946 57644350
10121946 139708367
10121946 57652706
10121946 57644062
10121946 45542723
10121946 172468654
10121946 8505406
10121946 67857215
10121946 99748790
10121946 445451840
10121946 28431976
10121946 57648520
10121946 113445298
10121946 152808835
10121946 57644583
10121946 21662712
10121946 57644430
10121946 57848927
10121946 82643223
8505406 59188063
8505406 152577970
8505406 149772585
8505406 57648428
8505406 57652876
8505406 57649103
8505406 152913452
8505406 152474066
8505406 152927994
8505406 69104762
8505406 120646050
8505406 210216198
8505406 114746780
8505406 57650878
8505406 57651517
8505406 57644644
8505406 57653156
8505406 57646960
8505406 57644350
8505406 82553811
8505406 152934410
8505406 131568859
8505406 152595719
8505406 58288046
8505406 57652706
8505406 130009431
8505406 57643839
8505406 39430771
8505406 172468654
8505406 57589857
8505406 16324521
8505406 67857215
8505406 152925107
8505406 10121946
8505406 99748790
8505406 28431976
8505406 152884816
8505406 57648520
8505406 57652500
8505406 113445298
8505406 152622195
8505406 152808835
8505406 57644583
8505406 152481013
8505406 152702868
8505406 21662712
8505406 37451044
8505406 57644430
8505406 57649075
8505406 57848927
8505406 82643223
82643223 57649484
82643223 57650050
82643223 28431976
82643223 85027032
82643223 10121946
82643223 114746780
82643223 57644350
82643223 152808835
82643223 172468654
82643223 130009431
82643223 39430771
82643223 298837427
82643223 152481013
82643223 149772585
82643223 57644062
82643223 58441601
82643223 57589857
82643223 57848927
82643223 57648520
82643223 99748790
82643223 57644430
82643223 131568859
82643223 57643839
82643223 57653156
82643223 113445298
82643223 57649075
82643223 37451044
82643223 67857215
82643223 57652876
82643223 91671305
82643223 57644644
82643223 57646960
82643223 21662712
82643223 57648428
82643223 8505406
82643223 45542723
82643223 57649103
82643223 210216198
82643223 152934410
82643223 120646050
82643223 57644583
82643223 57650878
82643223 57653453
82643223 82553811
82643223 152622195
82643223 57651517
82643223 152884816
82643223 59188063
82643223 152956212
82643223 44759773
82643223 152577970
82643223 152934451
82643223 152595719
82643223 139708367
82643223 152474066
82643223 57652706
82643223 57652500
57650878 82553811
57650878 149772585
57650878 57648428
57650878 99748790
57650878 8505406
57650878 57653156
57650878 58441601
57650878 57649103
57650878 130009431
57650878 57589857
57650878 120646050
57650878 57646960
57650878 152934410
57650878 45542723
57650878 82643223
57650878 57848927
7123648 16324521
58169895 91671305
58169895 57589857
58169895 57644350
58169895 57848927
311311187 10121946
311311187 58441601
152925107 59188063
152925107 57648428
152925107 57649103
152925107 114746780
152925107 45542723
152925107 58441601
152925107 152934410
152925107 57652706
152925107 57644062
152925107 39430771
152925107 172468654
152925107 57589857
152925107 8505406
152925107 67857215
152925107 99748790
152925107 28431976
152925107 152808835
152925107 57848927
91671305 59188063
91671305 57648428
91671305 57649103
91671305 120646050
91671305 58169895
91671305 114746780
91671305 57644644
91671305 57653156
91671305 57646960
91671305 58441601
91671305 57644350
91671305 82553811
91671305 131568859
91671305 57643839
91671305 39430771
91671305 99748790
91671305 57589857
91671305 28431976
91671305 152884816
91671305 113445298
91671305 152808835
91671305 21662712
91671305 37451044
91671305 57644430
91671305 57649075
91671305 57848927
91671305 82643223
134686025 10121946
52578624 58441601
52578624 57643839
152956212 16324521
152956212 58441601
152956212 57589857
152956212 82643223
152956212 57848927
69104762 59188063
69104762 82553811
69104762 152595719
69104762 99748790
69104762 57652876
69104762 8505406
69104762 57653156
69104762 58441601
69104762 82643223
69104762 57649103
69104762 131568859
69104762 10121946
69104762 57589857
69104762 120646050
69104762 67857215
69104762 210216198
69104762 57643839
69104762 28431976
69104762 57644644
69104762 57644350
69104762 139708367
69104762 57651517
69104762 172468654
69104762 57649075
69104762 57848927
57649103 298837427
57649103 44759773
57649103 59188063
57649103 82553811
57649103 152595719
57649103 57650050
57649103 152912072
57649103 152577970
57649103 57649484
57649103 581556621
57649103 57648428
57649103 99748790
57649103 16324521
57649103 57652876
57649103 91671305
57649103 152934451
57649103 8505406
57649103 57653156
57649103 58441601
57649103 131568859
57649103 130009431
57649103 152913452
57649103 152474066
57649103 152927994
57649103 57589857
57649103 69104762
57649103 120646050
57649103 138675177
57649103 57646960
57649103 67857215
57649103 152934410
57649103 210216198
57649103 152925107
57649103 57643839
57649103 210195626
57649103 114746780
57649103 57650878
57649103 28431976
57649103 57644644
57649103 45214473
57649103 57644350
57649103 139708367
57649103 57651517
57649103 57652706
57649103 57644062
57649103 152713259
57649103 45542723
57649103 39430771
57649103 172468654
57649103 152884816
57649103 57648520
57649103 57652500
57649103 113445298
57649103 152808835
57649103 57644583
57649103 152821012
57649103 152481013
57649103 21662712
57649103 37451044
57649103 57644430
57649103 57649075
57649103 57848927
57649103 82643223
57644430 57653156
57644430 114746780
57644430 58441601
57644430 10121946
57644430 82553811
57644430 131568859
57644430 57650050
57644430 152808835
57644430 57643839
57644430 57644644
57644430 59188063
57644430 37451044
57644430 39430771
57644430 57589857
57644430 99748790
57644430 149772585
57644430 172468654
57644430 57646960
57644430 57644350
57644430 91671305
57644430 28431976
57644430 57649103
57644430 21662712
57644430 57644583
57644430 8505406
57644430 152934410
57644430 45542723
57644430 139708367
57644430 57648428
57644430 210216198
57644430 120646050
57644430 113445298
57644430 57652500
57644430 57651517
57644430 152884816
57644430 152595719
57644430 57649075
57644430 57848927
57644430 82643223
152702868 8505406
152702868 57644062
152702868 298837427
152702868 28431976
152702868 57646960
152702868 130009431
82553811 298837427
82553811 44759773
82553811 59188063
82553811 152912072
82553811 149772585
82553811 57648428
82553811 57652876
82553811 152934451
82553811 57649103
82553811 10121946
82553811 152913452
82553811 152474066
82553811 69104762
82553811 120646050
82553811 138675177
82553811 210216198
82553811 152602561
82553811 114746780
82553811 57650878
82553811 45214473
82553811 139708367
82553811 57651517
82553811 45542723
82553811 152904939
82553811 8505406
82553811 57644644
82553811 57653156
82553811 57646960
82553811 58441601
82553811 57644350
82553811 67857215
82553811 152934410
82553811 131568859
82553811 152595719
82553811 57652706
82553811 130009431
82553811 57644062
82553811 57643839
82553811 39430771
82553811 172468654
82553811 99748790
82553811 57589857
82553811 28431976
82553811 91671305
82553811 152884816
82553811 57648520
82553811 57652500
82553811 113445298
82553811 152622195
82553811 152808835
82553811 57644583
82553811 152481013
82553811 21662712
82553811 37451044
82553811 57644430
82553811 57649075
82553811 57848927
82553811 82643223
99748790 44759773
99748790 59188063
99748790 152912072
99748790 152577970
99748790 57649484
99748790 149772585
99748790 57652876
99748790 57649103
99748790 152474066
99748790 152927994
99748790 129047508
99748790 69104762
99748790 120646050
99748790 138675177
99748790 210216198
99748790 210195626
99748790 114746780
99748790 57650878
99748790 139708367
99748790 57651517
99748790 45542723
99748790 17589681
99748790 152904939
99748790 57644644
99748790 57653156
99748790 57646960
99748790 58441601
99748790 57644350
99748790 82553811
99748790 152934410
99748790 131568859
99748790 152595719
99748790 57652706
99748790 130009431
99748790 57644062
99748790 57643839
99748790 39430771
99748790 172468654
99748790 581556621
99748790 57589857
99748790 16324521
99748790 91671305
99748790 8505406
99748790 67857215
99748790 57650050
99748790 152925107
99748790 10121946
99748790 28431976
99748790 85027032
99748790 152884816
99748790 57648520
99748790 57652500
99748790 113445298
99748790 152622195
99748790 57644583
99748790 152821012
99748790 152481013
99748790 21662712
99748790 37451044
99748790 57644430
99748790 57649075
99748790 57848927
99748790 82643223
39430771 298837427
39430771 59188063
39430771 149772585
39430771 57648428
39430771 57649103
39430771 120646050
39430771 210216198
39430771 114746780
39430771 139708367
39430771 57651517
39430771 152713259
39430771 8505406
39430771 57644644
39430771 57653156
39430771 57646960
39430771 58441601
39430771 57644350
39430771 82553811
39430771 67857215
39430771 152934410
39430771 131568859
39430771 152595719
39430771 57652706
39430771 130009431
39430771 57644062
39430771 152925107
39430771 57643839
39430771 172468654
39430771 99748790
39430771 80419708
39430771 57589857
39430771 28431976
39430771 91671305
39430771 152884816
39430771 57648520
39430771 57652500
39430771 113445298
39430771 152808835
39430771 21662712
39430771 37451044
39430771 57644430
39430771 57649075
39430771 57848927
39430771 82643223
210216198 59188063
210216198 82553811
210216198 152595719
210216198 99748790
210216198 8505406
210216198 57653156
210216198 58441601
210216198 57649103
210216198 131568859
210216198 152474066
210216198 152927994
210216198 57589857
210216198 69104762
210216198 120646050
210216198 57646960
210216198 152934410
210216198 57643839
210216198 114746780
210216198 57644644
210216198 57644350
210216198 57651517
210216198 57652706
210216198 57644062
210216198 39430771
210216198 152904939
210216198 57648520
210216198 113445298
210216198 152808835
210216198 152481013
210216198 21662712
210216198 37451044
210216198 57644430
210216198 57649075
210216198 57848927
210216198 82643223
57649484 99748790
57649484 58441601
57649484 82643223
57649484 57649103
57649484 57646960
57649484 57643839
57649484 28431976
57649484 152808835
57649484 152481013
57649484 37451044
57649484 57649075
152934410 59188063
152934410 149772585
152934410 57648428
152934410 57652876
152934410 57649103
152934410 10121946
152934410 152927994
152934410 120646050
152934410 210216198
152934410 57650878
152934410 57651517
152934410 152713259
152934410 45542723
152934410 8505406
152934410 57644644
152934410 57653156
152934410 57646960
152934410 58441601
152934410 57644350
152934410 82553811
152934410 131568859
152934410 152595719
152934410 152601668
152934410 130009431
152934410 57644062
152934410 152925107
152934410 57643839
152934410 39430771
152934410 172468654
152934410 99748790
152934410 57589857
152934410 16324521
152934410 28431976
152934410 57648520
152934410 113445298
152934410 152622195
152934410 152808835
152934410 57644583
152934410 21662712
152934410 37451044
152934410 57644430
152934410 57649075
152934410 57848927
152934410 82643223
45542723 44759773
45542723 59188063
45542723 82553811
45542723 152595719
45542723 57650050
45542723 99748790
45542723 16324521
45542723 57652876
45542723 58441601
45542723 57649103
45542723 131568859
45542723 10121946
45542723 152913452
45542723 14326527
45542723 152474066
45542723 152927994
45542723 57589857
45542723 120646050
45542723 67857215
45542723 152934410
45542723 58288046
45542723 152925107
45542723 57643839
45542723 152602561
45542723 114746780
45542723 57650878
45542723 28431976
45542723 57644350
45542723 57644062
45542723 152713259
45542723 172468654
45542723 113445298
45542723 152622195
45542723 152808835
45542723 57644583
45542723 152821012
45542723 152578648
45542723 37451044
45542723 57644430
45542723 57848927
45542723 82643223
21662712 65304088
21662712 10121946
21662712 57644350
21662712 67857215
21662712 99748790
21662712 57653156
21662712 114746780
21662712 58441601
21662712 57643839
21662712 57644062
21662712 57589857
21662712 113445298
21662712 82553811
21662712 57650050
21662712 57644583
21662712 59188063
21662712 149772585
21662712 57644644
21662712 210216198
21662712 57652876
21662712 91671305
21662712 39430771
21662712 131568859
21662712 152808835
21662712 152934410
21662712 120646050
21662712 172468654
21662712 57649103
21662712 298837427
21662712 152884816
21662712 57646960
21662712 8505406
21662712 28431976
21662712 57652706
21662712 57651517
21662712 57652500
21662712 152595719
21662712 152481013
21662712 57648428
21662712 152474066
21662712 37451044
21662712 57644430
21662712 57649075
21662712 57848927
21662712 82643223
445451840 10121946
130009431 59188063
130009431 149772585
130009431 57649103
130009431 10121946
130009431 152913452
130009431 152474066
130009431 152602561
130009431 114746780
130009431 57650878
130009431 45214473
130009431 8505406
130009431 57653156
130009431 58441601
130009431 57644350
130009431 82553811
130009431 67857215
130009431 152934410
130009431 131568859
130009431 57650050
130009431 57644062
130009431 57643839
130009431 39430771
130009431 172468654
130009431 99748790
130009431 28431976
130009431 57648520
130009431 152808835
130009431 57644583
130009431 152481013
130009431 152702868
130009431 37451044
130009431 57649075
130009431 57848927
130009431 82643223
129047508 59188063
129047508 57648428
129047508 99748790
129047508 57653156
129047508 58441601
129047508 82643223
129047508 131568859
129047508 152927994
129047508 57646960
129047508 57643839
129047508 114746780
129047508 57644644
129047508 57644350
129047508 113445298
129047508 57644583
152578648 45542723
152578648 10121946
152713259 57648428
152713259 58441601
152713259 57649103
152713259 57646960
152713259 152934410
152713259 57643839
152713259 28431976
152713259 57644644
152713259 45542723
152713259 39430771
152713259 57652500
152713259 152808835
152713259 37451044
152713259 57649075
152713259 82643223
152713259 57848927
57653453 57648428
57653453 57653156
57653453 58441601
57653453 57589857
57653453 10121946
57653453 57649075
57653453 82643223
57653453 57848927
298837427 82553811
298837427 58441601
298837427 57649103
298837427 57646960
298837427 57643839
298837427 57644350
298837427 39430771
298837427 57648520
298837427 57644583
298837427 152821012
298837427 37451044
298837427 57649075
298837427 57848927
298837427 82643223
113445298 10121946
113445298 39430771
113445298 57648520
113445298 57644350
113445298 16324521
113445298 131568859
113445298 57648428
113445298 57643839
113445298 152934410
113445298 58441601
113445298 138675177
113445298 8505406
113445298 114746780
113445298 57653156
113445298 57644062
113445298 57644644
113445298 57589857
113445298 99748790
113445298 82553811
113445298 59188063
113445298 57646960
113445298 120646050
113445298 210216198
113445298 57649103
113445298 57652876
113445298 152927994
113445298 91671305
113445298 172468654
113445298 67857215
113445298 129047508
113445298 57651517
113445298 57652500
113445298 152595719
113445298 28431976
113445298 45542723
113445298 152622195
113445298 152808835
113445298 57644583
113445298 152481013
113445298 21662712
113445298 37451044
113445298 57644430
113445298 57649075
113445298 57848927
113445298 82643223
57648520 114746780
57648520 10121946
57648520 82553811
57648520 139708367
57648520 57644350
57648520 67857215
57648520 39430771
57648520 298837427
57648520 152602561
57648520 8505406
57648520 99748790
57648520 57589857
57648520 130009431
57648520 210216198
57648520 58441601
57648520 57643839
57648520 57644062
57648520 59188063
57648520 152934410
57648520 131568859
57648520 149772585
57648520 172468654
57648520 57644644
57648520 57648428
57648520 57646960
57648520 57649103
57648520 113445298
57648520 152808835
57648520 37451044
57648520 57649075
57648520 57848927
57648520 82643223
172468654 59188063
172468654 152912072
172468654 57648428
172468654 57652876
172468654 57649103
172468654 10121946
172468654 152474066
172468654 69104762
172468654 120646050
172468654 114746780
172468654 57651517
172468654 45542723
172468654 8505406
172468654 57644644
172468654 57646960
172468654 58441601
172468654 57644350
172468654 82553811
172468654 67857215
172468654 152934410
172468654 131568859
172468654 152595719
172468654 57652706
172468654 130009431
172468654 57644062
172468654 152925107
172468654 57643839
172468654 39430771
172468654 99748790
172468654 57589857
172468654 28431976
172468654 152884816
172468654 57648520
172468654 113445298
172468654 152622195
172468654 152808835
172468654 57644583
172468654 21662712
172468654 57644430
172468654 57649075
172468654 57848927
172468654 82643223
57646960 298837427
57646960 44759773
57646960 59188063
57646960 152577970
57646960 149772585
57646960 57648428
57646960 57649103
57646960 152927994
57646960 129047508
57646960 120646050
57646960 210216198
57646960 114746780
57646960 57650878
57646960 139708367
57646960 57651517
57646960 152713259
57646960 8505406
57646960 57644644
57646960 57653156
57646960 58441601
57646960 57644350
57646960 82553811
57646960 152934410
57646960 131568859
57646960 152595719
57646960 57650050
57646960 57652706
57646960 57644062
57646960 57643839
57646960 39430771
57646960 172468654
57646960 99748790
57646960 57653453
57646960 80419708
57646960 57589857
57646960 28431976
57646960 91671305
57646960 152884816
57646960 57648520
57646960 57652500
57646960 113445298
57646960 152808835
57646960 57644583
57646960 152821012
57646960 152481013
57646960 152702868
57646960 21662712
57646960 37451044
57646960 57644430
57646960 57649075
57646960 57848927
57646960 82643223
152904939 59188063
152904939 82553811
152904939 152912072
152904939 99748790
152904939 58441601
152904939 210216198
152904939 114746780
152904939 57644350
152904939 152808835
152904939 57848927
57644062 59188063
57644062 149772585
57644062 57648428
57644062 57649103
57644062 10121946
57644062 120646050
57644062 210216198
57644062 114746780
57644062 45542723
57644062 57644644
57644062 57653156
57644062 57646960
57644062 58441601
57644062 57644350
57644062 82553811
57644062 67857215
57644062 152934410
57644062 131568859
57644062 57650050
57644062 130009431
57644062 152925107
57644062 57643839
57644062 39430771
57644062 172468654
57644062 99748790
57644062 57589857
57644062 28431976
57644062 57648520
57644062 113445298
57644062 152808835
57644062 57644583
57644062 152702868
57644062 21662712
57644062 37451044
57644062 57649075
57644062 57848927
57644062 82643223
57589857 59188063
57589857 152899099
57589857 149772585
57589857 57648428
57589857 152956212
57589857 57649103
57589857 10121946
57589857 152913452
57589857 152474066
57589857 152927994
57589857 69104762
57589857 120646050
57589857 210216198
57589857 58169895
57589857 114746780
57589857 57650878
57589857 139708367
57589857 45542723
57589857 152904939
57589857 8505406
57589857 57644644
57589857 57653156
57589857 57646960
57589857 58441601
57589857 57644350
57589857 82553811
57589857 67857215
57589857 152934410
57589857 131568859
57589857 152595719
57589857 57650050
57589857 57652706
57589857 130009431
57589857 57644062
57589857 152925107
57589857 57643839
57589857 39430771
57589857 172468654
57589857 99748790
57589857 57653453
57589857 28431976
57589857 91671305
57589857 152884816
57589857 57648520
57589857 113445298
57589857 152622195
57589857 152808835
57589857 57644583
57589857 152821012
57589857 152481013
57589857 21662712
57589857 37451044
57589857 57644430
57589857 57649075
57589857 57848927
57589857 82643223
152884816 57589857
152884816 57644644
152884816 82553811
152884816 57644350
152884816 58441601
152884816 99748790
152884816 114746780
152884816 57649103
152884816 57650050
152884816 8505406
152884816 57648428
152884816 57646960
152884816 57653156
152884816 152595719
152884816 172468654
152884816 152577970
152884816 59188063
152884816 152904939
152884816 57652876
152884816 39430771
152884816 581556621
152884816 57652500
152884816 7123648
152884816 152808835
152884816 57644583
152884816 152821012
152884816 152481013
152884816 21662712
152884816 57644430
152884816 57649075
152884816 57848927
152884816 82643223
65304088 152821012
65304088 21662712
44759773 59188063
44759773 82553811
44759773 99748790
44759773 58441601
44759773 57649103
44759773 131568859
44759773 57589857
44759773 120646050
44759773 57646960
44759773 57644644
44759773 57651517
44759773 45542723
44759773 57652500
44759773 57649075
44759773 82643223
44759773 57848927
114746780 59188063
114746780 82553811
114746780 152595719
114746780 152577970
114746780 149772585
114746780 581556621
114746780 99748790
114746780 91671305
114746780 8505406
114746780 57653156
114746780 58441601
114746780 57649103
114746780 131568859
114746780 130009431
114746780 10121946
114746780 129047508
114746780 57589857
114746780 120646050
114746780 57646960
114746780 210216198
114746780 152925107
114746780 57643839
114746780 28431976
114746780 57644644
114746780 210247291
114746780 45214473
114746780 57644350
114746780 139708367
114746780 57651517
114746780 57652706
114746780 57644062
114746780 45542723
114746780 39430771
114746780 172468654
114746780 152904939
114746780 152884816
114746780 57648520
114746780 113445298
114746780 152622195
114746780 57644583
114746780 152481013
114746780 21662712
114746780 37451044
114746780 57644430
114746780 57649075
114746780 57848927
114746780 82643223
57644644 44759773
57644644 59188063
57644644 152577970
57644644 149772585
57644644 57648428
57644644 57649103
57644644 152913452
57644644 152474066
57644644 129047508
57644644 69104762
57644644 120646050
57644644 210216198
57644644 114746780
57644644 57651517
57644644 152713259
57644644 8505406
57644644 57653156
57644644 57646960
57644644 57644350
57644644 82553811
57644644 152934410
57644644 131568859
57644644 57650050
57644644 58288046
57644644 57652706
57644644 57644062
57644644 57643839
57644644 39430771
57644644 172468654
57644644 99748790
57644644 80419708
57644644 57589857
57644644 91671305
57644644 152595719
57644644 58441601
57644644 28431976
57644644 152884816
57644644 57648520
57644644 57652500
57644644 113445298
57644644 152808835
57644644 57644583
57644644 152481013
57644644 21662712
57644644 37451044
57644644 57644430
57644644 57649075
57644644 57848927
57644644 82643223
17589681 99748790
581556621 120646050
581556621 99748790
581556621 57848927
581556621 57649075
58288046 149772585
58288046 45542723
58288046 8505406
58288046 57644644
58288046 58441601
58288046 152934410
58288046 152808835
58288046 37451044
57652500 57646960
57652500 57643839
57652500 57649103
57652500 152577970
57652500 28431976
57652500 82553811
57652500 57651517
57652500 57589857
57652500 58441601
57652500 57648428
57652500 57644350
57652500 44759773
57652500 152713259
57652500 152884816
57652500 59188063
57652500 57652706
57652500 39430771
57652500 57644644
57652500 131568859
57652500 120646050
57652500 149772585
57652500 99748790
57652500 57652876
57652500 152595719
57652500 57653156
57652500 8505406
57652500 113445298
57652500 152808835
57652500 152821012
57652500 21662712
57652500 37451044
57652500 57644430
57652500 57649075
57652500 57848927
57652500 82643223
57653156 59188063
57653156 152577970
57653156 152899099
57653156 149772585
57653156 57648428
57653156 57652876
57653156 57649103
57653156 152913452
57653156 152474066
57653156 129047508
57653156 69104762
57653156 120646050
57653156 138675177
57653156 210216198
57653156 114746780
57653156 57650878
57653156 139708367
57653156 57651517
57653156 152904939
57653156 8505406
57653156 57644644
57653156 57646960
57653156 58441601
57653156 57644350
57653156 82553811
57653156 67857215
57653156 152934410
57653156 131568859
57653156 152595719
57653156 57650050
57653156 130009431
57653156 57644062
57653156 152925107
57653156 57643839
57653156 39430771
57653156 99748790
57653156 57653453
57653156 57589857
57653156 28431976
57653156 91671305
57653156 152884816
57653156 57652500
57653156 113445298
57653156 152808835
57653156 152481013
57653156 21662712
57653156 37451044
57653156 57644430
57653156 57649075
57653156 57848927
57653156 82643223
57652706 59188063
57652706 57648428
57652706 57649103
57652706 10121946
57652706 120646050
57652706 210216198
57652706 114746780
57652706 57651517
57652706 8505406
57652706 57644644
57652706 57646960
57652706 58441601
57652706 57644350
57652706 82553811
57652706 131568859
57652706 152925107
57652706 57643839
57652706 39430771
57652706 172468654
57652706 99748790
57652706 57589857
57652706 28431976
57652706 57652500
57652706 21662712
57652706 57649075
57652706 57848927
57652706 82643223
152577970 99748790
152577970 8505406
152577970 57653156
152577970 57649103
152577970 120646050
152577970 57646960
152577970 57643839
152577970 114746780
152577970 57644644
152577970 57644350
152577970 57651517
152577970 152884816
152577970 57652500
152577970 152808835
152577970 57649075
152577970 82643223
152577970 57848927
152602561 82553811
152602561 16324521
152602561 58441601
152602561 130009431
152602561 10121946
152602561 57643839
152602561 45542723
152602561 57648520
152602561 57848927
152927994 99748790
152927994 8505406
152927994 58441601
152927994 57649103
152927994 129047508
152927994 57589857
152927994 120646050
152927994 57646960
152927994 67857215
152927994 152934410
152927994 210216198
152927994 57643839
152927994 57644644
152927994 57644350
152927994 57651517
152927994 45542723
152927994 113445298
152927994 57644583
152927994 57649075
152927994 57848927
28431976 59188063
28431976 57649484
28431976 149772585
28431976 57648428
28431976 57652876
28431976 152934451
28431976 57649103
28431976 14326527
28431976 69104762
28431976 120646050
28431976 138675177
28431976 210195626
28431976 114746780
28431976 139708367
28431976 57651517
28431976 152713259
28431976 45542723
28431976 57653156
28431976 57646960
28431976 57644350
28431976 82553811
28431976 152934410
28431976 131568859
28431976 57652706
28431976 130009431
28431976 57644062
28431976 57643839
28431976 39430771
28431976 172468654
28431976 57589857
28431976 91671305
28431976 8505406
28431976 57650050
28431976 152925107
28431976 10121946
28431976 99748790
28431976 67857215
28431976 152595719
28431976 57644644
28431976 58441601
28431976 57648520
28431976 57652500
28431976 113445298
28431976 152808835
28431976 152821012
28431976 152481013
28431976 152702868
28431976 21662712
28431976 37451044
28431976 57644430
28431976 57649075
28431976 57848927
28431976 82643223
139708367 82553811
139708367 57650050
139708367 99748790
139708367 57653156
139708367 58441601
139708367 57649103
139708367 10121946
139708367 57589857
139708367 69104762
139708367 57646960
139708367 67857215
139708367 57643839
139708367 114746780
139708367 28431976
139708367 57644644
139708367 45214473
139708367 57644350
139708367 39430771
139708367 152904939
139708367 57648520
139708367 113445298
139708367 57644583
139708367 21662712
139708367 37451044
139708367 57644430
139708367 57848927
139708367 82643223
152622195 57589857
152622195 113445298
152622195 152934410
152622195 57652876
152622195 82553811
152622195 152595719
152622195 58441601
152622195 172468654
152622195 120646050
152622195 8505406
152622195 99748790
152622195 114746780
152622195 57643839
152622195 10121946
152622195 45542723
152622195 57644583
152622195 37451044
152622195 57649075
152622195 82643223
152622195 57848927
152913452 82553811
152913452 57650050
152913452 149772585
152913452 8505406
152913452 57653156
152913452 58441601
152913452 57649103
152913452 131568859
152913452 130009431
152913452 57589857
152913452 57644644
152913452 45542723
152913452 57848927
57652876 82553811
57652876 152595719
57652876 99748790
57652876 8505406
57652876 57653156
57652876 58441601
57652876 57649103
57652876 131568859
57652876 10121946
57652876 152913452
57652876 152474066
57652876 69104762
57652876 152934410
57652876 57643839
57652876 28431976
57652876 57644350
57652876 45542723
57652876 172468654
57652876 152884816
57652876 57652500
57652876 113445298
57652876 152622195
57652876 152808835
57652876 57644583
57652876 21662712
57652876 57649075
57652876 57848927
57652876 82643223
85027032 99748790
85027032 57651517
85027032 58441601
85027032 82643223
16324521 59188063
16324521 57648428
16324521 152956212
16324521 57649103
16324521 152602561
16324521 57651517
16324521 45542723
16324521 8505406
16324521 57644644
16324521 58441601
16324521 152934410
16324521 57643839
16324521 99748790
16324521 113445298
16324521 7123648
16324521 152821012
16324521 57649075
16324521 57848927
152595719 59188063
152595719 57648428
152595719 57652876
152595719 57649103
152595719 10121946
152595719 152927994
152595719 69104762
152595719 120646050
152595719 210216198
152595719 114746780
152595719 45542723
152595719 8505406
152595719 57653156
152595719 57646960
152595719 57644350
152595719 82553811
152595719 152934410
152595719 131568859
152595719 57643839
152595719 39430771
152595719 172468654
152595719 581556621
152595719 99748790
152595719 57589857
152595719 57644644
152595719 58441601
152595719 28431976
152595719 152884816
152595719 57652500
152595719 113445298
152595719 152622195
152595719 57644583
152595719 152481013
152595719 21662712
152595719 37451044
152595719 57644430
152595719 57649075
152595719 57848927
152595719 82643223
152821012 10121946
152821012 58441601
152821012 131568859
152821012 120646050
152821012 57644350
152821012 149772585
152821012 99748790
152821012 65304088
152821012 57649103
152821012 28431976
152821012 59188063
152821012 57652500
152821012 298837427
152821012 16324521
152821012 45542723
152821012 57589857
152821012 57646960
152821012 57848927
210195626 57650050
210195626 99748790
210195626 57649103
210195626 131568859
210195626 10121946
210195626 28431976
210195626 57848927
37451044 57648520
37451044 39430771
37451044 57643839
37451044 57644350
37451044 28431976
37451044 152934451
37451044 45214473
37451044 152481013
37451044 152912072
37451044 114746780
37451044 298837427
37451044 99748790
37451044 58441601
37451044 152934410
37451044 57653156
37451044 152808835
37451044 82553811
37451044 130009431
37451044 210216198
37451044 131568859
37451044 59188063
37451044 57644062
37451044 91671305
37451044 113445298
37451044 67857215
37451044 57650050
37451044 57644644
37451044 149772585
37451044 21662712
37451044 45542723
37451044 57646960
37451044 57649103
37451044 58288046
37451044 57648428
37451044 57651517
37451044 152622195
37451044 57589857
37451044 120646050
37451044 57652500
37451044 152595719
37451044 57649484
37451044 57644430
37451044 57649075
37451044 57848927
37451044 82643223
57650050 57648428
57650050 57649103
57650050 120646050
57650050 45542723
57650050 57644644
57650050 57653156
57650050 57646960
57650050 58441601
57650050 57644350
57650050 152601668
57650050 130009431
57650050 57644062
57650050 57643839
57650050 57589857
57650050 67857215
57650050 10121946
57650050 99748790
57650050 28431976
57650050 152808835
57650050 21662712
57650050 37451044
57650050 57644430
57650050 57649075
57650050 57848927
57650050 82643223
57648428 59188063
57648428 82553811
57648428 149772585
57648428 57653453
57648428 16324521
57648428 91671305
57648428 152934451
57648428 8505406
57648428 57653156
57648428 58441601
57648428 57649103
57648428 131568859
57648428 129047508
57648428 57589857
57648428 120646050
57648428 57646960
57648428 152934410
57648428 57643839
57648428 57650878
57648428 28431976
57648428 57644644
57648428 57644350
57648428 57651517
57648428 57652706
57648428 57644062
57648428 39430771
57648428 172468654
57648428 152884816
57648428 57648520
57648428 57652500
57648428 113445298
57648428 152808835
57648428 152481013
57648428 21662712
57648428 37451044
57648428 57644430
57648428 57649075
57648428 57848927
57648428 82643223
59188063 298837427
59188063 44759773
59188063 82553811
59188063 152595719
59188063 57650050
59188063 149772585
59188063 581556621
59188063 57648428
59188063 99748790
59188063 16324521
59188063 91671305
59188063 8505406
59188063 57653156
59188063 58441601
59188063 57649103
59188063 131568859
59188063 130009431
59188063 10121946
59188063 152474066
59188063 129047508
59188063 57589857
59188063 69104762
59188063 120646050
59188063 57646960
59188063 67857215
59188063 152934410
59188063 210216198
59188063 152925107
59188063 57643839
59188063 114746780
59188063 28431976
59188063 57644644
59188063 57644350
59188063 57651517
59188063 57652706
59188063 57644062
59188063 45542723
59188063 39430771
59188063 172468654
59188063 152904939
59188063 152884816
59188063 57648520
59188063 57652500
59188063 113445298
59188063 152808835
59188063 57644583
59188063 152821012
59188063 152481013
59188063 21662712
59188063 37451044
59188063 57644430
59188063 57649075
59188063 57848927
59188063 82643223
80419708 57644644
80419708 57646960
80419708 58441601
58441601 298837427
58441601 59188063
58441601 149772585
58441601 57648428
58441601 152956212
58441601 57652876
58441601 152934451
58441601 57649103
58441601 10121946
58441601 152913452
58441601 14326527
58441601 152474066
58441601 152927994
58441601 129047508
58441601 52578624
58441601 69104762
58441601 120646050
58441601 138675177
58441601 210216198
58441601 152602561
58441601 114746780
58441601 57650878
58441601 45214473
58441601 57651517
58441601 152713259
58441601 45542723
58441601 152904939
58441601 8505406
58441601 57653156
58441601 57646960
58441601 311311187
58441601 57644350
58441601 82553811
58441601 152934410
58441601 131568859
58441601 57650050
58441601 152601668
58441601 57652706
58441601 130009431
58441601 57644062
58441601 152925107
58441601 57643839
58441601 39430771
58441601 172468654
58441601 99748790
58441601 57653453
58441601 80419708
58441601 57589857
58441601 16324521
58441601 91671305
58441601 67857215
58441601 152595719
58441601 57644644
58441601 28431976
58441601 85027032
58441601 152884816
58441601 57648520
58441601 57652500
58441601 113445298
58441601 152622195
58441601 152808835
58441601 57644583
58441601 152821012
58441601 152481013
58441601 21662712
58441601 37451044
58441601 57644430
58441601 57649075
58441601 57848927
58441601 82643223
138675177 82553811
138675177 99748790
138675177 57653156
138675177 58441601
138675177 57649103
138675177 10121946
138675177 120646050
138675177 67857215
138675177 28431976
138675177 57848927
152899099 57653156
152899099 10121946
152899099 57589857
152899099 57643839
152899099 152821012
152899099 57848927
57644350 298837427
57644350 59188063
57644350 152577970
57644350 149772585
57644350 57648428
57644350 57652876
57644350 57649103
57644350 10121946
57644350 152927994
57644350 129047508
57644350 69104762
57644350 120646050
57644350 210216198
57644350 58169895
57644350 114746780
57644350 139708367
57644350 45542723
57644350 152904939
57644350 8505406
57644350 57644644
57644350 57653156
57644350 57646960
57644350 58441601
57644350 82553811
57644350 67857215
57644350 152934410
57644350 131568859
57644350 152595719
57644350 57650050
57644350 57652706
57644350 130009431
57644350 57644062
57644350 57643839
57644350 39430771
57644350 172468654
57644350 99748790
57644350 57589857
57644350 28431976
57644350 91671305
57644350 152884816
57644350 57648520
57644350 57652500
57644350 113445298
57644350 152808835
57644350 57644583
57644350 152821012
57644350 152481013
57644350 21662712
57644350 37451044
57644350 57644430
57644350 57649075
57644350 57848927
57644350 82643223
152934451 82553811
152934451 57648428
152934451 58441601
152934451 57649103
152934451 10121946
152934451 67857215
152934451 28431976
152934451 57644644
152934451 82643223
152934451 57649075
152912072 82553811
152912072 99748790
152912072 57649103
152912072 10121946
152912072 67857215
152912072 172468654
152912072 152904939
152912072 37451044
152912072 57848927
57651517 59188063
57651517 82553811
57651517 152577970
57651517 149772585
57651517 57648428
57651517 99748790
57651517 16324521
57651517 8505406
57651517 57653156
57651517 58441601
57651517 57649103
57651517 131568859
57651517 152927994
57651517 52578624
57651517 120646050
57651517 57646960
57651517 152934410
57651517 57643839
57651517 114746780
57651517 28431976
57651517 57644644
57651517 210247291
57651517 57652706
57651517 39430771
57651517 172468654
57651517 85027032
57651517 57652500
57651517 113445298
57651517 152808835
57651517 152481013
57651517 21662712
57651517 37451044
57651517 57644430
57651517 57649075
57651517 57848927
57651517 82643223
14326527 58441601
14326527 45542723
57848927 99748790
57848927 57644350
57848927 91671305
57848927 113445298
57848927 39430771
57848927 152808835
57848927 57648520
57848927 37451044
57848927 130009431
57848927 114746780
57848927 57643839
57848927 8505406
57848927 21662712
57848927 152912072
57848927 82553811
57848927 45214473
57848927 28431976
57848927 298837427
57848927 131568859
57848927 57653156
57848927 152481013
57848927 58441601
57848927 152956212
57848927 152934410
57848927 152904939
57848927 57644430
57848927 69104762
57848927 57652706
57848927 59188063
57848927 57644062
57848927 152913452
57848927 57644644
57848927 152602561
57848927 57589857
57848927 67857215
57848927 172468654
57848927 138675177
57848927 57644583
57848927 152884816
57848927 45542723
57848927 57649075
57848927 210216198
57848927 152821012
57848927 57646960
57848927 149772585
57848927 57652876
57848927 152925107
57848927 57650050
57848927 139708367
57848927 57649103
57848927 120646050
57848927 10121946
57848927 57648428
57848927 210195626
57848927 58169895
57848927 57653453
57848927 581556621
57848927 152899099
57848927 152927994
57848927 152622195
57848927 44759773
57848927 152474066
57848927 57650878
57848927 152595719
57848927 152577970
57848927 57651517
57848927 152713259
57848927 57652500
57848927 16324521
57848927 82643223
152808835 57643839
152808835 82553811
152808835 57589857
152808835 39430771
152808835 67857215
152808835 149772585
152808835 91671305
152808835 57653156
152808835 8505406
152808835 152934410
152808835 10121946
152808835 28431976
152808835 57644350
152808835 130009431
152808835 57644644
152808835 57646960
152808835 131568859
152808835 57648520
152808835 210216198
152808835 45542723
152808835 120646050
152808835 59188063
152808835 152884816
152808835 172468654
152808835 57648428
152808835 57649103
152808835 57649484
152808835 58441601
152808835 57652500
152808835 152904939
152808835 57651517
152808835 113445298
152808835 152481013
152808835 21662712
152808835 37451044
152808835 57644430
152808835 57649075
152808835 57848927
152808835 82643223
149772585 59188063
149772585 82553811
149772585 57648428
149772585 99748790
149772585 8505406
149772585 57653156
149772585 58441601
149772585 131568859
149772585 130009431
149772585 152913452
149772585 57589857
149772585 120646050
149772585 57646960
149772585 152934410
149772585 57643839
149772585 114746780
149772585 57650878
149772585 28431976
149772585 57644644
149772585 57644350
149772585 57651517
149772585 57644062
149772585 39430771
149772585 57648520
149772585 113445298
149772585 152808835
149772585 57644583
149772585 152821012
149772585 21662712
149772585 37451044
149772585 57644430
149772585 57649075
149772585 57848927
149772585 82643223
152474066 59188063
152474066 82553811
152474066 99748790
152474066 57652876
152474066 8505406
152474066 57653156
152474066 58441601
152474066 57649103
152474066 130009431
152474066 57589857
152474066 120646050
152474066 152934410
152474066 210216198
152474066 57644644
152474066 45542723
152474066 172468654
152474066 152808835
152474066 21662712
152474066 82643223
152474066 57848927
45214473 82553811
45214473 58441601
45214473 57649103
45214473 130009431
45214473 10121946
45214473 57643839
45214473 114746780
45214473 139708367
45214473 37451044
45214473 57848927
