49271082 125601475
49271082 80912046
49277635 552496498
49277635 125601475
154813556 125601475
13002782 125601475
13002782 80912046
169911544 125601475
49019001 61171607
79407654 125601475
45013700 125601475
607467673 125601475
20949376 125601475
130553620 761845968
57608820 83126251
55059595 125601475
129620830 134165856
125601475 13002782
125601475 80912046
138861301 125601475
299241058 125601475
154831721 552496498
45011431 125601475
60280708 125601475
44758872 125601475
77578794 4985421
35550445 125601475
22085198 125601475
363771395 125601475
219767259 125601475
58029210 4985421
58029210 125601475
80912046 125601475
80912046 13002782
200998934 125601475
49297862 80912046
49297862 125601475
49297862 13002782
83126251 45011431
83126251 134165856
83126251 57608820
83126251 18087151
83126251 125601475
83126251 363771395
654553214 129620830
32772639 37059514
134165856 129620830
761845968 130553620
27803836 20949376
9599341 5379164
33107129 125601475
37059514 32772639
52120007 125601475
5379164 125601475
41115220 125601475
52578178 125601475
4985421 125601475
47007550 125601475
129885294 125601475
