152928290 65385180
152928290 57854338
152815238 57854338
152815238 23616220
833656943 57854338
7034804 152941734
7034804 152882941
7034804 57854338
7034804 155841291
7034804 99924546
7034804 93826244
152722225 152955764
39528675 50749813
39528675 57605473
39528675 152882941
39528675 57854338
39528675 23616220
152567513 57854338
152567513 23616220
152785290 57854338
152785290 10219891
57643272 57589951
57643272 152882941
57643272 57854338
57643272 10219891
152785351 57854338
34659046 57854338
34659046 23616220
812463358 57854338
57652704 57854338
65385180 57854338
65385180 152928290
65385180 23616220
152955764 152882941
152955764 57854338
152955764 152596686
152955764 152726187
152955764 152914271
152955764 23616220
152712823 57854338
152712823 23616220
50749813 39528675
50749813 57854338
152501425 57646818
152501425 57854338
28144452 57854338
99924546 57854338
99924546 23616220
142923863 57854338
142923863 65459589
142923863 23616220
152937259 57854338
235514529 57854338
152596686 130311436
152596686 57854338
152596686 152941537
152596686 152955764
152596686 23616220
58112040 57854338
58112040 152572981
152818856 57854338
152941537 57854338
152941537 152596686
581134202 57854338
581134202 23616220
57646818 57854338
57646818 65459589
57646818 23616220
155841291 7034804
155841291 57854338
155841291 73759826
93075929 57854338
93075929 65459589
57605473 39528675
57605473 57854338
23616220 152815238
23616220 152572981
23616220 152818856
23616220 152712823
23616220 152882941
23616220 39528675
23616220 128501255
23616220 152941734
23616220 130311436
23616220 93826244
23616220 65385180
23616220 57854338
23616220 57589951
23616220 142923863
23616220 34659046
23616220 152955764
23616220 152596686
23616220 152567513
23616220 581134202
23616220 57646818
23616220 570706902
570706902 57854338
570706902 23616220
62237997 65459589
103060159 57854338
103060159 23616220
152726187 152955764
155855043 57854338
155855043 57589951
73759826 57854338
73759826 155841291
58149992 57854338
152914271 65459589
152914271 152955764
152914271 57854338
548512201 57854338
130311436 57854338
130311436 152596686
130311436 23616220
518744245 57854338
582191437 57854338
57854338 128501255
57854338 582191437
57854338 581134202
57854338 103060159
57854338 152631327
57854338 152941734
57854338 152567513
57854338 57589951
57854338 57646818
57854338 235514529
57854338 152937259
57854338 50749813
57854338 65385180
57854338 34659046
57854338 130311436
57854338 152818856
57854338 833656943
57854338 152785351
57854338 57605473
57854338 152815238
57854338 39528675
57854338 7034804
57854338 58149992
57854338 152882941
57854338 152501425
57854338 155841291
57854338 152928290
57854338 57643272
57854338 582381522
57854338 155855043
57854338 65459589
57854338 47379046
57854338 142923863
57854338 152596686
57854338 152955764
57854338 57652704
57854338 99924546
57854338 298833207
57854338 93075929
57854338 10219891
57854338 73759826
57854338 58112040
57854338 93826244
57854338 152914271
57854338 23616220
57854338 518744245
152631327 57854338
152564552 23616220
298833207 57854338
152572981 23616220
65459589 57854338
65459589 10219891
65459589 142923863
65459589 93826244
368247336 57854338
10219891 57589951
10219891 57854338
10219891 57643272
10219891 65459589
93826244 57643272
93826244 57854338
93826244 65459589
93826244 7034804
93826244 23616220
152941734 57854338
57589951 152941734
57589951 57854338
57589951 57643272
57589951 10219891
57589951 155855043
57589951 23616220
47379046 57854338
47379046 23616220
152882941 39528675
152882941 7034804
152882941 57854338
152882941 152955764
152882941 23616220
128501255 57854338
128501255 23616220
