49823696 11498961
49823696 89857847
834633187 11498961
834633187 58308467
301539230 58300710
301539230 58150993
301539230 11498961
301539230 89857847
301539230 131215143
301539230 58183680
301539230 57647265
301539230 52577427
301539230 23266623
308333708 57769310
308333708 11498961
308333708 23266623
102820063 4107249
58295275 11498961
20790307 89857847
20790307 131215143
57647265 262987957
57647265 58053017
57647265 131215143
57647265 4685841
57647265 23266623
57647265 11498961
57647265 89857847
57647265 52577427
57647265 57769310
57647265 128527266
57647265 52578077
57647265 58308467
57647265 52582471
57647265 56939802
57647265 58150993
57647265 51662667
57647265 254994104
57647265 299146782
57647265 301539230
57647265 634160255
57647265 52579526
57647265 58406133
57647265 833390303
57647265 58288161
57647265 528401733
57647265 785144352
58417088 23266623
58417088 128527266
58417088 205066456
58417088 298834603
58417088 11498961
325050180 52578077
325050180 11498961
325050180 89857847
325050180 128527266
325050180 58022246
325050180 23266623
644354285 325050180
644354285 57769310
644354285 11498961
644354285 58308467
644354285 131215143
644354285 23266623
644354285 56939802
57769310 644354285
57769310 52578077
57769310 133153630
57769310 11498961
57769310 57634660
57769310 254994104
57769310 58308467
57769310 6172676
57769310 89857847
57769310 128527266
57769310 131215143
57769310 4685841
57769310 156505414
57769310 785144352
57769310 23266623
57769310 56939802
57769310 57647265
57769310 52579526
16614679 89857847
16614679 11498961
58183680 89857847
58183680 11498961
51662667 11498961
51662667 254994104
51662667 58308467
51662667 89857847
51662667 128527266
51662667 131215143
51662667 58053017
51662667 57647265
51662667 23266623
166898858 58150993
166898858 11498961
166898858 58308467
166898858 89857847
166898858 131215143
166898858 58053017
166898858 23266623
166898858 52577427
364129500 11498961
364129500 131215143
52582471 58150993
52582471 11498961
52582471 89857847
52582471 299146782
52582471 23266623
30687148 833390303
30687148 57769310
30687148 11498961
30687148 89857847
30687148 131215143
30687148 4107249
30687148 23266623
442187470 11498961
442187470 58308467
442187470 89857847
442187470 301539230
442187470 23266623
442187470 4107249
833390040 11498961
833390040 131215143
56939802 262987957
56939802 156505414
56939802 89857847
56939802 23266623
56939802 254994104
56939802 11498961
56939802 57769310
56939802 128527266
56939802 528401733
56939802 52579526
58176122 11498961
58176122 89857847
58176122 23266623
497211433 325050180
497211433 89857847
497211433 128527266
497211433 131215143
497211433 4107249
497211433 23266623
10660796 325050180
10660796 52578077
10660796 11498961
10660796 58308467
10660796 89857847
10660796 128527266
10660796 131215143
10660796 23266623
10660796 52577427
10660796 58417088
10660796 4107249
10660796 52579526
785144352 166898858
785144352 325050180
785144352 57769310
785144352 11498961
785144352 254994104
785144352 58308467
785144352 57647265
785144352 58053017
785144352 131215143
23266623 325050180
23266623 52578077
23266623 11498961
23266623 58308467
23266623 58176122
23266623 89857847
23266623 128527266
23266623 51662667
23266623 58022246
23266623 131215143
23266623 58053017
23266623 31416932
23266623 58417088
23266623 4107249
833390303 57647265
833390303 131215143
833390303 58308467
833390303 254994104
833390303 11498961
4685841 57769310
4685841 58150993
4685841 11498961
4685841 57634660
4685841 254994104
4685841 58308467
4685841 6172676
4685841 89857847
4685841 128527266
4685841 131215143
4685841 58053017
4685841 299146782
4685841 785144352
4685841 23266623
4685841 52577427
4685841 528401733
4685841 57647265
4107249 23266623
4107249 58176122
4107249 128527266
4107249 58417088
4107249 52578077
4107249 325050180
4107249 31416932
4107249 30687148
4107249 89857847
4107249 10660796
4107249 58183680
4107249 58300710
4107249 262987957
4107249 442187470
4107249 375064902
4107249 131215143
4107249 11498961
4107249 52577427
4107249 102820063
57634660 11498961
57634660 254994104
57634660 58308467
57634660 6172676
57634660 131215143
57634660 4685841
57634660 528401733
57634660 52579526
11498961 128527266
11498961 131215143
11498961 23266623
11498961 4107249
262987957 57647265
262987957 11498961
262987957 58308467
262987957 89857847
262987957 4107249
262987957 23266623
262987957 131215143
2430931 58308467
2430931 11498961
2430931 89857847
2430931 57769310
254994104 166898858
254994104 166899209
254994104 833390303
254994104 57769310
254994104 58150993
254994104 133153630
254994104 11498961
254994104 57634660
254994104 369628315
254994104 634160255
254994104 58308467
254994104 6172676
254994104 89857847
254994104 7971673
254994104 128527266
254994104 51662667
254994104 131215143
254994104 58053017
254994104 4685841
254994104 834633187
254994104 58406133
254994104 156505414
254994104 299146782
254994104 785144352
254994104 23266623
254994104 52577427
254994104 56939802
254994104 528401733
254994104 58417088
254994104 52579526
254994104 57647265
31416932 52578077
31416932 11498961
31416932 131215143
31416932 23266623
685800438 11498961
685800438 89857847
685800438 131215143
685800438 23266623
298834603 23266623
298834603 58417088
58288161 11498961
58288161 89857847
58288161 23266623
58288161 57647265
58053017 325050180
58053017 52578077
58053017 11498961
58053017 254994104
58053017 128527266
58053017 131215143
58053017 23266623
58053017 58150993
58053017 89857847
6172676 57769310
6172676 57634660
6172676 254994104
6172676 58308467
6172676 93296449
6172676 4685841
6172676 58406133
6172676 299146782
6172676 205066456
6172676 52577427
6172676 528401733
6172676 52579526
6172676 210236806
58406133 11498961
58406133 254994104
58406133 6172676
58406133 131215143
58406133 23266623
58406133 52577427
58406133 52579526
58406133 57647265
52579526 262987957
52579526 57769310
52579526 58308467
52579526 23266623
52579526 57634660
52579526 299146782
52579526 11498961
52579526 152907542
52579526 254994104
52579526 785144352
52579526 56939802
52579526 6172676
52579526 89857847
52579526 58406133
52579526 10660796
52579526 528401733
52579526 131215143
52579526 52577427
52579526 128527266
52579526 57647265
152907542 52579526
685410455 89857847
7971673 11498961
7971673 58308467
7971673 89857847
7971673 128527266
7971673 131215143
128527266 58300710
128527266 325050180
128527266 57769310
128527266 58150993
128527266 52578077
128527266 11498961
128527266 254994104
128527266 634160255
128527266 58308467
128527266 89857847
128527266 58022246
128527266 131215143
128527266 58053017
128527266 4685841
128527266 23266623
128527266 52577427
128527266 58417088
128527266 4107249
128527266 57647265
634160255 57769310
634160255 11498961
634160255 254994104
634160255 58308467
634160255 89857847
634160255 128527266
634160255 58022246
634160255 131215143
634160255 57647265
634160255 23266623
58300710 52578077
58300710 11498961
58300710 89857847
58300710 128527266
58300710 131215143
58300710 301539230
58300710 23266623
93296449 58150993
93296449 11498961
93296449 58308467
93296449 23266623
93296449 131215143
93296449 89857847
93296449 6172676
52577427 166898858
52577427 166899209
52577427 57769310
52577427 58150993
52577427 52578077
52577427 11498961
52577427 10660796
52577427 57634660
52577427 254994104
52577427 58308467
52577427 6172676
52577427 89857847
52577427 128527266
52577427 58022246
52577427 131215143
52577427 58053017
52577427 4685841
52577427 58406133
52577427 299146782
52577427 31416932
52577427 301539230
52577427 23266623
52577427 52579526
52577427 4107249
6164030 58308467
6164030 11498961
6164030 131215143
131215143 11498961
131215143 89857847
131215143 23266623
299563859 11498961
299563859 131215143
299563859 23266623
58308467 58295275
58308467 166898858
58308467 166899209
58308467 833390303
58308467 644354285
58308467 57769310
58308467 58150993
58308467 52578077
58308467 11498961
58308467 10660796
58308467 57634660
58308467 254994104
58308467 93296449
58308467 6172676
58308467 89857847
58308467 7971673
58308467 262987957
58308467 128527266
58308467 51662667
58308467 58022246
58308467 131215143
58308467 4685841
58308467 834633187
58308467 156505414
58308467 785144352
58308467 23266623
58308467 52577427
58308467 2430931
58308467 6164030
58308467 58417088
58308467 52579526
58308467 4107249
58308467 57647265
58150993 166898858
58150993 52578077
58150993 11498961
58150993 254994104
58150993 58308467
58150993 128527266
58150993 58022246
58150993 131215143
58150993 4685841
58150993 52582471
58150993 299146782
58150993 23266623
58150993 52577427
58150993 58053017
58150993 89857847
58150993 57647265
58022246 325050180
58022246 58150993
58022246 52578077
58022246 11498961
58022246 634160255
58022246 58308467
58022246 89857847
58022246 128527266
58022246 23266623
58022246 52577427
58022246 57647265
299146782 58150993
299146782 11498961
299146782 254994104
299146782 6172676
299146782 4685841
299146782 57647265
299146782 52579526
299146782 23266623
205066456 52578077
205066456 6172676
205066456 23266623
205066456 58417088
375064902 11498961
375064902 89857847
375064902 131215143
375064902 23266623
166899209 11498961
166899209 254994104
166899209 58308467
166899209 89857847
166899209 131215143
166899209 23266623
166899209 52577427
52578077 325050180
52578077 11498961
52578077 58308467
52578077 89857847
52578077 128527266
52578077 58022246
52578077 131215143
52578077 58053017
52578077 4107249
52578077 58417088
52578077 23266623
52578077 31416932
528401733 89857847
528401733 11498961
528401733 156505414
528401733 23266623
528401733 56939802
528401733 6172676
528401733 4685841
528401733 57769310
528401733 58300710
528401733 128527266
528401733 166898858
528401733 131215143
528401733 254994104
528401733 325050180
528401733 57634660
528401733 58053017
528401733 57647265
156505414 833390303
156505414 57769310
156505414 52578077
156505414 11498961
156505414 254994104
156505414 89857847
156505414 128527266
156505414 131215143
156505414 834633187
156505414 23266623
156505414 56939802
156505414 528401733
442207758 23266623
89857847 11498961
89857847 128527266
89857847 51662667
89857847 58022246
89857847 131215143
89857847 4685841
89857847 52582471
89857847 58183680
89857847 20790307
89857847 23266623
89857847 56939802
369628315 11498961
369628315 254994104
369628315 131215143
369628315 23266623
210236806 6172676
58329720 11498961
58329720 131215143
685413793 11498961
685413793 131215143
