648887460 127167098
648887460 215986314
371662320 127167098
836613154 127167098
836613154 836613073
215973347 127167098
215973347 155538686
215971380 127167098
545012087 127167098
212701074 127167098
570590535 127167098
215971922 127167098
155538686 127167098
155538686 80900776
155538686 215973347
155538686 164822572
122805409 127167098
836613463 127167098
31345237 127167098
426144791 127167098
119185667 127167098
119185667 101021067
836614687 127167098
836613351 127167098
652607943 127167098
836611938 127167098
74558042 127167098
813814136 127167098
45216811 127167098
756869445 127167098
756869445 155538686
57155566 127167098
128121056 127167098
54246707 127167098
54246707 83448410
129833216 127167098
44983000 127167098
177035292 127167098
139847055 127167098
215971443 127167098
80900776 127167098
80900776 155538686
645008161 127167098
129844013 127167098
570574382 127167098
80497554 127167098
263179847 127167098
101021067 127167098
101021067 119185667
80478190 127167098
105762462 127167098
105762462 80900776
836614922 127167098
836612661 127167098
215973772 127167098
85868954 127167098
71544052 127167098
65414337 127167098
98455385 127167098
364735205 127167098
49687617 127167098
215986314 127167098
215986314 648887460
337362739 127167098
7323129 127167098
50643592 127167098
200957945 127167098
82108059 127167098
648241431 127167098
164822572 127167098
164822572 155538686
133936129 127167098
645033250 127167098
331804453 127167098
26387380 127167098
650160540 127167098
836612256 127167098
836613073 127167098
836613073 836613154
20947581 127167098
83448410 127167098
83448410 54246707
96185037 127167098
49726489 127167098
