675065373 135582412
515934690 127166366
216072414 57334524
130237500 127166366
220326933 127166366
79332448 127166366
135582412 675065373
44295339 127166366
2096978 127166366
162778175 127166366
359403414 127166366
127512968 127166366
127512968 517628560
43867120 127166366
370469702 127166366
144770242 97344464
144770242 127166366
459931563 127166366
194544425 127166366
209627790 127166366
5822310 127166366
57068302 127166366
7384499 127166366
517628560 127512968
25818704 127166366
83740722 127166366
199676514 127166366
97344464 127166366
591193568 127166366
144714004 127166366
689521513 127166366
163602952 127166366
366992108 127166366
46487135 106169463
46487135 212824009
50592548 133802906
111942491 127166366
122068343 129021985
212824009 127166366
156975645 127166366
426873701 127166366
44510983 127166366
42552972 127166366
540773494 127166366
14962331 127166366
69593835 127166366
106169463 46487135
106169463 127166366
57334524 216072414
57334524 127166366
8919176 127166366
34250724 127166366
48735791 127166366
60460594 127166366
86044783 127166366
75767655 127166366
249266897 127166366
