58397706 26462815
582230523 26462815
152531079 45542801
78636305 26462815
369270923 26462815
44759318 26462815
44759318 582236172
44759318 98933011
44759318 152596344
581968506 26462815
52572509 26462815
23593651 26462815
582096979 26462815
7771268 26462815
7771268 81509904
7771268 57645350
242261404 26462815
581532918 26462815
83354570 26462815
152722789 26462815
152926445 34840314
152926445 151312957
152926445 144703128
152926445 26462815
152926445 152838975
152926445 58336248
758016921 26462815
210201790 58152163
210201790 152899099
210201790 60693147
210201790 581824584
210201790 178868234
210201790 152678275
210201790 144703128
210201790 57645350
210201790 152880357
634000993 26462815
581824584 26462815
581824584 60693147
581824584 210201790
210277239 26462815
228955054 26462815
298832406 26462815
298832406 144703128
581896651 26462815
582399267 26462815
34840314 60693147
34840314 152926445
49421131 26462815
152575096 31789530
152575096 26462815
152575096 34840314
152575096 581697995
210210527 26462815
152592042 26462815
152592042 57653443
45542801 26462815
45542801 57653443
45542801 152531079
581848896 26462815
581451611 26462815
152514724 26462815
152514724 57645350
435165829 26462815
210208066 26462815
149532916 18190925
149532916 26462815
149532916 57646417
149532916 31789530
126201647 26462815
65274287 26462815
152896192 26462815
31789530 26462815
31789530 34840314
31789530 60693147
31789530 81509904
31789530 581271424
31789530 57645350
31789530 149532916
22166051 26462815
212533481 26462815
65490056 26462815
65490056 581697995
26462815 22166051
26462815 212533481
26462815 65490056
26462815 152899099
26462815 581976359
26462815 152514724
26462815 210282266
26462815 298832406
26462815 31789530
26462815 65274287
26462815 122318002
26462815 34840314
26462815 349572634
26462815 60693147
26462815 126201647
26462815 152838975
26462815 69342513
26462815 581824584
26462815 81509904
26462815 581908685
26462815 152678275
26462815 144703128
26462815 151312957
26462815 164372688
26462815 58397706
26462815 98933011
26462815 7771268
26462815 67635746
26462815 581896651
26462815 210277239
26462815 57645350
26462815 58057864
26462815 152880357
26462815 581697995
26462815 45542801
26462815 113654202
26462815 152898569
26462815 152926445
152678275 26462815
152678275 210201790
503730159 26462815
18190925 26462815
18190925 58067977
18190925 149532916
602961127 31789530
581271424 31789530
581271424 26462815
152838975 26462815
152838975 34840314
152838975 57645350
833569799 26462815
582236172 26462815
582236172 44759318
581697995 65490056
581697995 26462815
69342513 26462815
58336248 26462815
58336248 52572509
58336248 149532916
58336248 152926445
152596344 26462815
152596344 44759318
152898569 26462815
582531904 26462815
67635746 26462815
144703128 298832406
144703128 26462815
144703128 210201790
144703128 152926445
58152163 26462815
58152163 210201790
58152163 81509904
581976359 26462815
349572634 26462815
81509904 31789530
81509904 26462815
81509904 151312957
81509904 58397706
81509904 7771268
81509904 58152163
81509904 149532916
57645350 152514724
57645350 31789530
57645350 26462815
57645350 122318002
57645350 34840314
57645350 60693147
57645350 7771268
57645350 210201790
57645350 149532916
164372688 26462815
178868234 580432215
178868234 26462815
178868234 210201790
57653443 26462815
57653443 152592042
57653443 45542801
580432215 26462815
580432215 178868234
152880357 26462815
152899099 26462815
152899099 34840314
152899099 210201790
113654202 26462815
298848282 23593651
277571647 26462815
210282266 26462815
152732500 26462815
582295645 26462815
58057864 26462815
60693147 31789530
60693147 26462815
60693147 581824584
60693147 98933011
60693147 210201790
60693147 57645350
60693147 34840314
151312957 26462815
151312957 81509904
151312957 152926445
122318002 26462815
122318002 57645350
581908685 26462815
57646417 26462815
582481750 26462815
98933011 26462815
98933011 34840314
98933011 60693147
98933011 44759318
98933011 152880357
