41218185 127177723
326175701 127177723
62340049 127177723
125363468 127177723
679169151 127177723
568208418 127177723
567888132 127177723
61629388 127177723
454329167 127177723
51267811 127177723
150818003 127177723
225283629 127177723
51559309 127177723
836612259 127177723
162809468 127177723
666219270 127177723
836613797 127177723
47214229 127177723
836612792 127177723
785017787 127177723
80220032 127177723
109109328 127177723
679425974 127177723
351504701 127177723
29537363 99596763
444605231 127177723
179619664 127177723
523739684 127177723
836613353 127177723
836612212 127177723
99596763 29537363
567005244 127177723
306794915 127177723
519569565 127177723
68949930 127177723
22198856 127177723
424274588 127177723
127559932 127177723
305130431 127177723
161968558 127177723
100212286 127177723
542330503 127177723
694747777 127177723
110350798 127177723
134183902 127177723
439155854 127177723
53613003 127177723
