66271747 34794290
758005469 34794290
33467172 50633641
9596966 25351096
9596966 34794290
9596966 14583597
9596966 28058172
834911828 60223041
58163035 57644699
14583597 78282878
14583597 144701202
14583597 34794290
14583597 9596966
152580010 500942752
152580010 34794290
152580010 57647265
57647265 152580010
37923889 34794290
500942752 152580010
500942752 34794290
192277919 192288800
299087213 34794290
127347025 192288800
127347025 34794290
35852703 34794290
298855938 34794290
83602692 34794290
152851323 28058172
164169257 34794290
36656058 34794290
60223041 421483899
192272131 192288800
86526252 34794290
100299609 34794290
50633641 33467172
756499831 34794290
28058172 60223041
28058172 152851323
28058172 34794290
28058172 421483773
421483899 60223041
123996266 152838699
123996266 34794290
123996266 115949910
58018048 34794290
57644699 58116417
57644699 58163035
55227109 152817987
55227109 34794290
67154531 34794290
52035031 34794290
52035031 58116417
4713135 34794290
421455570 34794290
185140610 34794290
152817987 34794290
812489832 34794290
756498325 34794290
421483773 34794290
421483773 28058172
25351096 9596966
17355802 34794290
421461795 34794290
11073950 78282878
11073950 34794290
42241183 34794290
58116417 52035031
58116417 57644699
78282878 11073950
78282878 14583597
115949910 34794290
152838699 123996266
144701202 14583597
144701202 34794290
291895150 34794290
834146397 34794290
6909152 34794290
206667240 34794290
142881395 192288800
142881395 34794290
192288800 192277919
192288800 192272131
58396810 34794290
812485042 34794290
