548335447 127396960
15457407 127396960
182095432 127396960
578785163 127396960
307386723 127396960
652822989 127396960
741687669 127396960
741687669 182690973
200103010 449947888
200103010 127396960
159850005 60379818
449947888 200103010
681613292 127396960
24491023 127396960
33272513 127396960
531803928 127396960
531803928 691178990
26493796 224540766
26493796 127396960
325079582 127396960
298809486 127396960
6754436 127396960
155574356 364600737
155574356 127396960
233341490 127396960
9321980 450419860
9321980 127396960
166588228 127396960
166588228 691178990
217178185 127396960
183087130 364600737
183087130 691178990
183087130 127396960
165006949 127396960
149883270 691178990
149883270 364600737
149883270 127396960
92522932 127396960
60379818 159850005
137853485 127396960
155647820 127396960
8995663 127396960
8995663 182690973
8995663 107211177
299211835 127396960
54254673 127396960
298809061 127396960
224540766 234039481
224540766 26493796
224540766 127396960
262778543 127396960
54479790 107211177
298807716 127396960
708255673 127396960
299488575 127396960
49074345 107211177
144826788 127396960
578784649 127396960
299100317 127396960
182690973 127396960
182690973 741687669
182690973 8995663
182690973 691178990
450419860 9321980
99169631 691178990
99169631 127396960
234039481 224540766
12905835 123888982
12905835 127396960
364600737 183087130
364600737 691178990
364600737 155574356
364600737 149883270
364600737 249764376
364600737 127396960
51820613 127396960
107211177 49074345
107211177 8995663
233120974 127396960
448600500 691178990
448600500 127396960
25220857 127396960
25220857 20980968
123229373 127396960
163955686 691178990
163955686 127396960
448572566 127396960
159821113 60379818
11074981 127396960
166487802 127396960
144531240 127396960
322883613 127396960
20980968 12905835
20980968 127396960
20980968 25220857
5397686 127396960
215872777 127396960
20990211 127396960
203619199 127396960
834594368 127396960
535996901 127396960
123888982 12905835
123888982 127396960
571777451 217178185
571777451 127396960
249764376 364600737
249764376 127396960
289169061 127396960
691178990 364600737
691178990 127396960
45437449 127396960
118758683 127396960
57330196 127396960
21895529 127396960
166691614 127396960
