833314360 12130696
833314360 152713047
833314360 57647670
833314360 83649345
833314360 57649323
833314360 57647573
833314360 57407005
833314360 52570040
833314360 534763816
833314360 812322943
155821765 12130696
155821765 152713047
155821765 57647670
155821765 83649345
155821765 57647282
155821765 52570040
12130696 90889778
12130696 152713047
12130696 57647670
12130696 83649345
12130696 26813169
12130696 57649323
12130696 57647282
12130696 22661353
12130696 132449158
12130696 57647573
12130696 57407005
12130696 52570040
12130696 833314360
12130696 155821765
12130696 14143889
83649345 12130696
83649345 152713047
83649345 57647670
83649345 57647282
83649345 299440556
83649345 57647573
83649345 57407005
83649345 52570040
83649345 833314360
83649345 534763816
83649345 155821765
177114535 52570040
26813169 12130696
26813169 540573179
26813169 152713047
26813169 57647670
26813169 57647573
26813169 57407005
299440556 152713047
299440556 57647670
299440556 83649345
299440556 57647282
299440556 57407005
299440556 177114535
151231471 152713047
152633218 90889778
152633218 152713047
57647282 12130696
57647282 152713047
57647282 57647670
57647282 83649345
57647282 57649323
57647282 132449158
57647282 299440556
57647282 57647573
57647282 57407005
57647282 52570040
57647282 534763816
57647282 155821765
534763816 12130696
534763816 152524409
534763816 152713047
534763816 83649345
534763816 152633218
534763816 57647282
534763816 57647573
534763816 52570040
534763816 833314360
534763816 177114535
57407005 12130696
57407005 90889778
57407005 152713047
57407005 57647670
57407005 83649345
57407005 26813169
57407005 57649323
57407005 57647282
57407005 299440556
57407005 57647573
57407005 52570040
57407005 833314360
152524409 534763816
152524409 152713047
57649323 12130696
57649323 152713047
57649323 57647670
57649323 26813169
57649323 57647282
57649323 132449158
57649323 57647573
57649323 57407005
57649323 52570040
57649323 833314360
57647670 12130696
57647670 90889778
57647670 83649345
57647670 57649323
57647670 57647282
57647670 299440556
57647670 57647573
57647670 57407005
57647670 52570040
57647670 833314360
57647670 55561714
132449158 12130696
132449158 152815934
132449158 57649323
132449158 57647282
52570040 12130696
52570040 90889778
52570040 152713047
52570040 57647670
52570040 83649345
52570040 57649323
52570040 57647282
52570040 57647573
52570040 57407005
52570040 534763816
52570040 155821765
90889778 12130696
90889778 152713047
90889778 57647670
90889778 152633218
90889778 57407005
90889778 52570040
152713047 12130696
152713047 90889778
152713047 534758167
152713047 151231471
152713047 83649345
152713047 152633218
152713047 57647282
152713047 57407005
152713047 52570040
152713047 534763816
152713047 155821765
22661353 12130696
22661353 152713047
22661353 52570040
152815934 132449158
57647573 12130696
57647573 57647670
57647573 83649345
57647573 26813169
57647573 57649323
57647573 57647282
57647573 57407005
57647573 52570040
57647573 833314360
57647573 534763816
55561714 12130696
55561714 152713047
55561714 57647670
55561714 26813169
55561714 152633218
55561714 52570040
534758167 152713047
540573179 26813169
