45115993 191875547
317334338 73483802
56049006 127282837
115628480 73483802
115628480 80681922
56249060 73483802
91786964 73483802
112942327 73483802
351672817 73483802
743046165 73483802
78902148 232867827
78902148 73483802
836614114 73483802
138976077 73483802
350426507 73483802
44686298 73483802
572868330 73483802
350045195 73483802
179539814 73483802
690562451 73483802
189252230 73483802
325093067 73483802
203623758 73483802
116049580 45060333
489844578 73483802
49703653 73483802
48540673 73483802
79762722 73483802
303930978 73483802
103412530 73483802
100102426 73483802
505247655 73483802
29134013 73483802
191875547 73483802
350531187 73483802
80464035 73483802
139515756 351672291
129505747 73483802
46241683 73483802
505355689 73483802
97438682 73483802
51421115 73483802
45060333 73483802
45060333 116049580
120111363 73483802
232867827 78902148
232867827 73483802
219149296 73483802
219149296 80681922
177099308 73483802
628947070 73483802
836613818 73483802
112086341 73483802
22029547 73483802
102116343 73483802
152094386 73483802
433803331 73483802
351672291 139515756
140252361 42488646
140252361 73483802
140252361 80681922
49900156 73483802
296385593 73483802
150657904 73483802
264199455 73483802
42488646 80681922
372043957 694757963
163028776 116049580
163028776 80681922
163028776 73483802
80681922 140252361
80681922 42488646
80681922 73483802
694757963 372043957
