57649339 152921968
57649339 152954433
57649339 60799578
57649339 77381553
57649339 152580105
57649339 12925661
57649339 111615191
57649339 57646344
57649339 152572838
298832583 60799578
152500366 97372911
152500366 60799578
155850210 60799578
152921968 152905903
152921968 57649339
152703394 60799578
152925325 60799578
152925325 57646344
210223368 58153083
210223368 12925661
210223368 97582359
210223368 152933107
210223368 152905903
210223368 57646344
152893116 60799578
152933107 34816682
152933107 60799578
152933107 210223368
152933107 152905903
58406087 60799578
152662675 60799578
152604086 60799578
152604086 77381553
154861513 34816682
154861513 60799578
154861513 77381553
154861513 12925661
17697316 60799578
155837995 60799578
155837995 581161781
152838279 60799578
58328358 60799578
224320902 60799578
210277231 60799578
152601907 60799578
152817704 60799578
581161781 155837995
581161781 77381553
152931198 60799578
210214116 60799578
581600702 60799578
111615191 12925661
111615191 48311911
111615191 60799578
111615191 57649339
111615191 144702200
111615191 34816682
128215756 60799578
155837006 60799578
152733137 60799578
152733137 48311911
152733137 77381553
152921251 152954433
152921251 60799578
49415828 97372911
49415828 60799578
214069278 60799578
582341121 60799578
155840031 60799578
152580105 57649339
152580105 60799578
210257531 60799578
210257531 12925661
210257531 57646344
152663236 60799578
48311911 34816682
48311911 97372911
48311911 60799578
48311911 12925661
48311911 111615191
152580250 97372911
152580250 60799578
152580250 57646344
97372911 152580250
97372911 60799578
97372911 49415828
97372911 152500366
152846427 60799578
155852501 60799578
152620442 60799578
23846244 60799578
152733032 60799578
152730730 60799578
152900123 60799578
128501710 60799578
582338094 60799578
144702200 34816682
144702200 60799578
144702200 111615191
57646344 34816682
57646344 210223368
57646344 60799578
57646344 210257531
57646344 57649339
57646344 152850991
57646344 152580250
57646344 77381553
57646344 152925325
152819538 60799578
152819538 48311911
152819538 152817704
152898952 60799578
152850991 152727648
152850991 57646344
152930086 60799578
152954433 152891064
152954433 152921251
152954433 57649339
152954433 60799578
152954433 152940555
152727648 60799578
44753220 60799578
152937590 60799578
152722928 60799578
77381553 152604086
77381553 152905903
77381553 154861513
77381553 57649339
77381553 60799578
77381553 152940555
77381553 12925661
77381553 581161781
77381553 57646344
77381553 152733137
155902949 60799578
58153083 210223368
58153083 60799578
152619460 60799578
97582359 60799578
97582359 210223368
97582359 152905903
34816682 152905903
34816682 154861513
34816682 60799578
34816682 152933107
34816682 48311911
34816682 12925661
34816682 111615191
34816682 57646344
57977854 60799578
152905903 152921968
152905903 34816682
152905903 152931198
152905903 60799578
152905903 77381553
152905903 12925661
152905903 97582359
152905903 210223368
152905903 152933107
152732457 60799578
152732457 97372911
152891064 152954433
152891064 60799578
58157824 60799578
152835698 60799578
152940555 152954433
152940555 60799578
152940555 77381553
152857624 60799578
152572838 60799578
152572838 57649339
806338775 60799578
581367656 152727648
82177162 60799578
152928310 152921251
152928310 60799578
152928310 12925661
152567583 60799578
12925661 210223368
12925661 34816682
12925661 152905903
12925661 154861513
12925661 57649339
12925661 60799578
12925661 210257531
12925661 48311911
12925661 77381553
12925661 152928310
12925661 111615191
152925842 60799578
582016147 60799578
