806251597 12706967
602557152 57070214
602557152 189801606
747096579 12706967
57070422 602510985
57070422 232486171
57070422 58483481
57070422 15412776
232486171 57494492
232486171 834452232
232486171 57070214
232486171 58483481
15412776 45487463
15412776 57070422
15412776 747139660
15412776 57494492
15412776 58483481
834452232 57070422
834452232 232486171
834452232 58483481
834452232 57070214
61807657 12706967
665999389 57070214
14894931 5100757
14894931 12706967
107671466 30430155
297742815 30430155
297742815 12706967
55570202 9498012
57070214 189801606
57070214 95074634
57070214 57070422
57070214 602510985
57070214 665999389
57070214 57068857
57070214 232486171
57070214 602557152
57070214 58483481
57070214 834452232
57070214 172520144
57494492 232486171
57494492 445293101
107674331 12706967
107674331 30430155
57068857 189801606
57068857 57070422
189801606 57068857
189801606 602557152
189801606 163888659
12706967 14894931
155011229 12706967
155011229 16107669
310993209 240535609
460808081 12706967
812610825 506894946
812610825 12706967
58483481 189801606
58483481 57070422
58483481 232486171
58483481 834452232
58483481 15412776
58483481 12706967
35029759 12706967
5100757 14894931
602510985 57070422
234798719 30430155
84187795 30430155
40013464 14894931
95074634 189801606
95074634 12706967
95074634 57070214
95074634 836610899
52608407 12706967
107673652 30430155
107673652 12706967
163888659 189801606
163888659 12706967
30430155 72529984
30430155 12706967
152247669 30430155
72529984 30430155
72529984 12706967
2400942 12706967
297852869 30430155
240535609 310993209
240535609 30430155
37328878 14894931
37328878 12706967
107674284 30430155
50847852 836610899
534913514 12706967
56970733 12706967
