58110945 129462463
722239586 129462463
113909105 801792354
113909105 158139983
54439059 129462463
224524662 129462463
45445347 129462463
35481609 129462463
356727810 129462463
20331692 129462463
75285205 130500316
261535953 129462463
91359329 129462463
56295163 163558830
56295163 129462463
45399948 7716139
68950976 24890028
208599029 129462463
49003581 55884334
49003581 129462463
56554808 129462463
52552691 129462463
56325672 129462463
512574062 129462463
54435028 129462463
54435028 13907061
127392146 129462463
57368398 129462463
169548192 129462463
58183433 8332809
58183433 129462463
61632804 129462463
763676194 129462463
52390568 129462463
52390568 128108598
163558830 56295163
163558830 129462463
364207699 794785882
364207699 129462463
601280555 129462463
24890028 68950976
24890028 129462463
129760482 129462463
655733918 129462463
13907061 54435028
13907061 224524662
13907061 129462463
129462463 71299861
300246163 129462463
61240794 129462463
48924106 129462463
208392451 129462463
47656469 129462463
638367370 129462463
80545405 129462463
801792354 113909105
801792354 129462463
801792354 8332809
801792354 58183433
2237902 129462463
27410151 129462463
58136358 129462463
69503445 129462463
54439131 129462463
54439131 158139983
54439131 169548192
7716139 128108598
8332809 801792354
8332809 58183433
8332809 129462463
45431338 129462463
299257179 129462463
11923851 129462463
11923851 128108598
11923851 61240794
45147274 129462463
794785882 364207699
11645562 757233436
11645562 129462463
11645562 128108598
637022739 129462463
130500316 131090293
130500316 75285205
130500316 129462463
66950289 129462463
299268828 129462463
240181797 129462463
131090293 129462463
113688913 129462463
7168560 129462463
82386769 49003581
82386769 129462463
82386769 69503445
82386769 61240794
82386769 55884334
60689711 128108598
105708655 129462463
158139983 129462463
158139983 113909105
158139983 54439131
836491637 129462463
49208352 129462463
55884334 49003581
55884334 82386769
55884334 129462463
114013378 129462463
56176278 129462463
69947149 129462463
519137241 129462463
34498284 129462463
34498284 128108598
78692168 129462463
630594135 129462463
630594135 128108598
49829538 129462463
71299861 129462463
128108598 630594135
128108598 129462463
208495649 129462463
158209671 128108598
158209671 129462463
