296776954 12228977
296776954 179086652
74756384 43861585
74756384 48571947
365805599 48740949
48571947 43861585
48571947 48740949
48571947 115307359
48571947 118080489
48571947 253911528
48571947 99125155
48571947 74756384
48571947 54158012
48571947 44755696
48571947 49473927
735749649 48740949
65495576 128575555
65495576 65446126
346835112 48740949
471196732 48740949
471196732 54158012
65446572 48740949
48740949 54158012
48740949 130579512
54158012 48740949
54158012 44755696
130474852 130579512
130474852 133637756
130579512 48740949
130579512 54158012
399446854 115307359
189174622 124266573
127860876 48740949
213946222 48740949
189648601 128575555
43861585 48740949
43861585 133637756
43861585 74756384
43861585 124266573
65446126 65495576
314673877 48740949
124266573 43861585
124266573 48740949
124266573 189174622
82632691 48740949
49473927 48740949
49473927 706293550
49473927 54158012
133637756 43861585
133637756 130474852
45012257 54430227
12228977 48740949
12228977 296776954
12228977 179086652
453450938 48740949
453450938 75248997
128163633 54158012
32689566 115307359
836614466 48740949
48733097 48740949
48733097 54158012
75248997 48740949
75248997 453450938
44898519 48740949
44898519 124266573
44898519 54158012
99125155 48740949
99125155 115307359
836614180 835979173
836614180 179086652
50854850 325053605
50854850 48740949
162842504 43861585
162842504 124266573
253911528 48571947
253911528 54158012
529848876 48740949
44755696 48740949
44755696 48571947
44755696 54158012
741610490 115307359
115307359 48740949
115307359 48571947
115307359 253911528
115307359 99125155
836613129 48740949
47212080 48740949
43802063 48740949
43802063 54158012
424464660 48740949
325053605 48740949
325053605 50854850
179086652 836614180
179086652 12228977
179086652 296776954
835979173 836614180
835979173 179086652
54430227 45012257
706293550 48740949
706293550 54158012
706293550 49473927
