52153630 58476784
494992848 58476784
601854361 58476784
155865033 58476784
57650628 58476784
57650628 8196043
57650628 42090033
57650628 152527515
57650628 57646749
81565558 58476784
8250647 58476784
8250647 58041324
62307494 58476784
45240546 58476784
8196043 57650628
8196043 82654180
8196043 42090033
152527515 58476784
152527515 152899691
152527515 152581029
152527515 57650628
152527515 57646749
57646749 58476784
57646749 152899691
57646749 601863397
57646749 11283891
57646749 55257632
57646749 299371135
57646749 57650628
57646749 152527515
57646749 152890833
57646749 152713174
834037135 58476784
662975319 58476784
449699211 11283891
299371135 58476784
299371135 57646749
363037435 58476784
75193883 58476784
75193883 20644508
65820369 58476784
54247204 58476784
152481235 58476784
152502412 58476784
57069710 58476784
57069710 42231166
57069710 201056724
57069710 662975319
57069710 228984624
57069710 152484917
152531182 58476784
152581372 58476784
175152018 58476784
152838509 58476784
45497372 58476784
581085698 58476784
11283891 58476784
11283891 449699211
11283891 58108777
11283891 57646749
483695014 58476784
152713174 58476784
152713174 57646749
49207229 58476784
49207229 152890833
42231166 58476784
55257632 57646749
806270627 58476784
415640773 58476784
582414714 58476784
241669060 58476784
152890833 58476784
152890833 58108777
152890833 49207229
152890833 57646749
741152474 58476784
58041324 61335132
58041324 58476784
58041324 11283891
58041324 58108777
58041324 8250647
50850031 58476784
50850031 61335132
130234645 58476784
39461966 58476784
152484917 58476784
58108777 58476784
58108777 58041324
836612716 58476784
581263656 58476784
35456979 35196048
57164925 58476784
59190567 58476784
152899691 58476784
152899691 42090033
152899691 152527515
152899691 57646749
219725610 58476784
27594138 58476784
61335132 58476784
581151757 58476784
58088492 58476784
155816958 58476784
321537553 58476784
152955941 58476784
152955941 58108777
152581029 58476784
152581029 152527515
152603161 58476784
58104071 58476784
58104071 58108777
232178733 58476784
152733041 58476784
228984624 58476784
601863397 58476784
601863397 57646749
601863397 57365582
82654180 58476784
82654180 8196043
57365582 58476784
57365582 42090033
57365582 601863397
69343216 58476784
35196048 35456979
9756089 58476784
152933468 58476784
305685160 58476784
806292749 58476784
42090033 58476784
42090033 152899691
42090033 57650628
42090033 57365582
42090033 8196043
299216354 58476784
834746373 58476784
201056724 58476784
