64536088 21381229
24908556 57644349
24908556 79334083
79334083 21381229
79334083 24908556
58045001 59190142
58045001 21381229
582504166 21381229
140924726 364504976
58335561 21381229
58335561 59190142
17259313 21381229
17259313 84590500
298857833 21381229
9687173 21381229
58328243 59190142
58328243 21381229
29598947 57644349
58008141 21381229
58008141 59190142
152846744 21381229
301291469 21381229
120930178 59190142
120930178 21381229
84590500 17259313
84590500 21381229
82151878 21381229
207663963 21381229
364504976 140924726
364504976 21381229
316267582 21381229
316267582 59190142
152784873 21381229
58479787 59190142
58479787 21381229
58326538 59190142
58326538 21381229
58095353 21381229
58477953 21381229
135397340 21381229
57644349 21381229
57644349 58098434
57644349 29598947
57644349 24908556
582196015 21381229
152566927 21381229
164696571 21381229
152858187 21381229
581318420 21381229
21381229 59190142
21381229 135397340
21381229 364504976
21381229 82151878
21381229 99754814
21381229 601891209
21381229 484787569
21381229 216075263
58376137 59190142
58376137 21381229
581144466 21381229
636151943 21381229
59190142 131384271
59190142 21381229
131384271 59190142
58098434 57644349
580993094 59190142
580993094 21381229
99754814 21381229
836023780 21381229
484787569 21381229
601891209 21381229
216075263 21381229
785468214 21381229
566573904 21381229
