582577008 33788440
4905289 30882110
131182337 28653980
57652540 152941810
57652540 58383297
57652540 57646088
57649680 152941810
57649680 85830763
57649680 58383297
57649680 20292205
57649680 152928550
57649680 75286263
210230473 44874615
20292205 57649680
50642497 44244176
58383297 57649680
58383297 44874615
58383297 57652540
57646088 57652540
152928550 57649680
152941810 57652540
152941810 57649680
152941810 23459931
152941810 75286263
44244176 50642497
85830763 23459931
85830763 44874615
23459931 152941810
23459931 85830763
44874615 210221258
44874615 58383297
75286263 152941810
75286263 57649680
30882110 4905289
33788440 582577008
