208503889 324955911
208503889 61263885
836613617 46935517
61240993 95684087
128731525 32963729
128731525 73918613
128731525 539232736
128731525 85168537
128731525 128006460
128731525 128006478
128731525 33172346
26881674 221083507
26881674 33172346
26881674 39969471
26881674 32963729
26881674 73918613
26881674 129559871
26881674 17768607
26881674 61263885
26881674 13034638
26881674 24072127
603124131 32963729
603124131 61263885
603124131 6671654
603124131 44981302
39969471 85168537
39969471 221083507
39969471 33172346
39969471 32963729
39969471 73918613
39969471 17768607
39969471 128006478
39969471 61263885
39969471 72539956
39969471 82669665
39969471 26881674
39969471 24072127
39969471 6671654
128843301 61263885
161147787 61263885
510894897 61263885
73897818 57065354
73897818 6671654
73897818 95684087
73897818 128006460
73897818 61263885
73897818 128006478
73897818 73918613
539232736 58318987
539232736 33172346
539232736 24958059
539232736 73918613
539232736 61263885
539232736 61240993
539232736 128006460
539232736 24072127
539232736 46902512
539232736 128731525
539232736 95684087
701355435 128006460
701355435 61263885
701355435 128006478
701355435 73918613
701355435 33172346
54415752 61263885
128006460 73918613
128006460 128006478
128006460 61263885
128006460 127610549
836611977 61263885
828556353 61263885
828556353 728150708
72539956 33172346
72539956 39969471
72539956 324955911
72539956 32963729
72539956 73918613
72539956 128006478
72539956 61263885
72539956 95684087
72539956 127610549
72539956 128006460
115307357 61263885
82669665 33172346
82669665 39969471
82669665 324955911
82669665 61263885
82669665 128006460
82669665 127610549
82669665 6671654
836612534 61263885
46919709 61263885
46919709 46902512
6671654 28035958
6671654 95684087
6671654 128006460
6671654 61263885
6671654 158073606
6671654 13034638
6671654 324955911
6671654 85168537
6671654 127610549
6671654 39969471
6671654 82669665
6671654 129559871
48894299 45477662
60075551 115307357
60075551 61263885
60075551 128006478
17768607 58318987
17768607 39969471
17768607 73897818
17768607 128006478
17768607 61263885
17768607 128006460
17768607 71299449
17768607 26881674
17768607 46902512
17768607 128731525
8168831 61263885
8168831 127610549
46945325 85168537
46945325 61263885
46945325 13034638
46945325 128006460
46945325 71299449
46945325 95684087
46945325 158073606
46945325 128731525
46902512 24958059
46902512 73918613
46902512 61263885
46935517 61263885
218660949 61263885
45477662 10966752
45477662 48894299
45477662 61263885
45477662 32811984
45477662 56866779
45477662 62288621
221083507 24072127
221083507 26881674
221083507 128006460
221083507 61263885
221083507 128006478
221083507 73918613
221083507 73897818
221083507 39969471
95684087 85168537
95684087 58318987
95684087 324955911
95684087 73918613
95684087 61263885
95684087 72539956
95684087 158073606
95684087 61240993
95684087 128006460
95684087 71299449
95684087 46945325
95684087 46902512
95684087 128731525
95684087 6671654
84141523 61263885
137931575 33172346
137931575 61263885
28035958 6671654
28035958 73918613
28035958 61263885
28035958 115307357
28035958 127610549
530538079 61263885
530538079 115307357
33172346 85168537
33172346 39969471
33172346 32963729
33172346 73918613
33172346 61263885
33172346 26881674
33172346 128731525
72091808 61263885
72091808 127610549
352126377 61263885
17150090 46902512
17150090 33172346
17150090 128731525
132984534 61263885
211055613 61263885
211055613 728150708
32811984 128006478
32811984 61263885
32811984 128006460
32811984 115307357
73918613 221083507
73918613 33172346
73918613 39969471
73918613 128006478
73918613 61263885
73918613 72539956
73918613 128006460
73918613 26881674
73918613 127610549
73918613 24072127
73918613 46902512
73918613 128731525
24340294 6671654
1761425 61263885
128006478 73918613
128006478 61263885
128006478 128006460
136546114 24958059
136546114 61263885
46945282 61263885
40696623 61263885
73388663 61263885
324955911 85168537
324955911 6671654
324955911 95684087
324955911 127610549
324955911 61263885
13034638 33172346
13034638 39969471
13034638 32963729
13034638 61263885
13034638 71299449
13034638 46945325
13034638 26881674
13034638 6671654
280190016 61263885
10966752 45477662
10966752 61263885
10966752 115307357
24958059 61263885
24958059 71299449
24958059 46902512
24958059 136546114
61263885 128006478
61263885 115307357
61263885 127610549
158073606 61263885
158073606 46945325
608281514 61263885
57065354 73897818
57065354 61263885
57065354 71299449
728150708 211055613
728150708 828556353
728150708 61263885
127610549 324955911
127610549 73918613
127610549 61263885
127610549 82669665
24072127 221083507
24072127 39969471
24072127 73918613
24072127 128006478
24072127 61263885
24072127 128006460
24072127 26881674
155009487 61263885
71299449 85168537
71299449 57065354
71299449 33172346
71299449 6671654
71299449 24958059
71299449 73918613
71299449 17768607
71299449 128006478
71299449 61263885
71299449 13034638
71299449 128006460
71299449 46945325
71299449 26881674
71299449 95684087
32963729 33172346
32963729 39969471
32963729 61263885
32963729 72539956
32963729 603124131
32963729 13034638
32963729 128006460
32963729 26881674
32963729 128731525
6698405 61263885
85168537 58318987
85168537 33172346
85168537 39969471
85168537 324955911
85168537 61263885
85168537 128006460
85168537 71299449
85168537 46945325
85168537 128731525
85168537 6671654
530568585 61263885
299091008 61263885
173945661 128006478
173945661 61263885
129559871 58318987
129559871 61263885
129559871 26881674
129559871 115307357
129559871 6671654
58318987 73897818
58318987 73918613
58318987 129559871
58318987 17768607
58318987 128006478
58318987 61263885
58318987 128006460
58318987 26881674
58318987 115307357
58318987 24072127
833808697 61263885
62288621 61263885
52550694 128006460
82665426 61263885
56866779 61263885
