506557609 836611006
506557609 52166926
65741365 3939636
65741365 5687605
573020468 52166926
6957936 462986363
6957936 5687605
6957936 3939636
6957936 224601796
6957936 52166926
151196775 3939636
12150371 3939636
144739401 5687605
144739401 3939636
144739401 6957936
144739401 52166926
58105396 3939636
144743650 52166926
52166926 5687605
52166926 50277757
52166926 6957936
52166926 533285200
52166926 573020468
52166926 3939636
462986363 5687605
462986363 3939636
462986363 6957936
5687605 462986363
5687605 6957936
5687605 65741365
630577850 191857834
630577850 224601796
50277757 144743650
50277757 52166926
191857834 630577850
3939636 6957936
3939636 65741365
3939636 12150371
224601796 6957936
533285200 65741365
533285200 52166926
