581501025 10574660
581501025 74557542
123183408 127243338
123183408 67498733
32531523 133020838
32531523 34079320
7928419 10574660
7928419 34079320
7928419 127243338
582365687 127243338
57652155 127243338
582608490 127243338
93995126 127243338
210192451 127243338
152930907 127243338
58046671 57648992
836612193 127243338
58047252 10574660
58047252 67858398
154854077 127243338
210191231 127243338
210191231 152930907
210191231 57648959
133020838 57648959
133020838 32531523
133020838 67858398
133020838 57647902
133020838 34079320
133020838 127243338
133020838 44758757
133020838 152730156
133020838 36309202
133020838 5125044
133020838 74557542
101697332 127243338
101697332 5484733
22006149 10574660
22006149 127243338
22006149 36309202
22006149 5484733
58161934 127243338
65269000 57653397
65269000 152479568
155846969 127243338
582121284 127243338
45228407 127243338
69619107 10574660
69619107 127243338
57648959 133020838
57648959 25136526
57648959 57647902
57648959 127243338
57648959 210191231
152524817 127243338
152479568 127243338
152479568 65269000
23326859 127243338
581410443 127243338
256878703 127243338
97088531 67858398
97088531 127243338
97088531 5125044
519799119 127243338
149772650 127243338
581677624 127243338
34079320 133020838
34079320 32531523
34079320 75286233
34079320 127243338
34079320 5125044
298830852 10574660
298830852 127243338
25136526 57648959
25136526 75286233
25136526 67858398
25136526 57647902
25136526 127243338
57653397 65269000
7920394 10574660
7920394 93773356
7920394 127243338
833527840 127243338
57648992 57647902
57648992 127243338
57648992 36309202
604736556 127243338
581925696 127243338
582379001 127243338
44758757 133020838
175151854 127243338
5125044 60691315
5125044 127243338
5125044 97088531
5125044 152678678
5125044 133020838
468729317 127243338
152730156 133020838
152730156 127243338
59186835 10574660
59186835 127243338
59186835 85054878
541490548 127243338
60691315 127243338
60691315 5125044
67858398 133020838
67858398 10574660
67858398 93773356
67858398 25136526
67858398 127243338
67858398 58047252
67858398 256878703
67858398 5484733
67858398 36309202
152575685 127243338
170290986 127243338
167465640 127243338
57989562 127243338
85054878 59186835
85054878 93773356
85054878 74557542
188051876 127243338
582242235 127243338
20881074 127243338
376102207 127243338
581148122 127243338
581071766 127243338
58401745 127243338
581365161 127243338
54475191 127243338
57647902 57648959
57647902 133020838
57647902 75286233
57647902 25136526
57647902 57648992
57647902 74557542
93773356 127243338
680809243 127243338
67498733 5484733
67498733 36309202
83194549 127243338
75286233 25136526
75286233 57647902
75286233 34079320
75286233 127243338
74557542 57647902
74557542 127243338
74557542 581501025
74557542 36309202
74557542 133020838
5484733 127243338
36309202 133020838
36309202 10574660
36309202 67858398
36309202 57648992
36309202 74557542
36309202 127243338
36309202 5125044
36309202 5484733
36309202 67498733
836612797 127243338
581431377 127243338
581271232 175151854
581271232 127243338
10574660 127243338
116050502 127243338
836614875 127243338
581175823 127243338
152629406 127243338
