686246815 110884344
834020004 167800345
834020004 802184796
36020237 3696281
36020237 58297329
36020237 58026272
36020237 58368958
36020237 17862465
36020237 24048890
36020237 152482406
132080851 110884344
85826077 48530493
85826077 110884344
57610583 110884344
57610583 167800345
116118971 110884344
152482406 24048890
152482406 36020237
351437246 110884344
48530493 85826077
48530493 110884344
802184796 167800345
802184796 834567243
58262551 110884344
110884344 20325459
179585464 110884344
179585464 567946610
58368958 110884344
58368958 36020237
58297329 23351165
58297329 58343343
58297329 167800345
58297329 834567243
58297329 24048890
58297329 67449824
58297329 36020237
631197225 110884344
834617889 167800345
58026272 36020237
433723736 24048890
433723736 110884344
58258991 110884344
17862465 23351165
17862465 24048890
17862465 36020237
58343343 110884344
58343343 14685308
58343343 58297329
14685308 110884344
24048890 23351165
24048890 58297329
24048890 167800345
24048890 17862465
24048890 433723736
24048890 67449824
24048890 152482406
24048890 802184796
24048890 36020237
58033086 110884344
696293295 802184796
167800345 23351165
167800345 110884344
167800345 802184796
95003024 110884344
67449824 58297329
67449824 110884344
67449824 24048890
834567243 802184796
58372139 110884344
58389219 110884344
836611136 110884344
20325459 110884344
57468320 110884344
84606562 110884344
54152722 110884344
3696281 36020237
754781607 110884344
23351165 58297329
23351165 110884344
23351165 167800345
23351165 24048890
42498033 110884344
297785561 110884344
144933024 110884344
