37358294 44141212
37358294 44991553
165004094 693823856
44331499 47905212
44331499 44991553
7273413 138393730
336788854 357974419
693823856 110535707
693823856 165004094
643711845 477884702
357974419 138393730
357974419 336788854
477884702 643711845
309607759 190283550
69097763 394683593
69097763 190283550
45223633 44141212
47905212 44331499
52548360 50852295
190283550 69097763
44141212 37358294
44141212 45223633
44991553 37358294
44991553 44331499
394683593 69097763
44944651 138393730
44944651 48598086
147879732 100942096
100942096 147879732
