56969499 54967918
56969499 54438462
56969499 12227036
52537077 120079275
52537077 54616672
52537077 25371905
52537077 29481281
52537077 56978214
52537077 9761278
52537077 80776502
52537077 54438462
52537077 19182245
52537077 37888254
52537077 52534905
52537077 60075946
52537077 60075889
52537077 105371095
52537077 29674432
52537077 54434520
52537077 54967918
52537077 6491275
52537077 105676833
52537077 83554756
52537077 52485851
52537077 54435164
52537077 82036729
52537077 54631067
52537077 54680941
52537077 74691341
52537077 12227036
29674432 120079275
29674432 54616672
29674432 25371905
29674432 29481281
29674432 56978214
29674432 9761278
29674432 80776502
29674432 54439094
29674432 52537077
29674432 54438462
29674432 19182245
29674432 37888254
29674432 76362734
29674432 52534905
29674432 60075946
29674432 60075889
29674432 105371095
29674432 54967918
29674432 6491275
29674432 83554756
29674432 52485851
29674432 54680941
29674432 74691341
29674432 49306324
29674432 12227036
49306324 54616672
49306324 54631067
49306324 120079275
49306324 54438462
49306324 29674432
49306324 56978214
49306324 60075889
49306324 54435164
49306324 54967918
49306324 12227036
105371095 52537077
105371095 54438462
105371095 19182245
105371095 52534905
105371095 60075889
105371095 29674432
105371095 54967918
105371095 12227036
37888254 54439094
37888254 52537077
37888254 60075889
37888254 29674432
37888254 54967918
37888254 54435164
37888254 12227036
76362734 54967918
76362734 29674432
54435028 29674432
54435028 54967918
54435028 83554756
54435028 12227036
120079275 52537077
120079275 54438462
120079275 19182245
120079275 52534905
120079275 60075946
120079275 60075889
120079275 29674432
120079275 54967918
120079275 74691341
120079275 12227036
82036729 19182245
82036729 54967918
82036729 60075889
82036729 52537077
82036729 29481281
114627507 54967918
114627507 12227036
56971155 54967918
56971155 12227036
129197700 29674432
129197700 12227036
19182245 120079275
19182245 54616672
19182245 29481281
19182245 56978214
19182245 54439094
19182245 52537077
19182245 54438462
19182245 52534905
19182245 60075946
19182245 60075889
19182245 105371095
19182245 29674432
19182245 54967918
19182245 6491275
19182245 83554756
19182245 52485851
19182245 54435164
19182245 82036729
19182245 54680941
19182245 74691341
19182245 56969499
19182245 45459103
19182245 12227036
54435164 19182245
54435164 60075946
54435164 54967918
54435164 52485851
54435164 60075889
54435164 54439094
54435164 52534905
54435164 52537077
54435164 169537832
54435164 80776502
54435164 54616672
54435164 29674432
54435164 54438462
54435164 54631067
54435164 74691341
54435164 49306324
54435164 12227036
52546932 54435164
52546932 29674432
52546932 12227036
52546932 54967918
45441567 54967918
45441567 60075889
9761278 54616672
9761278 56978214
9761278 54438462
9761278 60075946
9761278 60075889
9761278 29674432
9761278 54967918
9761278 74691341
9761278 12227036
45459103 54967918
45459103 54616672
45459103 19182245
45459103 54680941
45459103 12227036
54439094 56978214
54439094 19182245
54439094 37888254
54439094 60075889
54439094 29674432
54439094 54967918
54439094 83554756
54439094 54435164
54439094 12227036
60075946 120079275
60075946 54616672
60075946 25371905
60075946 29481281
60075946 56978214
60075946 9761278
60075946 52537077
60075946 54438462
60075946 19182245
60075946 52534905
60075946 60075889
60075946 29674432
60075946 54967918
60075946 6491275
60075946 54435164
60075946 54680941
60075946 12227036
54616672 120079275
54616672 9761278
54616672 80776502
54616672 169537832
54616672 52537077
54616672 54438462
54616672 19182245
54616672 60075946
54616672 60075889
54616672 29674432
54616672 54967918
54616672 54435164
54616672 82036729
54616672 54631067
54616672 74691341
54616672 49306324
54616672 45459103
54616672 12227036
54616672 52546932
74691341 9761278
74691341 29481281
74691341 54967918
74691341 60075889
74691341 52534905
74691341 83554756
74691341 19182245
74691341 25371905
74691341 120079275
74691341 54616672
74691341 6491275
74691341 52537077
74691341 29674432
74691341 54438462
74691341 12227036
80776502 120079275
80776502 54438462
80776502 29674432
80776502 54967918
80776502 54435164
80776502 12227036
52534905 120079275
52534905 29481281
52534905 52537077
52534905 54438462
52534905 19182245
52534905 60075946
52534905 60075889
52534905 105371095
52534905 29674432
52534905 54967918
52534905 54680941
52534905 74691341
52534905 12227036
12227036 60075889
12227036 74691341
12227036 54967918
12227036 60075946
12227036 54680941
12227036 6491275
12227036 52534905
12227036 52537077
12227036 120079275
12227036 29674432
12227036 25371905
12227036 54438462
12227036 19182245
12227036 29481281
12227036 52485851
12227036 9761278
12227036 54435164
12227036 114627507
12227036 45459103
12227036 80776502
12227036 105371095
12227036 129197700
12227036 56974848
12227036 37888254
12227036 56978214
12227036 54616672
12227036 49306324
12227036 83554756
12227036 54439094
25371905 56978214
25371905 52537077
25371905 52534905
25371905 60075946
25371905 60075889
25371905 29674432
25371905 54967918
25371905 74691341
25371905 12227036
54434520 52537077
54434520 29674432
54434520 54967918
27713303 54967918
27713303 12227036
54680941 52534905
54680941 52537077
54680941 54967918
54680941 60075946
54680941 54435164
54680941 6491275
54680941 29674432
54680941 19182245
54680941 54438462
54680941 60075889
54680941 45459103
54680941 12227036
56978214 56974848
56978214 25371905
56978214 9761278
56978214 54439094
56978214 52537077
56978214 54438462
56978214 19182245
56978214 60075946
56978214 60075889
56978214 29674432
56978214 54967918
56978214 6491275
56978214 49306324
56978214 12227036
52485851 52537077
52485851 60075889
52485851 54967918
52485851 54438462
52485851 19182245
52485851 29674432
52485851 54435164
52485851 12227036
56974848 56978214
56974848 12227036
6491275 120079275
6491275 25371905
6491275 56978214
6491275 52537077
6491275 54438462
6491275 19182245
6491275 52534905
6491275 60075946
6491275 60075889
6491275 29674432
6491275 54967918
6491275 83554756
6491275 52485851
6491275 54435164
6491275 54680941
6491275 74691341
6491275 12227036
54438462 120079275
54438462 56978214
54438462 9761278
54438462 80776502
54438462 52537077
54438462 19182245
54438462 52534905
54438462 60075946
54438462 60075889
54438462 105371095
54438462 29674432
54438462 54967918
54438462 6491275
54438462 52485851
54438462 54680941
54438462 74691341
54438462 49306324
54438462 12227036
60075889 120079275
60075889 54616672
60075889 25371905
60075889 56978214
60075889 9761278
60075889 54439094
60075889 52537077
60075889 54438462
60075889 114627507
60075889 19182245
60075889 37888254
60075889 52534905
60075889 60075946
60075889 105371095
60075889 29674432
60075889 45441567
60075889 54967918
60075889 6491275
60075889 105676833
60075889 83554756
60075889 52485851
60075889 54435164
60075889 82036729
60075889 54631067
60075889 54680941
60075889 74691341
60075889 49306324
60075889 12227036
45408379 54967918
54631067 60075889
54631067 54435164
54631067 52537077
54631067 54967918
54631067 29674432
54631067 49306324
54631067 12227036
29481281 60075946
29481281 82036729
29481281 74691341
29481281 12227036
45479694 54967918
83554756 19182245
83554756 54967918
83554756 60075889
83554756 29674432
83554756 54439094
83554756 54435028
83554756 52537077
83554756 74691341
83554756 12227036
26553548 52534905
26553548 29674432
26553548 54967918
26553548 54435164
26553548 12227036
54967918 120079275
54967918 80776502
54967918 52537077
54967918 54438462
54967918 114627507
54967918 19182245
54967918 52534905
54967918 60075946
54967918 60075889
54967918 105371095
54967918 29674432
54967918 82036729
54967918 54680941
54967918 74691341
54967918 45459103
54967918 12227036
169537832 54616672
169537832 54967918
169537832 54435164
169537832 12227036
