34767418 326864011
34767418 25373951
24253636 219750146
24253636 35160998
24253636 124087500
60137658 49220696
60137658 30008091
60137658 326864011
326864011 30008091
326864011 60137658
326864011 155308939
326864011 29371397
326864011 34767418
326864011 25373951
326864011 16302718
421485835 124087500
421485835 155308939
421476996 24253636
421476996 155308939
49220696 30008091
49220696 60137658
285439864 124087500
285439864 155308939
152504507 124087500
155308939 124087500
155308939 285439864
155308939 30008091
155308939 60137658
155308939 326864011
29371397 60137658
29371397 30008091
29371397 25373951
29371397 326864011
25373951 34767418
25373951 60137658
25373951 155308939
25373951 29371397
25373951 30008091
25373951 326864011
25373951 16302718
124087500 421485835
124087500 285439864
124087500 604809645
124087500 219750146
124087500 155308939
124087500 24253636
604809645 124087500
604809645 155308939
152956278 155308939
30008091 60137658
30008091 49220696
30008091 29371397
30008091 25373951
30008091 326864011
219750146 124087500
219750146 24253636
218104481 60137658
16302718 326864011
16302718 25373951
