58330918 54395304
58330918 21609280
671772489 61841259
671772489 523802429
25018816 29858435
45813564 52584220
58041765 298852996
58172752 13472493
58172752 58268334
58172752 21609280
60284918 128502646
54395304 58268334
54395304 45161219
54395304 81968494
54395304 58330918
7471989 33266338
7471989 21609280
7471989 58020402
7471989 43763463
298852996 58041765
638996407 55897583
638996407 45161219
33266338 130237360
33266338 58268334
33266338 21609280
33266338 81968494
33266338 7471989
128502646 60284918
128502646 55897583
128502646 58268334
128502646 81968494
130237360 58260693
52584220 45813564
52584220 81968494
43763463 298852996
43763463 130237360
43763463 58020402
43763463 61841259
43763463 45161875
43763463 12737185
43763463 58063243
43763463 7471989
58032773 23942536
58328027 61841259
45161219 54395304
45161219 638996407
58268334 55897583
58268334 33266338
58268334 128502646
58268334 45161856
58268334 58172752
58268334 54395304
58268334 45161219
53994558 24316329
2402437 23293578
2402437 61841259
60989094 61841259
21609280 45163533
21609280 60284918
21609280 55897583
21609280 33266338
21609280 128502646
21609280 13472493
21609280 58268334
21609280 45161856
21609280 58172752
21609280 81968494
21609280 58330918
21609280 7471989
523802429 61841259
523802429 671772489
30785210 61841259
45161856 55897583
45161856 21609280
81968494 21609280
81968494 52584220
81968494 33266338
81968494 128502646
81968494 13472493
81968494 55897583
81968494 58063243
81968494 54395304
12737185 43763463
24316329 53994558
24316329 24952912
13472493 58172752
13472493 21609280
13472493 81968494
37102391 61841259
74553993 61841259
55897583 60284918
55897583 677219381
55897583 128502646
55897583 638996407
55897583 130237360
55897583 58268334
55897583 45161856
55897583 21609280
55897583 61841259
55897583 81968494
45161875 58268334
45161875 58020402
45161875 61841259
45161875 81968494
45163533 21609280
58020402 130237360
58020402 45161875
58020402 58330918
58020402 7471989
32775336 61841259
62373918 61841259
23293578 2402437
677219381 55897583
