57565910 54300623
57565910 55237410
57565910 127255034
55237410 23958757
55237410 57565910
55237410 29674432
82951093 49021427
82951093 129559514
82951093 45640286
82951093 58091625
82951093 23958757
82951093 141654672
82951093 45152175
82951093 55887208
82951093 52533508
82951093 24295450
82951093 54682197
82951093 130461777
82951093 54968924
82951093 11923851
82951093 67921164
82951093 29674432
82951093 56920431
82951093 55002582
45412844 45640286
45488778 127255034
49905821 98578810
116171542 23958757
116171542 54968924
116171542 127255034
116171542 29674432
29674432 129559514
29674432 23958757
29674432 83554939
29674432 141654672
29674432 45152175
29674432 54398085
29674432 8960182
29674432 57127987
29674432 67495027
29674432 54438836
29674432 55887208
29674432 52533508
29674432 24295450
29674432 54434683
29674432 54431310
29674432 55034615
29674432 52516010
29674432 52058449
29674432 45381058
29674432 71298387
29674432 54968924
29674432 82951093
29674432 11923851
29674432 4720198
29674432 54437852
29674432 56920431
54439037 106038776
54439037 58091625
54439037 116171542
54439037 45152175
54439037 4720198
54439037 52533508
54439037 24295450
54439037 71298387
54439037 29674432
54439037 56920431
54439037 17539904
17539904 169528904
17539904 116171542
17539904 52533508
17539904 45412844
17539904 23958757
17539904 29674432
17539904 45152175
61240792 127255034
54300623 23958757
54300623 57565910
54300623 127255034
58091625 82951093
58091625 45640286
58091625 54439037
58091625 18823576
58091625 23958757
58091625 56891071
58091625 24295450
58091625 54968924
58091625 127255034
40002592 45640286
40002592 141654672
40002592 52533508
40002592 54431310
40002592 29674432
40002592 56920431
58175201 127255034
58175201 29674432
169528904 127255034
169528904 17539904
57127987 71298387
57127987 29674432
57127987 127255034
54423267 127255034
55002582 23958757
49021427 82951093
49021427 23958757
49021427 45152175
49021427 54968924
49021427 54438836
49021427 24295450
49021427 11923851
49021427 52058449
49021427 54437852
49021427 55002582
98578810 49905821
98578810 54968924
38117769 45640286
38117769 73203728
38117769 127255034
54682197 141654672
54682197 45152175
54682197 54398085
54682197 24295450
54682197 52058449
54682197 54968924
54682197 82951093
54682197 29674432
54682197 127255034
52516010 23958757
52516010 116171542
52516010 71298387
52516010 29674432
52516010 56920431
52058449 49021427
52058449 116171542
52058449 141654672
52058449 54682197
52058449 24295450
52058449 29674432
208632706 29674432
48754632 127255034
141654672 130461777
141654672 82951093
141654672 40002592
141654672 23958757
141654672 45152175
141654672 54968924
141654672 55887208
141654672 52533508
141654672 45381058
141654672 52058449
141654672 29674432
56920431 52516010
56920431 4720198
56920431 40002592
56920431 45152175
56920431 29674432
56920431 82951093
56920431 23958757
18823576 58398827
83554939 29674432
45640286 82951093
45640286 58091625
45640286 40002592
45640286 23958757
45640286 54968924
45640286 52533508
45640286 54434683
45640286 56920431
54398085 116171542
54398085 45152175
54398085 54968924
54398085 67495027
54398085 54682197
54398085 45385498
54398085 29674432
54398085 127255034
45385498 54398085
45385498 29674432
54431310 40002592
54431310 35975214
54431310 29674432
54431310 56920431
54968924 23958757
54968924 116171542
54968924 141654672
54968924 45152175
54968924 54398085
54968924 29674432
54968924 127255034
24295450 49021427
24295450 106038776
24295450 82951093
24295450 54439037
24295450 58091625
24295450 45152175
24295450 8960182
24295450 54682197
24295450 132344502
24295450 55034615
24295450 11923851
24295450 52058449
24295450 29674432
24295450 54437852
129559514 82951093
129559514 71298387
129559514 29674432
54434683 23958757
54434683 116171542
54434683 55887208
54434683 45381058
54434683 11923851
54434683 29674432
35975214 61240909
54438836 116171542
54438836 127255034
11923851 23958757
11923851 116171542
11923851 45152175
11923851 52533508
11923851 24295450
11923851 71298387
11923851 82951093
11923851 29674432
45381058 116171542
45381058 141654672
45381058 54434683
45381058 29674432
67921164 61092351
67921164 82951093
67921164 127255034
8960182 24295450
8960182 29674432
4720198 54439037
4720198 23958757
4720198 116171542
4720198 45152175
4720198 11923851
4720198 29674432
4720198 56920431
55034615 24295450
55034615 29674432
61092351 67921164
61092351 5042805
61092351 127255034
58115240 127255034
205891002 127255034
357080516 127255034
52533508 82951093
52533508 45640286
52533508 54439037
52533508 40002592
52533508 23958757
52533508 141654672
52533508 45152175
52533508 71298387
52533508 11923851
52533508 29674432
52533508 54437852
52533508 56920431
52533508 17539904
61240909 35975214
29111197 127255034
132344502 24295450
55039157 45152175
55039157 29674432
55039157 127255034
57584574 127255034
56891071 58091625
54395748 23958757
54395748 127255034
67495027 54398085
67495027 61240792
67495027 29674432
67495027 127255034
71298387 129559514
71298387 61240792
71298387 57127987
71298387 55887208
71298387 52533508
71298387 52516010
71298387 11923851
71298387 29674432
71298387 54437852
71298387 56920431
71298387 127255034
55887208 141654672
55887208 45152175
55887208 54434683
55887208 71298387
55887208 29674432
55887208 56920431
23958757 49021427
23958757 82951093
23958757 54300623
23958757 116171542
23958757 141654672
23958757 45152175
23958757 54968924
23958757 57127987
23958757 4720198
23958757 54438836
23958757 55887208
23958757 52533508
23958757 54434683
23958757 45381058
23958757 71298387
23958757 52516010
23958757 11923851
23958757 29674432
23958757 54437852
23958757 56920431
23958757 55002582
58398827 18823576
73203728 38117769
130461777 141654672
130461777 82951093
130461777 29674432
45152175 55039157
45152175 82951093
45152175 23958757
45152175 116171542
45152175 141654672
45152175 54968924
45152175 4720198
45152175 55887208
45152175 52533508
45152175 24295450
45152175 71298387
45152175 52516010
45152175 29674432
45152175 54437852
45152175 56920431
45152175 17539904
155652632 127255034
54437852 71298387
54437852 49021427
54437852 29674432
54437852 54682197
54437852 52533508
54437852 45152175
54437852 23958757
54437852 24295450
106038776 54439037
106038776 24295450
68949043 35975214
49017610 127255034
