449924458 141778600
449924458 166556731
64456059 59542717
219972509 141778600
30923384 148708443
519599104 166577767
141778600 458763083
141778600 64420476
141778600 289204042
141778600 289202129
141778600 449544941
141778600 667116416
141778600 289204156
141778600 50652501
141778600 449924458
141778600 40290245
141778600 59542717
141778600 741692938
141778600 59533609
141778600 546963078
141778600 166556731
141778600 833560209
141778600 182095639
141778600 289198378
141778600 163950317
141778600 74861968
757671131 289204149
142578240 141778600
142578240 129281448
113208102 128501909
741692938 141778600
741692938 3023128
59454033 141778600
59454033 37340996
59454033 113208102
289204156 141778600
289204156 132968197
59695274 141778600
59695274 667116416
59542717 141778600
59542717 64456059
3023128 741692938
132968197 289204042
132968197 289204156
132968197 289204149
155793088 289202129
155793088 6362865
155793088 148708443
155793088 182918205
295639446 289204042
295639446 166556731
71380975 141778600
71380975 674505952
268889462 141778600
9339161 166556731
128501909 113208102
449544941 141778600
449544941 64420476
6362865 155793088
6362865 289204149
741364702 400330428
741364702 148708443
741364702 74861968
66952340 141778600
636070717 141778600
636070717 289204149
667116416 141778600
289198378 141778600
289185685 166556731
289185685 182095639
36453599 141778600
74861968 141778600
74861968 741364702
163950317 141778600
163950317 166556731
58097183 141778600
2502421 141778600
589477856 113208102
56007976 141778600
289204149 6362865
289204149 132968197
289204149 757671131
289204149 636070717
458763083 141778600
546963078 141778600
166577767 519599104
604170802 141778600
833560209 141778600
833560209 64420476
148708443 141778600
148708443 155793088
148708443 289204149
148708443 741364702
148708443 30923384
182918205 155793088
59515249 141778600
155783685 141778600
155783685 268889462
289202129 141778600
289202129 155793088
59533609 141778600
289185862 141778600
400330428 741364702
674505952 71380975
166556731 141778600
166556731 449924458
166556731 289185685
166556731 364879448
166556731 9339161
166556731 295639446
166556731 163950317
40290245 141778600
700900041 141778600
50652501 141778600
681026599 37340996
75151009 141778600
164616243 141778600
364879448 141778600
364879448 166556731
289204042 141778600
289204042 64420476
289204042 132968197
64420476 141778600
64420476 289204042
64420476 449544941
64420476 833560209
182095639 141778600
182095639 289185685
22023240 141778600
