15543516 45383303
15543516 106841801
156722525 45383303
156722525 56735827
156722525 45409625
156722525 57192714
156722525 55058804
156722525 67855276
156722525 106841801
156722525 54637246
52399597 45383303
114491343 24655819
57192714 45368666
57192714 54438040
57192714 12638154
57192714 45383303
57192714 52524367
57192714 33395913
57192714 61556655
57192714 69871806
57192714 55058804
57192714 67855276
57192714 13246427
57192714 24065444
57192714 156722525
57192714 216075013
57192714 37587133
57192714 24655819
57192714 120649298
57192714 54437852
61556655 45383303
61556655 55058804
740420663 45383303
56398487 54438040
56398487 12638154
56398487 45383303
56398487 56735827
56398487 52524367
56398487 328762846
56398487 13246427
56398487 216075013
56398487 37587133
56398487 54637246
56398487 33256658
8905485 45383303
8905485 17150090
56866345 45383303
69871806 54438040
69871806 12638154
69871806 45383303
69871806 56735827
69871806 52524367
69871806 154913773
69871806 36517233
69871806 57192714
69871806 55058804
69871806 106841801
69871806 54437852
69871806 38542128
642185248 45383303
642185248 99598096
642185248 328762846
642185248 13246427
642185248 106841801
642185248 24655819
231723106 13246427
90668276 13246427
208392400 36517233
208392400 216075013
208392400 54967986
10856227 45383303
507643248 55058804
56635182 216075013
56635182 24065444
56635182 45383303
31767135 45383303
31767135 61556655
31767135 45409625
31767135 55058804
31767135 106841801
31767135 71643431
55058804 12638154
55058804 45383303
55058804 17150090
55058804 56735827
55058804 52524367
55058804 36517233
55058804 131113742
55058804 57192714
55058804 8905485
55058804 45352747
55058804 69871806
55058804 67855276
55058804 13246427
55058804 156722525
55058804 52551854
55058804 106841801
55058804 37587133
55058804 24655819
55058804 56947079
55058804 120649298
55058804 33256658
55058804 54437852
71643431 45383303
71643431 56735827
71643431 31767135
52057524 216075013
33256658 45383303
33256658 56398487
33256658 13246427
33256658 37587133
33256658 55058804
328762846 45383303
328762846 56398487
328762846 13246427
328762846 642185248
328762846 72149752
45352747 45383303
45352747 55058804
67855276 45383303
67855276 17150090
67855276 56735827
67855276 52524367
67855276 61556655
67855276 36517233
67855276 131113742
67855276 57192714
67855276 102228028
67855276 300124050
67855276 55058804
67855276 13246427
67855276 156722525
67855276 54363269
67855276 106841801
67855276 90108963
67855276 24655819
67855276 56947079
67855276 54437852
67855276 54967986
12638154 54438040
12638154 45383303
12638154 56735827
12638154 52524367
12638154 27671338
12638154 57192714
12638154 69871806
12638154 55058804
12638154 67855276
12638154 56398487
12638154 13246427
12638154 216075013
12638154 106841801
12638154 56947079
12638154 54437852
12638154 56373868
287695811 45383303
287695811 302404501
56373868 216075013
56373868 12638154
56373868 37587133
56373868 56735827
210838800 55058804
58418139 56735827
52524367 12638154
52524367 56735827
52524367 36517233
52524367 57192714
52524367 3947758
52524367 69871806
52524367 55058804
52524367 67855276
52524367 56398487
52524367 13246427
52524367 216075013
52524367 106841801
52524367 54437852
84140557 45383303
105676651 45383303
52057368 45383303
52057368 56735827
52057368 57449258
52057368 90108963
154913773 45383303
154913773 69871806
154913773 216075013
17150090 45383303
17150090 61556655
17150090 131113742
17150090 8905485
17150090 67855276
17150090 13246427
45368666 45383303
54967986 33395913
54967986 131113742
54967986 67855276
54967986 61556655
54967986 45352747
54967986 55875503
56735827 54438040
56735827 12638154
56735827 52524367
56735827 33395913
56735827 52057368
56735827 69871806
56735827 55058804
56735827 67855276
56735827 302404501
56735827 56398487
56735827 13246427
56735827 156722525
56735827 216075013
56735827 52551854
56735827 55875503
56735827 58418139
56735827 71643431
56735827 82651016
56735827 57305858
56735827 54437852
56735827 56373868
56834887 45383303
56834887 55058804
54435039 45383303
60810219 131113742
60810219 58274994
60810219 216075013
60810219 120649298
60810219 72149752
54363269 45383303
54363269 67855276
54637246 45383303
54637246 131113742
54637246 156722525
54637246 37587133
216075013 60810219
216075013 12638154
216075013 45383303
216075013 56735827
216075013 52524367
216075013 52545610
216075013 154913773
216075013 45409625
216075013 57192714
216075013 52057524
216075013 208392400
216075013 56398487
216075013 52551854
216075013 55875503
216075013 56635182
216075013 56373868
38542128 37587133
38542128 69871806
24655819 67855276
24655819 642185248
302404501 45368666
302404501 45383303
302404501 56735827
302404501 45409625
302404501 287695811
302404501 158169332
302404501 54437852
172669297 45383303
106841801 45383303
106841801 52524367
106841801 15543516
106841801 31767135
106841801 55058804
106841801 67855276
106841801 13246427
106841801 156722525
106841801 57305858
106841801 54437852
3947758 45383303
3947758 52524367
3947758 37587133
45383303 105676651
45383303 54438040
45383303 12638154
45383303 17150090
45383303 52545610
45383303 33395913
45383303 15543516
45383303 740420663
45383303 154913773
45383303 61556655
45383303 231403373
45383303 31767135
45383303 57192714
45383303 8905485
45383303 45352747
45383303 3947758
45383303 52057368
45383303 69871806
45383303 55058804
45383303 67855276
45383303 60407361
45383303 56398487
45383303 13246427
45383303 24065444
45383303 156722525
45383303 216075013
45383303 52551854
45383303 55875503
45383303 56635182
45383303 106841801
45383303 37587133
45383303 54637246
45383303 84140557
45383303 642185248
45383303 56947079
45383303 57305858
45383303 33256658
45383303 54437852
45409625 31767135
45409625 156722525
37587133 45383303
37587133 52545610
37587133 33395913
37587133 131113742
37587133 55058804
37587133 67855276
37587133 56398487
37587133 106841801
37587133 33256658
37587133 54437852
13246427 90668234
13246427 12638154
13246427 45383303
13246427 17150090
13246427 56735827
13246427 52524367
13246427 33395913
13246427 36517233
13246427 57192714
13246427 90668276
13246427 328762846
13246427 231723106
13246427 55058804
13246427 67855276
13246427 56398487
13246427 106841801
13246427 37587133
13246427 642185248
13246427 82651016
13246427 33256658
33395913 45383303
33395913 56735827
33395913 57192714
33395913 13246427
33395913 37587133
231403373 45383303
90668234 13246427
102228028 67855276
90108963 67855276
90108963 52057368
90108963 45383303
158169332 45383303
57449258 45383303
24065444 45383303
24065444 56635182
24065444 106841801
82651016 56735827
82651016 13246427
99598096 642185248
57305858 45383303
57305858 56735827
57305858 106841801
52551854 45383303
52551854 56735827
52551854 216075013
27671338 12638154
36517233 54438040
36517233 45383303
36517233 52524367
36517233 57192714
36517233 208392400
36517233 69871806
36517233 55058804
36517233 67855276
36517233 13246427
36517233 72149752
56947079 12638154
56947079 45383303
56947079 61556655
56947079 55058804
56947079 67855276
58274994 60810219
58274994 45383303
54438040 12638154
54438040 45383303
54438040 56735827
54438040 57192714
54438040 69871806
54438040 56398487
54438040 37587133
300124050 67855276
52545610 45383303
72149752 328762846
54437852 67855276
54437852 52524367
54437852 57192714
54437852 302404501
54437852 12638154
54437852 37587133
54437852 56735827
54437852 45383303
54437852 54438040
54437852 106841801
54437852 55058804
54437852 69871806
60407361 45383303
55875503 45383303
55875503 56735827
55875503 216075013
55875503 54967986
