298851883 14662169
85180259 127225420
85180259 61241342
85180259 11960330
11753933 107476941
84036166 127225420
421669262 127225420
152733676 127225420
153220699 11960330
153220699 85180259
210197153 61241342
61241342 58400695
61241342 127225420
61241342 85180259
152733522 127225420
836610483 127225420
58288404 127225420
78772328 127225420
152677418 127225420
152812874 127225420
534786458 61241342
45003278 61241342
348478164 127225420
14662169 127225420
14662169 61241342
155449840 127225420
421466376 127225420
421466376 107476941
85216741 127225420
141910490 127225420
756503688 11960330
534763816 61241342
11960330 85180259
83593100 127225420
16975966 127225420
16975966 107476941
107476941 172468649
107476941 4716013
107476941 44816972
107476941 16975966
107476941 11753933
107476941 421466376
421483943 127225420
421483943 78772328
531805774 61241342
534940937 127225420
127225420 61241342
58080218 127225420
58400695 127225420
58400695 61241342
543971936 127225420
4716013 152928990
4716013 107476941
44816972 172468649
44816972 107476941
756503821 11960330
219605884 127225420
806266009 11960330
10358363 127225420
172468649 44816972
172468649 107476941
127851342 127225420
152476279 127225420
