152904556 20961381
152904556 133523067
152904556 60693381
152904556 69212689
152904556 65253509
152904556 12485100
152904556 79097014
152904556 152891112
152904556 85027032
152904556 60987714
152904556 109257822
152904556 57647670
152904556 173563522
152904556 61632009
152904556 58083648
152904556 27422255
152904556 421461369
152904556 58424256
152904556 73210416
152904556 535207997
152904556 152799429
152904556 534764153
152904556 175162513
92875300 60693381
152858232 60693381
52576307 12485100
52576307 65433806
52576307 581502604
52576307 52575311
194637163 60693381
194637163 57647670
194637163 421461369
194637163 644080412
194637163 510861097
530649789 199744767
298859435 60693381
298859435 12485100
298859435 194637163
298859435 534764153
298859435 20961381
298859435 65253509
152435495 60693381
152435495 57647670
152435495 58063754
152435495 58424256
644080412 60693381
644080412 133523067
644080412 194637163
644080412 534764153
644080412 20961381
644080412 199744767
833345008 199744767
833345008 57647670
833345008 60693381
73210416 58083648
73210416 60693381
73210416 48867740
73210416 57647670
73210416 58406201
73210416 133523067
73210416 535207997
73210416 705558342
73210416 58063754
73210416 52569767
73210416 534764153
73210416 20961381
73210416 108512765
73210416 58405546
73210416 60987714
73210416 581502604
73210416 199744767
73210416 61632009
73210416 530649789
73210416 85027032
73210416 421461369
82043085 60693381
82043085 12485100
82043085 79097014
82043085 20961381
328467619 199744767
48867740 131606940
48867740 157909698
48867740 60693381
48867740 133523067
100862906 60693381
100862906 57647670
100862906 58405546
534777393 60693381
520391265 157909698
520391265 60693381
520391265 57647670
520391265 133523067
520391265 20961381
520391265 20451778
520391265 833345008
210238681 157909698
210238681 60693381
210238681 20961381
210238681 27422255
210238681 61632009
58063754 60693381
58063754 73210416
58063754 57647670
58063754 194637163
58063754 253843257
58063754 534764153
58063754 534814121
58063754 65253509
58063754 52575311
58063754 85027032
510861097 60693381
510861097 57647670
510861097 133523067
510861097 65253509
152799429 152904556
299443713 60693381
272418949 60693381
52575311 60693381
52575311 52576307
52575311 57647670
52575311 58063754
52575311 581502604
52575311 20451778
52575311 61632009
48666342 60693381
48666342 199744767
48666342 58405546
48666342 20961381
535207997 73210416
535207997 57647670
535207997 173563522
535207997 534764153
535207997 65253509
535207997 199744767
535207997 421461369
69212689 534764153
69212689 152904556
5141186 60693381
5141186 57647670
5141186 534764153
833349864 60693381
534745638 199744767
534745638 60693381
833349955 199744767
806281040 60693381
253843257 133523067
253843257 60693381
833535504 60693381
131606940 60693381
131606940 48867740
131606940 133523067
131606940 65253509
131606940 20451778
131606940 61632009
298850121 57647670
298850121 79097014
298850121 58424256
298850121 199744767
79097014 60693381
79097014 57375819
79097014 73210416
79097014 57647670
79097014 133523067
79097014 705558342
79097014 82043085
79097014 534764153
79097014 58424256
79097014 20961381
79097014 298850121
79097014 65433806
79097014 20451778
79097014 61632009
79097014 152904556
309941311 173563522
309941311 60693381
52583193 60693381
52583193 57647670
52583193 581502604
65433806 60693381
65433806 52576307
65433806 79097014
65433806 61632009
834302705 60693381
52569767 60693381
421461369 82043085
421461369 109257822
421461369 60693381
421461369 173563522
421461369 581502604
421461369 705558342
421461369 20961381
421461369 5141186
421461369 194637163
421461369 65253509
421461369 58405546
421461369 57647670
421461369 199744767
421461369 152858232
421461369 90893079
421461369 20451778
421461369 133523067
421461369 73210416
421461369 58424256
421461369 58083648
421461369 27422255
421461369 833316364
421461369 535207997
421461369 127788291
421461369 52575311
421461369 152904556
421461369 175162513
421461369 833345008
57647670 58083648
57647670 60693381
57647670 73210416
57647670 152435495
57647670 173563522
57647670 52583193
57647670 833316364
57647670 133523067
57647670 535207997
57647670 705558342
57647670 58063754
57647670 194637163
57647670 253843257
57647670 79097014
57647670 534764153
57647670 101747959
57647670 510861097
57647670 58424256
57647670 20961381
57647670 298850121
57647670 58405546
57647670 534778690
57647670 100862906
57647670 5141186
57647670 60987714
57647670 581502604
57647670 301291563
57647670 65253509
57647670 52575311
57647670 20451778
57647670 199744767
57647670 61632009
57647670 85027032
57647670 421461369
57647670 152904556
57647670 833345008
136816876 57375819
157909698 60693381
157909698 48867740
157909698 57375819
157909698 57647670
157909698 133523067
157909698 520391265
157909698 210238681
157909698 534764153
157909698 20961381
157909698 581502604
157909698 65253509
157909698 52575311
157909698 109257822
157909698 61632009
157909698 85027032
35414548 60693381
35414548 133523067
35414548 20961381
35414548 65253509
173563522 309941311
173563522 58083648
173563522 60693381
173563522 57647670
173563522 833316364
173563522 535207997
173563522 534764153
173563522 58424256
173563522 421461369
173563522 152904556
581502604 58083648
581502604 60693381
581502604 52576307
534766033 199744767
58406201 60693381
58405546 60693381
58405546 73210416
58405546 57647670
58405546 133523067
58405546 534764153
58405546 48666342
58405546 100862906
58405546 199744767
58405546 127788291
534764564 60693381
534764564 58083648
534814121 58083648
534814121 57647670
534814121 58063754
534814121 534764153
534814121 199744767
534814121 60987714
60987714 58083648
60987714 60693381
60987714 534764153
60987714 199744767
85027032 60693381
85027032 534764153
85027032 73210416
85027032 57647670
85027032 133523067
85027032 534778690
85027032 20961381
85027032 199744767
85027032 152904556
253080835 60693381
534778690 58083648
534778690 60693381
534778690 73210416
534778690 57647670
534778690 173563522
534778690 833316364
534778690 133523067
534778690 52569767
534778690 20961381
534778690 60987714
534778690 65433806
534778690 199744767
534778690 61632009
534778690 85027032
271891658 60693381
271891658 20961381
20961381 157909698
20961381 60693381
20961381 73210416
20961381 298859435
20961381 57647670
20961381 133523067
20961381 520391265
20961381 90893079
20961381 82043085
20961381 210238681
20961381 79097014
20961381 534764153
20961381 58424256
20961381 48666342
20961381 35414548
20961381 271891658
20961381 108512765
20961381 644080412
20961381 534778690
20961381 37590980
20961381 65253509
20961381 199744767
20961381 61632009
20961381 85027032
20961381 421461369
20961381 152904556
301291563 60693381
301291563 133523067
58424256 58083648
58424256 60693381
58424256 152435495
58424256 57647670
58424256 173563522
58424256 133523067
58424256 79097014
58424256 534764153
58424256 20961381
58424256 298850121
58424256 52575311
58424256 199744767
58424256 61632009
58424256 421461369
58424256 152904556
705558342 73210416
705558342 57647670
705558342 133523067
705558342 79097014
705558342 831704236
705558342 199744767
705558342 85027032
705558342 421461369
535027588 60693381
37590980 60693381
37590980 20961381
37590980 65253509
57375819 157909698
57375819 58083648
57375819 52569767
57375819 79097014
57375819 534764153
57375819 136816876
57375819 301291563
61632009 131606940
61632009 60693381
61632009 65253509
61632009 20961381
61632009 65433806
61632009 210238681
61632009 52575311
61632009 534778690
61632009 57647670
61632009 58424256
61632009 79097014
61632009 199744767
61632009 48666342
61632009 73210416
61632009 152904556
60693381 131606940
60693381 157909698
60693381 253080835
60693381 152435495
60693381 298859435
60693381 12485100
60693381 173563522
60693381 133523067
60693381 102814509
60693381 58063754
60693381 210238681
60693381 253843257
60693381 101747959
60693381 20961381
60693381 271891658
60693381 644080412
60693381 60987714
60693381 37590980
60693381 65433806
60693381 581502604
60693381 301291563
60693381 65253509
60693381 52575311
60693381 20451778
60693381 109257822
60693381 61632009
60693381 85027032
60693381 152904556
534764153 157909698
534764153 58083648
534764153 60693381
534764153 57375819
534764153 73210416
534764153 298859435
534764153 57647670
534764153 173563522
534764153 69212689
534764153 535207997
534764153 58063754
534764153 79097014
534764153 58424256
534764153 534814121
534764153 20961381
534764153 644080412
534764153 58405546
534764153 5141186
534764153 60987714
534764153 152891112
534764153 199744767
108512765 60693381
108512765 73210416
108512765 57647670
108512765 79097014
108512765 20961381
108512765 65253509
108512765 199744767
199744767 157909698
199744767 58083648
199744767 60693381
199744767 73210416
199744767 57647670
199744767 328467619
199744767 833316364
199744767 534745638
199744767 535207997
199744767 705558342
199744767 194637163
199744767 253843257
199744767 534764153
199744767 58424256
199744767 48666342
199744767 40268500
199744767 534814121
199744767 20961381
199744767 298850121
199744767 644080412
199744767 58405546
199744767 534778690
199744767 5141186
199744767 60987714
199744767 534766033
199744767 65433806
199744767 152891112
199744767 27422255
199744767 581502604
199744767 65253509
199744767 833349955
199744767 20451778
199744767 61632009
199744767 530649789
199744767 85027032
199744767 421461369
199744767 175162513
199744767 833345008
58083648 157909698
58083648 60693381
58083648 48867740
58083648 57375819
58083648 73210416
58083648 57647670
58083648 58406201
58083648 173563522
58083648 58063754
58083648 534764564
58083648 253843257
58083648 534764153
58083648 58424256
58083648 92875300
58083648 58405546
58083648 534778690
58083648 60987714
58083648 581502604
58083648 301291563
58083648 20451778
58083648 127788291
58083648 530649789
27422255 210238681
27422255 199744767
27422255 152904556
90893079 60693381
90893079 421461369
90893079 52575311
90893079 20961381
133523067 131606940
133523067 157909698
133523067 60693381
133523067 48867740
133523067 210238681
133523067 253843257
133523067 79097014
133523067 101747959
133523067 58424256
133523067 35414548
133523067 20961381
133523067 644080412
133523067 58405546
133523067 152891112
133523067 27422255
133523067 301291563
133523067 65253509
133523067 61632009
133523067 85027032
133523067 534777393
133523067 152904556
20451778 131606940
20451778 58083648
20451778 60693381
20451778 57647670
20451778 520391265
20451778 79097014
20451778 101747959
20451778 52575311
20451778 421461369
101747959 60693381
101747959 57647670
101747959 133523067
101747959 65253509
101747959 20451778
152891112 60693381
152891112 48867740
152891112 133523067
152891112 534764153
152891112 58405546
152891112 199744767
152891112 421461369
152891112 152904556
102814509 60693381
109257822 60693381
833316364 57647670
833316364 173563522
833316364 534778690
833316364 199744767
833316364 421461369
65253509 131606940
65253509 157909698
65253509 58083648
65253509 60693381
65253509 298859435
65253509 57647670
65253509 133523067
65253509 534745638
65253509 535207997
65253509 58063754
65253509 194637163
65253509 101747959
65253509 510861097
65253509 35414548
65253509 20961381
65253509 108512765
65253509 37590980
65253509 581502604
65253509 301291563
65253509 199744767
65253509 127788291
65253509 61632009
65253509 85027032
65253509 152904556
12485100 60693381
12485100 298859435
12485100 173563522
12485100 194637163
12485100 581502604
12485100 152904556
