603808417 127996398
102958992 127996398
833965054 127996398
48505541 127996398
836108268 127996398
517095669 127996398
166316563 127996398
723465011 127996398
135475022 127996398
519286337 127996398
642307959 127996398
42867702 46580979
152595854 127996398
164001961 166815646
486707442 127996398
527790302 127996398
78643626 127996398
669139983 127996398
198009573 127996398
161926008 127996398
199448210 127996398
836108764 127996398
663023371 127996398
299215058 127996398
650209406 127996398
391902775 127996398
137448882 127996398
56904127 127996398
836108685 127996398
46580979 42867702
150588374 127996398
181866697 127996398
152955316 127996398
152955316 55283319
729796096 127996398
161722080 127996398
456605664 136243077
133836902 127996398
574982860 127996398
833575216 127996398
52082152 127996398
136243077 456605664
693082256 127996398
165194902 127996398
246421674 127996398
642889763 127996398
164513011 127996398
142733911 55283319
749524246 127996398
83641747 127996398
671270233 127996398
161518508 127996398
59202377 127996398
163981747 127996398
55283319 152955316
55283319 142733911
137476282 127996398
163830993 127996398
153705260 127996398
166815646 127996398
