558060296 93768052
57649296 93768052
57649296 152953899
57649296 152884301
57649296 210198072
421489617 18658915
1842381 317334238
44759536 93768052
44759536 754437225
44759536 97983974
44759536 57388044
44759536 32556161
184789535 6147606
184789535 73198614
34882688 48701406
34882688 67619283
152728905 298858717
152728905 93768052
78776129 43723776
57770797 93768052
57770797 152436528
152436528 57770797
152436528 93768052
58077486 93768052
58077486 754437225
73198614 299504200
73198614 43723776
73198614 6147606
73198614 184789535
73198614 32556161
496866833 97983974
496866833 93768052
152576117 93768052
152596288 93768052
152596288 152884301
152596288 6147606
152596288 152953899
152596288 152821758
152596288 152820893
152712869 93768052
48701406 34882688
48701406 152884301
55013395 93768052
97983974 754437225
97983974 496866833
97983974 44759536
30307741 78776129
18658915 421489617
18658915 152580351
18658915 43723776
18658915 184789535
43723776 78776129
43723776 18658915
43723776 754437225
43723776 73198614
34451461 152801528
34451461 44759536
34451461 152892471
421489383 754437225
298858717 152728905
210198072 93768052
210198072 57649296
57388044 540768790
57388044 44759536
152844290 93768052
152892471 34451461
152892471 93768052
152892471 152884301
152693925 93768052
152953899 152596288
152953899 93768052
152953899 57649296
152953899 152820893
57645496 93768052
57645496 67619283
67619283 93768052
67619283 152801528
67619283 152884301
67619283 57645496
152820893 93768052
152820893 152884301
152820893 152596288
152820893 152953899
299504200 73198614
6147606 93768052
6147606 152596288
6147606 184789535
6147606 73198614
200016288 754437225
317334238 1842381
152821758 152596288
152821758 93768052
32556161 73198614
754437225 200016288
93768052 496866833
93768052 558060296
93768052 152436528
93768052 152728905
93768052 48701406
93768052 67619283
93768052 210198072
93768052 152596288
93768052 152801528
93768052 152844290
93768052 152712869
93768052 34451461
93768052 152580351
93768052 6147606
93768052 58077486
93768052 57770797
93768052 152953899
93768052 57645496
93768052 55013395
93768052 152821758
93768052 44759536
93768052 152693925
93768052 57649296
93768052 152820893
93768052 152576117
93768052 152892471
93768052 145458546
152884301 152596288
152884301 93768052
152884301 48701406
152884301 152580351
152884301 57649296
152884301 152820893
152884301 152892471
152801528 93768052
152801528 67619283
145458546 93768052
540768790 57388044
