36732765 14725222
36732765 67731623
36732765 152674410
36732765 5827094
36732765 224451546
36732765 52450086
152446192 67731623
152446192 107492565
152446192 57749727
316297585 67731623
224451546 36732765
224451546 67731623
224451546 152674410
224451546 5827094
152785290 219750146
152926445 57749727
152926445 57770797
57770797 53276377
57770797 57749727
57770797 152926445
57770797 152623263
57770797 6852339
225245450 5827094
69077290 5827094
5827094 14725222
5827094 67731623
5827094 36732765
5827094 152674410
5827094 225245450
5827094 744824300
5827094 57749727
5827094 152673843
5827094 107156848
5827094 69077290
5827094 6852339
107492565 6852339
14725222 36732765
14725222 5827094
14725222 52450086
14725222 6852339
6852339 14725222
6852339 5827094
6852339 57770797
6852339 107492565
163895110 225245450
152673843 57749727
152673843 5827094
52450086 152674410
52450086 67731623
52450086 36732765
52450086 744824300
52450086 14725222
744824300 67731623
744824300 152674410
744824300 36732765
744824300 52450086
744824300 224451546
744824300 5827094
152623263 57770797
152674410 67731623
152674410 36732765
152674410 5827094
152674410 52450086
152674410 224451546
57749727 152926445
57749727 547717
57749727 152673843
57749727 152446192
57749727 5827094
57749727 57770797
219750146 67731623
53276377 57770797
67731623 152674410
67731623 36732765
67731623 5827094
547717 57749727
