162076882 209014798
162076882 59832140
162076882 8718614
162076882 735051746
162076882 48508719
162076882 176536790
162076882 42020318
162076882 306435012
162076882 191862278
162076882 209009079
735051746 162076882
209014798 182853431
209014798 162076882
209014798 176536790
209014798 209009079
182853431 209014798
182853431 209009079
208999074 209009079
217141363 209009079
164013154 74280856
306435012 162076882
8718614 162076882
42020318 162076882
59832140 162076882
176536790 209014798
176536790 162076882
176536790 209009079
48508719 162076882
48508719 209009079
191862278 162076882
191862278 209009079
134928067 74280856
134928067 670408205
209009079 209014798
209009079 162076882
209009079 217141363
209009079 176536790
670408205 134928067
231462646 209014798
