299436654 127671529
299436654 127198973
130758430 128252605
130758430 127671529
30524976 127671529
713820737 218558705
713820737 127671529
713820737 127198973
199967602 109233319
199967602 654556401
199967602 530492996
836612367 127671529
836612367 127198973
199851924 128252605
199851924 127671529
199851924 128252606
199851924 127198973
199851924 129266255
199851924 130134053
163894702 127671529
654556401 8115637
654556401 127198973
654556401 436175385
654556401 218484371
654556401 530492996
654556401 109233319
654556401 127671529
654556401 199967602
404222844 127671529
129266255 128252605
129266255 129806194
129266255 685722858
129266255 127671529
129266255 20632110
129266255 807207452
218484371 127671529
218484371 109233319
218484371 654556401
218484371 136608869
218484371 127198973
218484371 34215271
6291262 127198973
132558624 72805843
132558624 127671529
132558624 127198973
530492996 127671529
530492996 654556401
129806194 128252605
129806194 127341640
129806194 807207452
129806194 127198973
129806194 129266255
129806194 127671529
129806194 685722858
4327655 127671529
4327655 34215271
4327655 163894702
8115637 777503566
8115637 127671529
8115637 654556401
8115637 127198973
635556655 127671529
635556655 127198973
34215271 127671529
34215271 109233319
34215271 136608869
44121379 223087738
44121379 127671529
498249466 109233319
498249466 218484371
127671529 128252605
127671529 218558705
127671529 128252606
127671529 127198973
137951413 127671529
137951413 109233319
137951413 127198973
38581701 128252605
38581701 127671529
38581701 128252606
38581701 130134053
38581701 127198973
75720935 127671529
128252605 218558705
128252605 127198973
128252605 129266255
128252605 128252606
128252605 127671529
807207452 128252605
807207452 129806194
807207452 685722858
807207452 129266255
128716568 128252606
128716568 349418324
109233319 127671529
109233319 654556401
109233319 498249466
109233319 34215271
109233319 218484371
109233319 127198973
109233319 22882700
418672039 127671529
418672039 127198973
6030678 128252605
6030678 127671529
6030678 128252606
6030678 127198973
535167364 127671529
535167364 127198973
20632110 129806194
20632110 127671529
20632110 349418324
20632110 129266255
20632110 836612367
20632110 127198973
349418033 127671529
127341640 129806194
127341640 127198973
48737148 127671529
48737148 130134053
48737148 127198973
131348273 128252605
131348273 127671529
131348273 6291262
131348273 127198973
136608869 127671529
136608869 34215271
136608869 127198973
22882700 127671529
22882700 109233319
22882700 127198973
22882700 136608869
134067348 127671529
134067348 128252606
134067348 127198973
134067348 131348273
84227035 127671529
84227035 127198973
777503566 8115637
777503566 127671529
129985889 127671529
507355951 127198973
72805843 128252605
72805843 127671529
72805843 132558624
72805843 82391992
72805843 127240643
72805843 127198973
223087738 127198973
20878810 127671529
20878810 127198973
45066700 128252605
67129567 127671529
67129567 130134053
67129567 127198973
208479197 127671529
208479197 130134053
44460948 127198973
128252606 128252605
128252606 685722858
128252606 127671529
128252606 127198973
127766397 127671529
127766397 127198973
836614419 218558705
836614419 127671529
836614419 127198973
80044735 127198973
729676862 130134053
729676862 127671529
47928951 128252605
47928951 127671529
47928951 127198973
436175385 127671529
436175385 654556401
127198973 72805843
127198973 128252605
127198973 127671529
127198973 128252606
127198973 6030678
127198973 349418324
127198973 129266255
127198973 6291262
82391992 72805843
148563720 127198973
253911431 729676862
253911431 90195286
174575230 836614542
174575230 127671529
174575230 128252606
174575230 836613093
174575230 127198973
174575230 6291262
307769758 654556401
307769758 218484371
349418324 128252605
349418324 127671529
349418324 128252606
349418324 75720935
349418324 127198973
349418324 130134053
349418324 20632110
349418324 128716568
836613093 174575230
836613093 127198973
218558705 128252605
218558705 836614419
218558705 127671529
218558705 128252606
218558705 713820737
218558705 836612367
218558705 127198973
6351945 127671529
6351945 127198973
685722858 128252605
685722858 129806194
685722858 127671529
685722858 128252606
685722858 129266255
685722858 127198973
685722858 807207452
90195286 127198973
54624328 128252605
54624328 127671529
54624328 127198973
147991167 127671529
147991167 127198973
457437634 127671529
457437634 127198973
130134053 128252605
130134053 729676862
130134053 127671529
130134053 128252606
130134053 38581701
130134053 349418324
130134053 127198973
