92362192 128543412
35425843 128543412
729618193 128543412
98825121 128543412
45060728 12045327
45060728 128543412
45060728 48077863
45060728 83546649
45060728 48596800
45060728 193362505
45060728 231262476
45060728 228451167
24465294 231094064
24465294 128543412
35141610 128543412
35141610 199697162
35141610 305435790
35141610 49057364
329483027 329281716
329483027 128543412
48559023 128543412
44728858 305435790
174220909 128543412
214112322 128543412
130095870 128543412
34160336 128543412
577117516 35141610
577117516 128543412
44287700 128543412
44287700 199697162
199697162 329281716
199697162 231094064
199697162 35141610
199697162 12045327
199697162 128543412
199697162 44287700
199697162 48077863
199697162 83546649
199697162 26448889
199697162 305435790
199697162 790739415
199697162 205150356
199697162 44422694
199697162 49057364
199697162 44527324
82265699 128543412
43793007 32759763
43793007 128543412
816037290 29521805
47695460 128543412
836611892 363244820
157813544 128543412
48077863 45060728
48077863 12045327
48077863 128543412
48077863 199697162
231045492 128543412
49057364 35141610
49057364 128543412
49057364 199697162
49057364 205150356
163078921 29521805
61748131 128543412
48523094 128543412
47002605 128543412
44527324 128543412
44527324 44566161
44527324 199697162
228451167 32759763
228451167 45060728
228451167 12045327
228451167 44908931
228451167 305435790
193362505 45060728
305435790 35141610
305435790 128543412
305435790 228451167
305435790 44728858
19042688 32759763
19042688 29521805
19042688 12045327
19042688 128543412
83546649 45060728
83546649 231094064
83546649 12045327
83546649 199697162
44566161 44527324
363244820 836611892
26448889 128543412
26448889 199697162
26448889 790739415
31731659 44422694
32759763 25839648
32759763 43793007
32759763 29521805
32759763 50893263
32759763 12045327
32759763 128543412
32759763 19042688
31121087 329281716
31121087 128543412
31121087 44527324
44606517 128543412
658578273 128543412
25839648 32759763
25839648 29521805
25839648 128543412
44908931 50893263
44908931 128543412
44908931 44513042
44908931 228451167
132260991 128543412
44513042 128543412
44513042 44908931
149240034 836613121
231262476 45060728
231262476 128543412
12045327 32759763
12045327 45060728
12045327 50893263
12045327 128543412
12045327 199697162
12045327 48077863
12045327 83546649
12045327 44422694
12045327 228451167
12045327 19042688
12045327 6248086
364078346 128543412
185716113 128543412
329281716 199697162
329281716 329483027
231094064 128543412
231094064 199697162
231094064 24465294
231094064 83546649
231094064 205150356
231094064 44527324
48619296 128543412
48596800 45060728
48596800 128543412
48596800 48559023
130460783 128543412
742918178 128543412
101915381 128543412
44422694 31731659
44422694 12045327
44422694 128543412
44422694 199697162
44422694 6248086
790739415 128543412
790739415 199697162
790739415 26448889
836613121 149240034
6248086 12045327
6248086 128543412
6248086 44422694
29521805 32759763
29521805 25839648
29521805 163078921
29521805 128543412
29521805 19042688
129792272 128543412
44461457 128543412
50893263 32759763
50893263 12045327
50893263 128543412
50893263 44908931
205150356 231094064
205150356 199697162
205150356 49057364
123501464 128543412
