200058382 58525902
199878864 58525902
84295673 58525902
57250114 58525902
268620542 58525902
199998664 58525902
316255560 58525902
49334602 58525902
45482235 58525902
147923913 58525902
82075789 58525902
13046931 58525902
363254080 58525902
581172787 58525902
505471637 58525902
757598487 58525902
10606628 58525902
163596560 58525902
55119069 58525902
298850806 58525902
229713893 58525902
132640155 58525902
302142107 58525902
128946642 58525902
31276855 58525902
12908204 58525902
152924657 58525902
301348889 58525902
152581437 58525902
52608690 58525902
16746680 152857792
16746680 58525902
199840971 58525902
61245799 58525902
73507276 58525902
833588399 787099033
8065221 58525902
129165974 58525902
36962646 58525902
447834798 58525902
787099033 58525902
787099033 199938331
58148066 58525902
544220067 58525902
139510811 58525902
145156696 58525902
47829008 58525902
783750900 58525902
35346778 58525902
528222585 58525902
199938331 787099033
199938331 833588399
199938331 58525902
199938331 199998664
199938331 747291789
193577582 58525902
348297762 58525902
58481217 58525902
369030615 58525902
299237980 58525902
50670342 58525902
288273916 58525902
36030074 58525902
435281957 58525902
463082323 58525902
361843481 58525902
152857792 16746680
200041280 58525902
52389203 58525902
836610319 58525902
97288164 58525902
351578736 58525902
672665703 58525902
672665703 787099033
224522159 58525902
228051268 58525902
