72138150 28197285
72138150 69683290
58078060 18177583
58078060 4570162
58078060 17538877
58078060 128259686
58078060 49357020
58078060 127857252
58078060 21638322
58078060 34678596
4850473 17538877
29780818 34678596
21638322 128259686
21638322 58078060
21638322 17538877
21638322 28197285
21638322 34678596
34052980 39601168
34052980 17538877
49357020 18177583
49357020 20837146
49357020 28197285
49357020 58078060
49357020 17538877
49357020 127857252
49357020 34678596
34678596 17538877
34678596 127857252
34678596 58078060
34678596 49357020
34678596 18177583
34678596 128259686
34678596 20837146
34678596 4570162
34678596 28197285
127857252 18177583
127857252 28197285
127857252 17538877
127857252 34678596
4570162 18177583
4570162 39601168
4570162 58078060
4570162 17538877
4570162 49357020
4570162 34678596
17538877 18177583
17538877 4570162
17538877 39601168
17538877 28197285
17538877 58078060
17538877 49357020
17538877 127857252
128391232 17538877
5747727 13315390
30377952 58078060
54347421 17538877
54347421 34678596
38151031 28197285
38151031 58078060
38151031 17538877
163894591 17538877
18177583 28197285
18177583 58078060
18177583 17538877
18177583 49357020
18177583 127857252
69683290 127857252
138242013 17538877
13315390 58078060
13315390 34678596
39601168 20837146
39601168 4570162
39601168 34052980
39601168 28197285
39601168 58078060
39601168 17538877
62297064 28197285
62297064 18934204
28197285 20837146
28197285 58078060
28197285 17538877
120650128 17538877
120650128 28197285
20837146 39601168
20837146 28197285
20837146 17538877
20837146 128259686
20837146 49357020
20837146 34678596
128259686 20837146
128259686 28197285
128259686 17538877
128259686 34678596
