152921521 127375563
152921521 7349341
55385271 127375563
23536622 127375563
7349341 29861246
7349341 152924889
7349341 58159722
7349341 18059510
57646851 127375563
57652266 61257962
57652266 44481885
57652266 134428313
57652266 152907173
57652266 57605395
57652266 13702776
57652266 152731553
57652266 38200406
57652266 152851212
57652266 152566464
57652266 107477011
57652266 152930636
57652266 54475226
57652266 155842332
57652266 152941345
57652266 58159722
57652266 29683107
57652266 127375563
57652266 152730231
57652266 58049013
57652266 152725332
57652266 57447112
57652266 74691031
57652266 210238852
57652266 85170091
12461415 127375563
29683107 127375563
29683107 57652266
58154714 127375563
101700094 127375563
101700094 58159722
582401927 127375563
57605395 127375563
57605395 58159722
57605395 152851212
57605395 152957640
57605395 13702776
57605395 57652266
57447112 127375563
57447112 58159722
57447112 152932937
18059510 7349341
18059510 13702776
18059510 86118255
18059510 8816244
18059510 210238852
18059510 85170091
58281376 127375563
58281376 58159722
58168672 127375563
58168672 58159722
65286319 127375563
152932937 127375563
152932937 57447112
152892836 127375563
152892836 152924889
152892836 58159722
152892836 152941345
152892836 86118255
210210792 152898811
210210792 8816244
210210792 127375563
485347947 127375563
152877129 127375563
152877129 58159722
168511823 86118255
152851212 127375563
152851212 57605395
152851212 58159722
152851212 44481885
152851212 152731553
152851212 57652266
152851212 210238852
210238852 152851212
210238852 57652266
210238852 127375563
210238852 134428313
210238852 18059510
210238852 152731553
58079826 127375563
540851103 127375563
154870842 127375563
6852339 85170091
6852339 13702776
6852339 29861246
6852339 127375563
58159722 127375563
58159722 57605395
58159722 7349341
58159722 152851212
58159722 152566464
58159722 152892836
58159722 298836675
58159722 298838287
58159722 86118255
58159722 155842332
58159722 57447112
58159722 38200406
58159722 52447620
58159722 29861246
58159722 58168672
58159722 101700094
58159722 152924889
58159722 24829034
58159722 152957640
58159722 57652266
298836675 127375563
298836675 58159722
24829034 142439444
24829034 127375563
24829034 58159722
58159341 127375563
58159341 58159722
85170091 8816244
85170091 107477011
85170091 29829433
85170091 44481885
85170091 134428313
85170091 57652266
85170091 29861246
85170091 58049013
85170091 18059510
85170091 152731553
85170091 6852339
152727428 8816244
152727428 127375563
152727428 57447112
142439444 127375563
142439444 24829034
142439444 152731553
581925696 127375563
152725332 127375563
152725332 58159722
298838287 127375563
298838287 58159722
152655414 127375563
152655414 152907173
152655414 152821477
152730231 127375563
152730231 57652266
152819703 127375563
86118255 58281376
86118255 152924889
86118255 58159722
86118255 101700094
86118255 152957640
86118255 152892836
86118255 168511823
86118255 18059510
29861246 127375563
29861246 7349341
29861246 8816244
29861246 58159722
29861246 6852339
152695507 127375563
134428313 152907173
134428313 29829433
134428313 152731553
134428313 57652266
134428313 210238852
134428313 85170091
563124739 127375563
563124739 75870775
29829433 127375563
29829433 107477011
29829433 13702776
29829433 85170091
58113976 127375563
61257962 152930636
61257962 127375563
61257962 58159722
61257962 57652266
129653270 127375563
152907173 152655414
152907173 152898811
152907173 8816244
152907173 127375563
152907173 152924889
152907173 52447620
152907173 134428313
152907173 57652266
152928613 127375563
152928613 58159722
152566464 127375563
152566464 58159722
152566464 57652266
155842332 152930636
155842332 127375563
155842332 58159722
155842332 44481885
155842332 57652266
67912821 127375563
38200406 127375563
38200406 44481885
38200406 8816244
38200406 58159722
38200406 57652266
107477011 127375563
107477011 152921521
107477011 29829433
107477011 75870775
107477011 152941345
107477011 57652266
107477011 85170091
58049013 127375563
58049013 8816244
58049013 58159722
58049013 85170091
44481885 38200406
44481885 8816244
44481885 127375563
44481885 152851212
44481885 52447620
44481885 86012652
44481885 54475226
44481885 155842332
44481885 57652266
44481885 85170091
152930636 127375563
152930636 61257962
152930636 155842332
152930636 57652266
50629799 127375563
74691031 127375563
74691031 57652266
74691031 8816244
152941345 127375563
152941345 58159722
152941345 107477011
152941345 152892836
152941345 152968508
152941345 57652266
8816244 127375563
8816244 152907173
8816244 152941345
8816244 152727428
8816244 38200406
8816244 29861246
8816244 18059510
8816244 58049013
8816244 74691031
8816244 210210792
75870775 127375563
75870775 563124739
75870775 29829433
75870775 107477011
152924889 127375563
152924889 152907173
152924889 7349341
152924889 152687939
152924889 152892836
152924889 58154714
152924889 86118255
152924889 58168672
152924889 58159722
536116361 127375563
152731553 152898811
152731553 127375563
152731553 152851212
152731553 134428313
152731553 58159722
152731553 57652266
152731553 210238852
152731553 85170091
86012652 127375563
86012652 44481885
155864677 58159722
155864677 127375563
152850611 127375563
152850611 58159722
152687939 152924889
152898811 127375563
152898811 152907173
152898811 152731553
152898811 210210792
152821477 127375563
152821477 152907173
52447620 127375563
52447620 152907173
52447620 8816244
52447620 58159722
152957266 58159722
13702776 57605395
13702776 29829433
13702776 18059510
13702776 57652266
13702776 6852339
54475226 127375563
54475226 44481885
54475226 57652266
152957640 127375563
152957640 298832088
