289173741 127403655
239369020 127403655
300077749 127403655
232309797 127403655
652789147 127403655
741159943 127403655
666069445 127403655
365273198 127403655
33367300 127403655
228620066 127403655
495866616 127403655
21115943 13933307
836611967 127403655
201109354 127403655
39228589 114397983
39228589 127403655
53588481 71197454
53588481 127403655
53588481 14157490
836612192 127403655
742855905 127403655
644410066 127403655
731742627 127403655
350185611 127403655
156291473 127403655
144533902 127403655
538545241 127403655
182272609 127403655
14480754 182722617
745920058 127403655
369604872 127403655
299177554 127403655
836613273 127403655
700850903 127403655
13933307 289173741
13933307 21115943
13933307 127403655
13933307 156291473
313898868 127403655
836614859 127403655
747507008 127403655
24905008 127403655
661061629 127403655
106876682 127403655
114397983 167426041
156045150 127403655
14157490 127403655
14157490 53588481
299113395 127403655
230839762 127403655
51818365 127403655
700043970 700972637
235392119 127403655
113060475 127403655
741305203 127403655
220742417 127403655
383105830 127403655
686798049 127403655
71197454 127403655
674294854 127403655
700972637 127403655
298810402 127403655
127905627 127403655
167426041 127403655
167426041 114397983
578942695 127403655
299425350 127403655
300084767 127403655
300084767 71197454
1422270 127403655
364793278 127403655
68158698 127403655
5285506 127403655
90018237 127403655
307508888 127403655
833560035 127403655
307412801 127403655
182722617 14480754
638626604 127403655
745981843 127403655
48706655 127403655
295608957 127403655
106990508 127403655
578976425 127403655
448660212 127403655
77847395 127403655
400382107 114397983
316255792 127403655
