142566785 127741486
142566785 49837451
142566785 67023762
142566785 163815091
142566785 196849712
142566785 9829261
142566785 2437540
142566785 40609826
142566785 130915895
142566785 61245497
142566785 129861507
142566785 208413546
142566785 75377085
142566785 24972567
142566785 6554788
142566785 37490410
142566785 44694988
142566785 675167112
142566785 163817603
142566785 74296520
142566785 604654626
142566785 604130646
58139939 58342505
49759833 128792024
9829261 127741486
9829261 36105761
9829261 733296355
9829261 25048515
9829261 130915895
9829261 128792024
9829261 91740279
9829261 61245497
9829261 24998802
9829261 6554788
9829261 191825110
9829261 74296520
137306707 127741486
137306707 74296520
137306707 6554788
137306707 2437540
55196985 127741486
55196985 196849712
55196985 2437540
55196985 733296355
55196985 6554788
55196985 604654626
604130646 61245497
604130646 4898172
604130646 6554788
604130646 163815091
604130646 2437540
604130646 49837451
604130646 74296520
163817603 142566785
163817603 127741486
163817603 605156954
163817603 30521119
163817603 49837451
163817603 7208995
163817603 67023762
163817603 163815091
163817603 196849712
163817603 2437540
163817603 61245497
163817603 208413546
163817603 75377085
163817603 24972567
163817603 6554788
163817603 44694988
36489390 127741486
36489390 67023762
36489390 9829261
605156954 127741486
605156954 74296520
605156954 163817603
605156954 675167112
605156954 6554788
605156954 61245497
605156954 2437540
605156954 196849712
116022051 127741486
116022051 9829261
4898172 85125458
4898172 127741486
4898172 20366401
4898172 30521119
4898172 661904784
4898172 67023762
4898172 163815091
4898172 9829261
4898172 2437540
4898172 61245497
4898172 24998802
4898172 75377085
4898172 6554788
4898172 37490410
4898172 191825110
4898172 74296520
4898172 604130646
85125458 127741486
85125458 20366401
85125458 30521119
85125458 196849712
85125458 9829261
85125458 90572781
85125458 6554788
85125458 37490410
85125458 74296520
44981351 44987941
7208995 44987941
7208995 9829261
61245497 85125458
61245497 10245397
61245497 127741486
61245497 20366401
61245497 49666279
61245497 30521119
61245497 67023762
61245497 163815091
61245497 9829261
61245497 128683710
61245497 90572781
61245497 2437540
61245497 4898172
61245497 130915895
61245497 80410137
61245497 128792024
61245497 91740279
61245497 24998802
61245497 129861507
61245497 208413546
61245497 75377085
61245497 24972567
61245497 6554788
61245497 37490410
61245497 44694988
61245497 675167112
61245497 191825110
61245497 74296520
61245497 604654626
61245497 604130646
75712511 127741486
120289823 20366401
11662503 91740279
37490410 85125458
37490410 127741486
37490410 20366401
37490410 30521119
37490410 49837451
37490410 128163105
37490410 67023762
37490410 196849712
37490410 90572781
37490410 49012548
37490410 2437540
37490410 200204086
37490410 4898172
37490410 91740279
37490410 61245497
37490410 129861507
37490410 75377085
37490410 24972567
37490410 6554788
37490410 55196985
37490410 74296520
57990849 18897879
49837451 30521119
49837451 67023762
49837451 196849712
49837451 2437540
49837451 40619862
49837451 80410137
49837451 61245497
49837451 253833870
49837451 208413546
49837451 6554788
49837451 37490410
49837451 675167112
49837451 163817603
49837451 604130646
128163105 127741486
128163105 9829261
128163105 91740279
128163105 37490410
191825110 30521119
191825110 67023762
191825110 9829261
191825110 4898172
191825110 128792024
191825110 61245497
191825110 74296520
6554788 142566785
6554788 85125458
6554788 10245397
6554788 120289823
6554788 44987941
6554788 605156954
6554788 36489390
6554788 30521119
6554788 49837451
6554788 7208995
6554788 67023762
6554788 163815091
6554788 196849712
6554788 9829261
6554788 90572781
6554788 2437540
6554788 4898172
6554788 91740279
6554788 61245497
6554788 129861507
6554788 208413546
6554788 75377085
6554788 24972567
6554788 37490410
6554788 55196985
6554788 44694988
6554788 675167112
6554788 163817603
6554788 74296520
6554788 604130646
196849712 30521119
196849712 49837451
196849712 67023762
196849712 2437540
196849712 61245497
196849712 6554788
196849712 37490410
196849712 74296520
91740279 127741486
91740279 11662503
91740279 128163105
91740279 9829261
91740279 130915895
91740279 128792024
91740279 74296520
19273279 127741486
19273279 74296520
19273279 6554788
19273279 9829261
19273279 163815091
604654626 6554788
604654626 55196985
604654626 2437540
604654626 9829261
604654626 208413546
253833870 127741486
253833870 605156954
253833870 49837451
253833870 163815091
253833870 9829261
253833870 2437540
253833870 128792024
253833870 61245497
253833870 208413546
253833870 6554788
253833870 44694988
253833870 74296520
49394662 127741486
49394662 163815091
49394662 6554788
49394662 74296520
58342505 58139939
58342505 18897879
44987941 127741486
44987941 512575425
44987941 30521119
44987941 7208995
44987941 661904784
44987941 67023762
44987941 163815091
44987941 6554788
44987941 44694988
44987941 675167112
44987941 2437540
25048515 9829261
54153458 127741486
54153458 9829261
54153458 2437540
54153458 733296355
36105761 127741486
36105761 733296355
36105761 130915895
36105761 128792024
36105761 91740279
10245397 127741486
10245397 30521119
10245397 9829261
10245397 2437540
10245397 61245497
10245397 24998802
10245397 24972567
10245397 55196985
10245397 74296520
49666279 10245397
49666279 67023762
49666279 163815091
49666279 9829261
49666279 57318038
49666279 2437540
49666279 128792024
49666279 61245497
49666279 75377085
49666279 6554788
49666279 37490410
49666279 44694988
49666279 74296520
675167112 128683710
675167112 80410137
675167112 61245497
75377085 30521119
75377085 49837451
75377085 67023762
75377085 4898172
75377085 733296355
75377085 61245497
75377085 6554788
75377085 37490410
75377085 163817603
75377085 74296520
130915895 127741486
130915895 9829261
130915895 36105761
130915895 733296355
130915895 128792024
130915895 91740279
31824059 127741486
57318038 127741486
58328916 18897879
58328916 58342505
24972567 142566785
24972567 30521119
24972567 44183228
24972567 681478825
24972567 163815091
24972567 90572781
24972567 49012548
24972567 80410137
24972567 61245497
24972567 208413546
24972567 37490410
24972567 44694988
24972567 163817603
661904784 127741486
661904784 91740279
44694988 142566785
44694988 163815091
44694988 128683710
44694988 2437540
44694988 40619862
44694988 80410137
44694988 61245497
44694988 253833870
44694988 24972567
44694988 6554788
20366401 85125458
20366401 120289823
20366401 127741486
20366401 4898172
20366401 61245497
20366401 24998802
20366401 37490410
20366401 74296520
163815091 19273279
163815091 44987941
163815091 127741486
163815091 49666279
163815091 681478825
163815091 67023762
163815091 196849712
163815091 9829261
163815091 49394662
163815091 2437540
163815091 4898172
163815091 80410137
163815091 208413546
163815091 24972567
163815091 6554788
163815091 44694988
163815091 163817603
163815091 74296520
163815091 536361571
163815091 604130646
200204086 127741486
200204086 37490410
44183228 127741486
44183228 9829261
44183228 91740279
44183228 24972567
512575425 127741486
18897879 57990849
18897879 58342505
128683710 127741486
128683710 733296355
128683710 128792024
128683710 91740279
536361571 163815091
536361571 9829261
681478825 127741486
681478825 163815091
681478825 9829261
681478825 2437540
681478825 24972567
58075279 127741486
58075279 9829261
58075279 91740279
49012548 127741486
49012548 733296355
49012548 24972567
49012548 37490410
49012548 2437540
49012548 74296520
40609826 142566785
40609826 127741486
40609826 661904784
40609826 67023762
40609826 9829261
40609826 2437540
40609826 44694988
189714885 44987941
189714885 49837451
189714885 163815091
189714885 208413546
189714885 6554788
189714885 163817603
30521119 85125458
30521119 10245397
30521119 44987941
30521119 127741486
30521119 49837451
30521119 67023762
30521119 90572781
30521119 2437540
30521119 4898172
30521119 80410137
30521119 61245497
30521119 208413546
30521119 75377085
30521119 24972567
30521119 6554788
30521119 37490410
30521119 163817603
30521119 74296520
24998802 127741486
24998802 36489390
24998802 20366401
24998802 30521119
24998802 67023762
24998802 196849712
24998802 9829261
24998802 90572781
24998802 2437540
24998802 4898172
24998802 80410137
24998802 61245497
24998802 208413546
24998802 6554788
24998802 37490410
24998802 55196985
24998802 74296520
208413546 19273279
208413546 85125458
208413546 127741486
208413546 49666279
208413546 30521119
208413546 49837451
208413546 67023762
208413546 163815091
208413546 196849712
208413546 90572781
208413546 2437540
208413546 80410137
208413546 91740279
208413546 61245497
208413546 24998802
208413546 75377085
208413546 24972567
208413546 6554788
208413546 37490410
208413546 55196985
208413546 44694988
208413546 675167112
208413546 163817603
208413546 74296520
208413546 604654626
371338359 127741486
90572781 85125458
90572781 30521119
90572781 9829261
90572781 61245497
90572781 24998802
90572781 208413546
90572781 24972567
90572781 6554788
90572781 37490410
90572781 74296520
40619862 142566785
40619862 127741486
40619862 49837451
40619862 163815091
40619862 196849712
40619862 9829261
40619862 2437540
40619862 733296355
40619862 61245497
40619862 6554788
40619862 44694988
40619862 74296520
40619862 604654626
80410137 127741486
80410137 30521119
80410137 49837451
80410137 67023762
80410137 163815091
80410137 9829261
80410137 2437540
80410137 91740279
80410137 61245497
80410137 253833870
80410137 24998802
80410137 75377085
80410137 24972567
80410137 6554788
80410137 44694988
80410137 675167112
80410137 74296520
128792024 127741486
128792024 9829261
128792024 733296355
128792024 130915895
57313821 74296520
57313821 6554788
57313821 61245497
57313821 2437540
57313821 9829261
57313821 196849712
127741486 661904784
127741486 9829261
127741486 128683710
127741486 36105761
127741486 733296355
127741486 130915895
127741486 128792024
127741486 91740279
67023762 196849712
67023762 9829261
67023762 2437540
67023762 61245497
67023762 75377085
67023762 6554788
67023762 37490410
67023762 74296520
74296520 85125458
74296520 10245397
74296520 127741486
74296520 20366401
74296520 30521119
74296520 67023762
74296520 196849712
74296520 9829261
74296520 90572781
74296520 49012548
74296520 2437540
74296520 4898172
74296520 80410137
74296520 91740279
74296520 61245497
74296520 24998802
74296520 75377085
74296520 6554788
74296520 37490410
74296520 191825110
2437540 10245397
2437540 127741486
2437540 11662503
2437540 681478825
2437540 67023762
2437540 196849712
2437540 61245497
2437540 24998802
2437540 6554788
2437540 74296520
