164990580 95122840
166045068 95122840
564997011 118263723
604403729 136440619
604403729 833464843
285440108 95122840
163105883 95122840
163105883 130005966
747580883 95122840
139633337 95122840
165439538 100938055
123482542 95122840
123482542 130005966
123482542 685594948
123482542 172429259
95141858 134681125
722834175 152481232
770148641 164594270
770148641 95122840
155069381 95122840
152481232 130005966
529495867 178754320
164361897 130005966
164361897 95122840
685594948 130005966
685594948 123482542
165150026 95122840
165150026 130005966
425436604 404619850
172429259 165100870
172429259 123482542
172429259 95122840
102203270 95122840
836610389 95122840
674297829 130005966
674297829 685594948
674297829 95122840
110372530 95122840
115041837 130005966
694207497 155069381
694207497 95122840
694207497 685594948
121934734 95122840
219612252 95122840
114515678 528407620
118263723 95122840
549017070 95122840
549017070 172429259
549017070 123482542
144823714 95122840
144823714 152481232
58280695 155069381
58280695 95122840
231773486 95122840
231773486 155069381
231773486 764446528
97129601 152481232
401483123 836375546
528407620 95122840
528407620 114515678
165411447 95122840
155130434 95122840
178884626 152481232
165100870 152481232
165100870 172429259
130005966 118263723
130005966 115041837
130005966 152481232
130005966 95122840
130005966 165150026
130005966 163105883
96985008 95122840
96985008 100938055
404619850 155069381
404619850 425436604
836375546 401483123
164524027 161994203
164524027 95122840
164594270 770148641
164594270 130005966
164594270 95122840
164594270 685613907
496498865 95122840
134681125 130005966
163264523 130005966
163264523 152481232
365856250 152481232
365856250 95122840
178754320 508895800
178754320 529495867
178754320 95122840
178754320 139633337
178754320 132082365
764446528 164361897
764446528 231773486
149554073 121934734
136440619 152481232
136440619 604403729
164635440 95122840
163853759 95122840
685613907 164594270
95122840 770148641
95122840 496498865
95122840 130005966
95122840 747580883
95122840 164594270
95122840 118263723
95122840 163853759
95122840 161994203
95122840 836610389
95122840 164361897
95122840 166045068
95122840 155069381
95122840 163105883
95122840 139633337
95122840 165411447
95122840 285440108
95122840 172429259
95122840 123482542
95122840 58280695
95122840 528407620
95122840 165150026
95122840 231773486
833464843 604403729
161994203 95122840
161994203 164524027
