812046523 52396923
7506543 81378215
7506543 52396923
287686864 54437099
287686864 456982113
45383008 67855315
299607904 52396923
67855315 45383008
67855315 54437099
67855315 259998353
67855315 50206773
67855315 156723094
68549597 36191224
68549597 52396923
68549597 836610582
10324118 36191224
10324118 16069376
10324118 133747981
133747981 10324118
133747981 82036972
133747981 8174856
82036972 56667276
82036972 54437074
82036972 52544219
82036972 54437099
82036972 16069376
82036972 57126394
82036972 39329788
82036972 52566254
82036972 17905523
82036972 61035897
82036972 52534190
8174856 52396923
8174856 133747981
13411192 36191224
13411192 52396923
156240738 52396923
102260365 52396923
208471917 81378215
56667276 54437099
56667276 82036972
57596472 52396923
57596472 133747981
259998353 67855315
50206773 67855315
135397357 54345410
135397357 54438411
61240794 54334876
180282768 52396923
180282768 52029115
81378215 36191224
81378215 54438411
81378215 208471917
81378215 943639
81378215 52396923
81378215 7506543
81378215 377290314
140856027 54437074
52534190 52544219
52534190 54437099
52534190 82036972
52534190 35501794
52534190 140856027
52534190 61240794
56345312 54437074
56345312 36191224
56345312 52396923
56345312 133747981
56345312 57061330
377290314 81378215
26761765 36191224
26761765 16069376
97225276 52396923
54345410 135397357
52396923 23508383
52396923 603170464
52396923 23039251
52396923 81378215
52396923 52544219
52396923 102260365
52396923 180282768
52396923 36191224
52396923 54438411
52396923 120290679
52396923 68549597
52396923 214054604
52396923 97225276
52396923 51633445
52396923 155767036
52396923 156240738
52396923 943639
52396923 50208180
52396923 13411192
52396923 56345312
52396923 812046523
52396923 57061330
52396923 7506543
52396923 97409715
52396923 8174856
52396923 299607904
52396923 52029115
154913773 54437099
154913773 82036972
23039251 52396923
45483154 54627035
45483154 54438411
45483154 17905523
45483154 429396618
32041639 57061330
943639 52396923
65343742 61035897
61035897 54437074
61035897 54437099
61035897 82036972
61035897 57126394
61035897 65343742
54438411 54627035
54438411 52396923
54438411 45483154
54438411 135397357
54438411 17905523
52542827 67855315
39329788 603170464
39329788 82036972
57126394 82036972
17905523 54438411
17905523 82036972
97409715 54437074
97409715 54437099
97409715 82036972
583476349 67855315
52029115 180282768
52029115 36191224
52029115 52396923
50208180 54437099
50208180 52396923
45443816 54437099
36191224 81378215
36191224 10324118
36191224 180282768
36191224 68549597
36191224 16069376
36191224 943639
36191224 52396923
36191224 13411192
36191224 56345312
36191224 52029115
36191224 26761765
8283567 54437074
54437099 56667276
54437099 67855315
54437099 54437074
54437099 287686864
54437099 82036972
54437099 57126394
54437099 50208180
54437099 57061330
54437099 97409715
54437099 61035897
54437099 52534190
214054604 52396923
214054604 133747981
54437074 54437099
54437074 82036972
54437074 56345312
54437074 57061330
54437074 97409715
54437074 429396618
54437074 61035897
52544219 82036972
52544219 52396923
52544219 52534190
54627035 133747981
57061330 603170464
57061330 54437074
57061330 54437099
57061330 52396923
57061330 56345312
57061330 240167512
57061330 32041639
57061330 17905523
52566254 82036972
240167512 57061330
54334876 61240794
51633445 52396923
603170464 57061330
603170464 52396923
603170464 39329788
23508383 52396923
16069376 67855315
16069376 10324118
16069376 36191224
16069376 82036972
16069376 26761765
836610582 68549597
156723094 67855315
35501794 52534190
