56951743 67886208
56951743 2264309
56951743 38235051
56951743 501373418
13174306 2264309
13174306 38235051
13174306 21603999
13174306 83906518
58267402 677714184
58267402 67886208
58267402 328134426
58267402 223884221
58267402 52556865
58267402 8983689
58267402 58392088
58267402 2264309
58267402 58008612
58267402 56932526
58267402 300910970
58267402 81377132
58267402 58150072
58267402 298858788
58267402 58096593
58267402 38235051
58267402 601651509
58267402 56950256
58267402 98149671
58267402 677177562
58267402 39018444
58267402 69622340
58267402 58265013
58267402 83906518
677529387 38235051
58168624 28780397
58168624 2264309
58168624 38235051
8983689 67886208
8983689 328134426
8983689 2264309
8983689 57305914
8983689 12645864
8983689 81377132
8983689 58103064
8983689 38235051
8983689 56950256
8983689 98149671
8983689 131882834
8983689 35857246
8983689 677545011
8983689 122748397
8983689 6992488
8983689 39018444
8983689 69622340
8983689 19705272
8983689 501373418
8983689 58265013
56950256 67886208
56950256 328134426
56950256 205885413
56950256 52556865
56950256 58267402
56950256 58392088
56950256 2264309
56950256 833836174
56950256 52576922
56950256 57305914
56950256 131845569
56950256 56932526
56950256 58186628
56950256 300910970
56950256 49833944
56950256 81377132
56950256 58103064
56950256 58096593
56950256 38235051
56950256 98149671
56950256 131882834
56950256 21603999
56950256 82649726
56950256 39018444
56950256 142733911
56950256 105723194
56950256 501373418
56950256 58265013
56950256 83906518
300910970 58267402
300910970 98149671
655728465 38235051
58121794 38235051
58082703 38235051
677177562 328134426
677177562 58267402
677177562 58392088
677177562 2264309
677177562 81377132
14480707 2264309
14480707 38235051
49833944 6992488
49833944 205885413
49833944 2264309
49833944 56932526
49833944 38235051
49833944 56950256
49833944 57305914
49833944 122748397
49833944 501373418
82649726 58392088
82649726 2264309
82649726 38235051
82649726 56950256
677545011 8983689
677545011 38235051
677545011 58265013
677545011 21603999
39018444 81377132
39018444 122748397
39018444 2264309
39018444 131845569
39018444 36093524
39018444 301346655
39018444 58103064
39018444 8983689
39018444 6992488
39018444 56932526
39018444 328134426
39018444 58267402
39018444 58423376
39018444 56950256
39018444 69622340
39018444 19705272
39018444 58265013
234443803 38235051
234443803 58392088
6992488 67886208
6992488 36093524
6992488 2264309
6992488 56932526
6992488 49833944
6992488 58103064
6992488 38235051
6992488 35857246
6992488 205890876
6992488 71299834
6992488 8983689
6992488 39018444
6992488 142733911
6992488 58265013
69622340 131882834
69622340 58291843
69622340 36093524
69622340 205890876
69622340 2264309
69622340 8983689
69622340 38235051
69622340 58103064
69622340 39018444
69622340 56932526
69622340 58267402
69622340 6992488
69622340 501373418
57305914 328134426
57305914 28780397
57305914 36093524
57305914 6992488
57305914 205885413
57305914 8983689
57305914 58392088
57305914 2264309
57305914 56932526
57305914 38235051
57305914 56950256
57305914 131882834
57305914 205890876
57305914 49833944
57305914 58291843
57305914 205885099
57305914 142733911
57305914 105723194
57305914 501373418
57305914 58265013
57305914 83906518
56932526 67886208
56932526 328134426
56932526 57769375
56932526 28780397
56932526 36093524
56932526 6992488
56932526 205885413
56932526 58267402
56932526 8983689
56932526 58392088
56932526 2264309
56932526 52576922
56932526 57305914
56932526 300910970
56932526 38235051
56932526 56950256
56932526 98149671
56932526 131882834
56932526 205890876
56932526 21603999
56932526 39018444
56932526 69622340
56932526 142733911
56932526 83906518
56932526 58265013
56932526 501373418
28780397 57305914
28780397 56932526
28780397 58168624
28780397 38235051
100229737 38235051
100229737 56950256
45161745 2264309
52576922 56932526
52576922 38235051
52576922 56950256
78909659 12645864
67886208 6992488
67886208 52556865
67886208 58267402
67886208 8983689
67886208 58392088
67886208 2264309
67886208 58008612
67886208 56932526
67886208 58186628
67886208 81377132
67886208 58150072
67886208 298858788
67886208 58096593
67886208 56951743
67886208 38235051
67886208 601651509
67886208 56950256
67886208 98149671
67886208 131882834
67886208 205890876
67886208 122748397
67886208 83906518
67886208 501373418
299601467 38235051
71299834 2264309
71299834 131845569
71299834 38235051
71299834 6992488
2266801 2264309
2266801 38235051
122748397 67886208
122748397 2264309
122748397 8908388
122748397 58186628
122748397 45161745
122748397 49833944
122748397 205885099
122748397 142733911
122748397 105723194
105723194 57305914
105723194 56932526
105723194 58291843
105723194 677714184
105723194 56950256
105723194 38235051
105723194 58103064
105723194 122748397
105723194 205885413
105723194 501373418
35857246 6992488
35857246 2264309
35857246 300910970
35857246 38235051
35857246 81378162
35857246 205890876
69795352 38235051
131845569 71299834
131845569 38235051
131845569 205890876
131845569 39018444
81378162 2264309
81378162 58423376
81378162 38235051
81378162 35857246
81378162 58291843
58008612 67886208
58008612 223884221
58008612 58267402
58008612 2264309
58008612 300910970
58008612 81377132
58008612 58150072
58008612 38235051
58008612 83906518
58008612 98149671
205890876 67886208
205890876 6992488
205890876 2264309
205890876 57305914
205890876 131845569
205890876 58423376
205890876 56932526
205890876 58103064
205890876 38235051
205890876 69622340
205890876 58265013
58096593 67886208
58096593 28780397
58096593 223884221
58096593 58267402
58096593 58392088
58096593 2264309
58096593 58186628
58096593 300910970
58096593 58150072
58096593 601651509
58096593 56950256
58096593 98149671
205885413 36093524
205885413 223884221
205885413 58392088
205885413 2264309
205885413 57305914
205885413 56932526
205885413 49833944
205885413 58103064
205885413 38235051
205885413 56950256
205885413 58291843
205885413 58265013
205885413 501373418
205885413 105723194
205890882 501373418
205890882 38235051
205890882 300910970
19829860 58392088
19829860 300910970
19829860 38235051
58392088 677714184
58392088 67886208
58392088 234443803
58392088 223884221
58392088 6992488
58392088 205885413
58392088 58267402
58392088 8983689
58392088 301346655
58392088 2264309
58392088 58008612
58392088 57305914
58392088 56932526
58392088 58186628
58392088 300910970
58392088 81377132
58392088 58150072
58392088 298858788
58392088 58096593
58392088 299536504
58392088 38235051
58392088 601651509
58392088 56950256
58392088 98149671
58392088 677177562
58392088 19829860
58392088 82649726
58392088 205885099
58392088 19705272
58392088 142733911
58392088 83906518
601651509 67886208
601651509 58267402
601651509 58392088
601651509 2264309
601651509 58008612
601651509 300910970
601651509 58150072
601651509 298858788
601651509 58096593
601651509 38235051
601651509 83906518
601651509 98149671
677714184 36093524
677714184 58267402
677714184 58392088
677714184 2264309
677714184 38235051
677714184 501373418
205885099 328134426
205885099 57305914
205885099 58392088
205885099 122748397
131882834 67886208
131882834 251870035
131882834 2264309
131882834 56932526
131882834 38235051
131882834 56950256
131882834 21603999
131882834 69622340
131882834 83906518
131882834 142733911
58291843 28780397
58291843 205885413
58291843 2264309
58291843 58423376
58291843 56932526
58291843 38235051
58291843 81378162
58291843 57305914
58291843 69622340
328134426 519804994
328134426 58267402
328134426 8983689
328134426 2264309
328134426 57305914
328134426 56932526
328134426 38235051
328134426 56950256
328134426 301976113
328134426 677177562
328134426 39018444
328134426 205885099
328134426 58265013
38235051 138657083
12645864 2264309
12645864 38235051
12645864 78909659
58018596 38235051
57769375 56932526
57769375 38235051
677263525 38235051
58300595 28780397
58300595 21603999
58300595 501373418
142733911 131882834
142733911 38235051
142733911 6992488
142733911 58392088
142733911 56932526
142733911 57305914
142733911 122748397
142733911 56950256
142733911 501373418
58423376 252115335
58423376 2264309
58423376 30121780
58423376 58103064
58423376 38235051
58423376 81378162
58423376 131882834
58423376 205890876
58423376 58291843
58423376 39018444
251870035 131882834
81377132 67886208
81377132 36093524
81377132 223884221
81377132 58267402
81377132 8983689
81377132 58392088
81377132 2264309
81377132 58008612
81377132 300910970
81377132 58150072
81377132 298858788
81377132 58103064
81377132 58096593
81377132 38235051
81377132 56950256
81377132 98149671
81377132 677177562
81377132 19829860
81377132 39018444
81377132 501373418
58150072 67886208
58150072 58267402
58150072 58392088
58150072 58008612
58150072 81377132
58150072 83906518
58150072 98149671
58150072 601651509
58150072 38235051
58150072 58096593
58150072 298858788
677281169 252115335
677281169 501373418
677281169 38235051
301346655 58392088
301346655 2264309
301346655 39018444
301346655 98149671
223884221 58267402
223884221 58392088
223884221 2264309
223884221 98149671
223884221 38235051
223884221 58096593
223884221 81377132
223884221 300910970
223884221 58008612
52556865 677714184
52556865 67886208
52556865 58267402
52556865 2264309
52556865 58008612
52556865 56932526
52556865 300910970
52556865 38235051
52556865 56950256
58103064 6992488
58103064 205885413
58103064 8983689
58103064 2264309
58103064 58423376
58103064 81377132
58103064 56950256
58103064 205890876
58103064 39018444
58103064 69622340
58103064 299817321
58103064 58265013
58103064 105723194
57417582 2264309
57417582 38235051
299536504 58392088
299536504 2264309
299536504 38235051
299536504 21603999
58246249 38235051
83906518 67886208
83906518 6992488
83906518 58267402
83906518 58392088
83906518 2264309
83906518 58008612
83906518 56932526
83906518 58186628
83906518 300910970
83906518 58150072
83906518 38235051
83906518 56950256
83906518 98149671
83906518 57305914
19705272 8983689
19705272 39018444
19705272 38235051
19705272 2264309
19705272 36093524
98149671 67886208
98149671 223884221
98149671 58267402
98149671 8983689
98149671 301346655
98149671 58392088
98149671 2264309
98149671 58008612
98149671 677529387
98149671 56932526
98149671 58186628
98149671 300910970
98149671 81377132
98149671 58150072
98149671 298858788
98149671 58096593
98149671 38235051
98149671 13174306
98149671 601651509
98149671 56950256
98149671 83906518
21603999 28780397
21603999 36093524
21603999 252115335
21603999 2264309
21603999 57305914
21603999 677529387
21603999 56932526
21603999 298858788
21603999 299536504
21603999 38235051
21603999 13174306
21603999 56950256
21603999 131882834
21603999 58300595
21603999 677545011
519804994 328134426
519804994 501373418
519804994 38235051
299817321 58103064
252115335 2264309
252115335 677281169
252115335 58423376
252115335 38235051
252115335 21603999
30121780 2264309
30121780 58423376
30121780 58186628
30121780 38235051
298858788 67886208
298858788 223884221
298858788 58267402
298858788 58392088
298858788 2264309
298858788 300910970
298858788 81377132
298858788 58150072
298858788 38235051
298858788 98149671
301976113 328134426
301976113 38235051
301976113 501373418
501373418 205890882
501373418 2264309
501373418 28780397
501373418 142733911
501373418 58082462
501373418 38235051
501373418 57305914
501373418 45161745
501373418 81377132
501373418 8983689
501373418 58300595
501373418 56950256
501373418 56932526
501373418 49833944
501373418 301976113
501373418 78909659
501373418 105723194
501373418 56951743
501373418 298858788
501373418 67886208
501373418 519804994
501373418 205885413
501373418 69622340
501373418 677714184
501373418 58265013
8908388 58186628
36093524 677714184
36093524 6992488
36093524 205885413
36093524 2264309
36093524 57305914
36093524 56932526
36093524 81377132
36093524 38235051
36093524 21603999
36093524 39018444
36093524 69622340
36093524 19705272
56568583 2264309
56568583 38235051
58186628 67886208
58186628 58392088
58186628 8908388
58186628 30121780
58186628 58096593
58186628 38235051
58186628 56950256
58186628 98149671
58186628 122748397
58265013 6992488
58265013 677545011
58265013 58267402
58265013 205885413
58265013 58103064
58265013 131882834
58265013 39018444
58265013 19705272
58265013 122748397
58265013 2264309
58265013 57305914
58265013 8983689
58265013 205890876
58265013 501373418
58265013 328134426
58265013 56932526
58265013 38235051
2264309 677714184
2264309 67886208
2264309 328134426
2264309 71299834
2264309 36093524
2264309 6992488
2264309 58267402
2264309 8983689
2264309 301346655
2264309 58423376
2264309 45161745
2264309 30121780
2264309 56568583
2264309 81377132
2264309 298858788
2264309 58103064
2264309 13174306
2264309 56950256
2264309 98149671
2264309 81378162
2264309 131882834
2264309 677177562
2264309 205890876
2264309 122748397
2264309 82649726
2264309 39018444
2264309 69622340
2264309 19705272
2264309 58265013
