132447751 127171189
43794671 127171189
65396025 127171189
22986414 127171189
266372758 127171189
10603822 127171189
10603822 71255990
482962975 71255990
230928447 127171189
35995601 127171189
35995601 6248086
19004694 71255990
45014888 127171189
54936770 127171189
77440656 127171189
57385406 127171189
129183154 127171189
81376989 127171189
6036965 127171189
57452588 127171189
55607255 127171189
46257680 127171189
71255990 127171189
57486193 127171189
175686935 127171189
52387092 127171189
22837897 127171189
11448797 127171189
200168873 127171189
186604973 127171189
291645551 127171189
277520343 127171189
43974055 127171189
57380779 127171189
57380779 71255990
60710990 127171189
217125657 55899032
128699166 127171189
44653114 127171189
746950696 127171189
44916185 127171189
155845174 127171189
102613041 127171189
127453802 127171189
136905899 127171189
49632494 127171189
11966174 127171189
49491328 127171189
55597418 127171189
44571613 127171189
49064066 231534060
54137238 127171189
16309777 127171189
231534060 49064066
3529141 127171189
47754982 127171189
44625105 127171189
25251319 71255990
15858615 127171189
306423977 127171189
48733656 127171189
55899032 127171189
45223466 127171189
16131186 127171189
44719469 127171189
6248086 127171189
6248086 35995601
82022039 127171189
33496041 127171189
112551315 127171189
54682216 71255990
6450764 127171189
102270774 127171189
82638781 127171189
6263289 127171189
48301704 127171189
166818751 127171189
47087192 127171189
128359157 127171189
75381893 127171189
