82964005 61240819
663446122 61240819
663294975 61240819
836614261 61240819
38661152 61240819
208540368 70034747
132738233 61240819
60869553 61240819
31302092 61240819
130159075 38794218
58139861 61240819
45091268 61240819
58126661 61240819
31848122 61240819
54371794 54432950
54371794 61240819
32160069 61240819
9156839 61240819
127422053 61240819
49022623 61240819
82897844 61240819
129545353 61240819
58476984 61240819
56373868 61240819
56373868 38794218
478068684 61240819
78770203 61240819
61240819 127422053
58323515 61240819
161142245 61240819
4298709 61240819
16774710 61240819
22069508 61240819
49022297 61240819
49022297 158179868
70034747 208540368
70034747 61240819
507734520 61240819
45072620 61240819
55731240 61240819
161141609 58476984
161141609 61240819
52029166 61240819
189252420 61240819
189252420 44461424
70036355 61240819
512564607 61240819
605004515 61240819
169535995 61240819
128264738 61240819
58006764 61240819
71299352 61240819
44461424 189252420
38794218 130159075
38794218 54402943
38794218 61240819
38794218 56373868
45151381 61240819
54391887 61240819
54433450 61240819
138014019 61240819
156016996 61240819
298850371 61240819
83554543 61240819
114808125 61240819
100829311 61240819
54402943 61240819
729905820 61240819
142734246 61240819
54432950 54371794
54432950 61240819
