138466613 90669848
138466613 127557834
138466613 836613761
173214191 127557834
19349184 23482877
319217800 23482877
319217800 127557834
319217800 20670200
71708506 23482877
142710069 23482877
142710069 127557834
52046752 24354396
52046752 127557834
35244608 23482877
35244608 127557834
49308805 40021924
45102312 127557834
534122137 20670200
534122137 127557834
167505759 127557834
538827157 127557834
604838992 23482877
604838992 127557834
17547279 33777818
17547279 128715247
17547279 127557834
45086005 23482877
45086005 20670200
45086005 127557834
45085246 127557834
805769669 127557834
58410136 23482877
58410136 127557834
56135672 127557834
132385285 23482877
132385285 127557834
25910952 24354396
82920924 20670200
82920924 127557834
36478510 23482877
36478510 127557834
300493322 127557834
221450155 127557834
54663849 17547279
54663849 128715247
56863388 23482877
56863388 127557834
45097519 23482877
45097519 20670200
45097519 127557834
650430715 127557834
376291126 127557834
23482877 140364410
23482877 52156968
23482877 35244608
23482877 98491317
23482877 273394090
23482877 208414918
23482877 142710069
23482877 33777818
23482877 604838992
23482877 128715247
23482877 20670200
23482877 45086005
23482877 127557834
23482877 45097519
20670200 140364410
20670200 128715247
20670200 321045884
20670200 45097519
67061824 127557834
40021924 49308805
836614050 127557834
93104566 127557834
543678751 127557834
128715247 17547279
128715247 20670200
99796123 127557834
77522898 127557834
321045884 20670200
24354396 23482877
24354396 52046752
24354396 127557834
24354396 25910952
36408636 127557834
350552070 127557834
140364410 23482877
140364410 20670200
140364410 127557834
208414918 23482877
208414918 127557834
98491317 23482877
98491317 33777818
98491317 20670200
98491317 127557834
273394090 23482877
273394090 127557834
135324517 20670200
774794921 127557834
33777818 23482877
33777818 98491317
33777818 17547279
33777818 20670200
33777818 127557834
52156968 23482877
52156968 127557834
83120936 23482877
83120936 127557834
836613761 138466613
