54403486 113653973
54403486 45162184
767789446 127314610
161553752 127314610
26473337 127314610
140541685 127314610
45162184 54403486
45162184 58271130
45162184 40703631
45162184 58320483
516922650 127314610
40703631 45162184
261092236 127314610
39519839 127314610
549906494 127314610
836613692 127314610
302985687 127314610
783475129 127314610
58271130 45162184
836613476 127314610
643382602 127314610
301148042 127314610
19889363 148210841
19889363 26473337
1844449 127314610
683633349 127314610
481077459 127314610
208409529 127314610
236171078 127314610
647226181 127314610
89250098 127314610
765679318 127314610
154091537 127314610
259044898 127314610
113653973 54403486
552605017 127314610
11268616 127314610
67857274 127314610
54372298 127314610
212926293 127314610
149298200 26473337
54436648 127314610
205890921 127314610
164764833 127314610
58320483 45162184
