53944698 155923939
53944698 93075749
581238656 155923939
65444765 155923939
65444765 133003369
65444765 93075749
54262092 155923939
581982622 155923939
127454189 155923939
224458899 155923939
224458899 57652997
224458899 152579356
224458899 93075749
224458899 32201072
3422521 101696582
3422521 20983211
3422521 152658969
3422521 57645010
3422521 57649470
3422521 152601839
3422521 152656015
3422521 155923939
3422521 44752171
3422521 57648077
152907414 155923939
152907414 20983211
152907414 210235954
152907414 16020656
152907414 57645010
152907414 57648077
152632587 155923939
152632587 210281793
421480153 155923939
20983211 155923939
20983211 152907414
20983211 84089207
20983211 3422521
20983211 57648077
44752171 155923939
44752171 133003369
44752171 93075749
44752171 152656015
44752171 32201072
44752171 34382201
44752171 16020656
44752171 3422521
44752171 38166915
44752171 152920117
9079975 155923939
152920117 44752171
152920117 155923939
152920117 46911433
152920117 152658969
152447788 155923939
558537773 155923939
558537773 152632587
134629112 155923939
54137893 155923939
54137893 49466336
54137893 57648077
152898675 155923939
581232134 155923939
57652997 152579356
57652997 93075749
46924953 155923939
133003369 65444765
133003369 44752171
133003369 152601839
133003369 107496221
210235954 155923939
210235954 66985973
210235954 152907414
149534281 44752171
149534281 155923939
149534281 16020656
210281793 155923939
210281793 152632587
210281793 93075749
152601839 155923939
152601839 298835738
152601839 133003369
152601839 216084847
152601839 32201072
152601839 3422521
152601839 57648077
152682146 155923939
16020656 155923939
16020656 101697878
16020656 152890833
16020656 46911433
16020656 44752171
16020656 32201072
16020656 152907414
16020656 57645010
16020656 149534281
16020656 107496221
16020656 57648077
152579356 155923939
152579356 57652997
152579356 224458899
152579356 57648077
210197899 155923939
200069095 155923939
101697878 155923939
101697878 93075749
101697878 84089207
101697878 16020656
101697878 57645010
3542388 155923939
54183179 155923939
35080543 155923939
581086422 155923939
38166915 155923939
38166915 44752171
47980895 155923939
298835738 155923939
298835738 152601839
4526658 155923939
4526658 44752171
44729558 155923939
57649470 155923939
57649470 46911433
57649470 93075749
57649470 32201072
57649470 152658969
57649470 107496221
57649470 3422521
57649470 57648077
57648077 16020656
57648077 107496221
57648077 20983211
57648077 46911433
57648077 57649470
57648077 54137893
57648077 32201072
57648077 130048054
57648077 134629112
57648077 298835738
57648077 93075749
57648077 43447785
57648077 155923939
57648077 65444765
582215075 155923939
152890833 155923939
152890833 16020656
581239936 155923939
58358256 155923939
152658969 155923939
152658969 57649470
152658969 43447785
152658969 152656015
152658969 57645010
152658969 3422521
152658969 152920117
103476239 155923939
46911433 155923939
46911433 57649470
46911433 66985973
46911433 93075749
46911433 16020656
46911433 57645010
46911433 152920117
46911433 57648077
66985973 133003369
66985973 46911433
66985973 14195493
66985973 210235954
66985973 302444576
577812186 155923939
152819798 155923939
152819798 32201072
84089207 20983211
84089207 101697878
84089207 58090452
84089207 57648077
152684797 155923939
101696582 155923939
101696582 3422521
302444576 66985973
93075749 155923939
93075749 57652997
93075749 101697878
93075749 130048054
93075749 152926830
93075749 46911433
93075749 57649470
93075749 53944698
93075749 224458899
93075749 65444765
93075749 44752171
93075749 32201072
93075749 210281793
93075749 16020656
93075749 57645010
93075749 57648077
14195493 155923939
14195493 66985973
152656015 155923939
152656015 44752171
152656015 32201072
152656015 152898836
152656015 152658969
152656015 3422521
130048054 155923939
130048054 93075749
130048054 43447785
130048054 57648077
152898836 155923939
152898836 54137893
152898836 32201072
305668778 155923939
581162402 155923939
19327323 155923939
580933172 155923939
49466336 155923939
49466336 54137893
131381549 155923939
54196013 155923939
35341527 155923939
43447785 155923939
43447785 130048054
43447785 152658969
43447785 57648077
152580138 155923939
633995069 155923939
152926830 155923939
152926830 93075749
41941090 155923939
496935531 155923939
107496221 16020656
107496221 57649470
107496221 133003369
107496221 32201072
107496221 155923939
107496221 57648077
58294986 155923939
32201072 155923939
32201072 224458899
32201072 93075749
32201072 16020656
32201072 57645010
32201072 107496221
32201072 152898675
32201072 57648077
57645010 155923939
57645010 200069095
57645010 93075749
57645010 32201072
57645010 152907414
57645010 16020656
57645010 46911433
57645010 101697878
57645010 152658969
57645010 3422521
50871114 155923939
152435966 155923939
58090452 155923939
58090452 84089207
