445781524 58417088
79848581 42533555
79848581 30717751
79848581 20140161
39136612 42533555
39136612 129855753
39136612 12033946
39136612 23548728
39136612 20140161
39136612 58417088
100102906 20140161
58417088 20140161
58417088 30717751
58417088 12033946
58417088 82354934
58417088 42533555
58417088 205066456
58417088 39136612
20140161 42533555
20140161 129855753
20140161 12033946
20140161 30717751
20140161 79848581
20140161 82354934
20140161 23548728
20140161 39136612
20140161 100102906
20140161 58417088
232850035 30717751
232850035 20140161
42533555 12033946
42533555 30717751
42533555 82354934
42533555 205066456
42533555 665577700
42533555 20140161
23548728 12033946
23548728 30717751
23548728 20140161
23548728 39136612
129855753 20140161
12033946 42533555
12033946 129855753
12033946 30717751
12033946 23548728
12033946 20140161
12033946 39136612
12033946 58417088
679889095 42533555
58098074 42533555
205066456 42533555
205066456 30717751
205066456 58417088
30717751 42533555
30717751 129855753
30717751 12033946
30717751 79848581
30717751 23548728
30717751 205066456
30717751 20140161
30717751 232850035
30717751 58417088
82354934 42533555
82354934 20140161
82354934 39136612
82354934 58417088
484635808 42533555
484635808 58417088
665577700 42533555
