132285239 127171302
121098118 127171302
49056015 127171302
497614712 127286436
78786678 127171302
199936656 127171302
30916609 127171302
48752529 127286436
138918531 127171302
45222377 127171302
44577394 127171302
151563830 127171302
436154164 127171302
82167381 127171302
71672480 127286436
44790420 127171302
265259415 127171302
82665145 8021024
104966517 127286436
44603030 127171302
8021024 127171302
8021024 128690237
57447640 127171302
48549179 127286436
572404390 127286436
49436327 127286436
48477357 127171302
203320294 90880524
58247524 127286436
71687493 127286436
113062016 8021024
154938804 127171302
128690237 127171302
128690237 127286436
128690237 8021024
156547606 127171302
162911849 127286436
52558004 127171302
277025445 127286436
24406479 127171302
24406479 8021024
139067589 127286436
561973175 127286436
44805419 127171302
127286436 127171302
520073838 127171302
44717650 127171302
90880524 127286436
744037027 127171302
744037027 8021024
167556893 127286436
127949662 127286436
56460686 127171302
48294871 127171302
191789423 127286436
44130202 127171302
127171302 8021024
