582577008 93768052
150040083 93768052
44045791 93768052
50627716 93768052
152817449 93768052
54154212 93768052
10603822 93768052
111001453 93768052
676778317 93768052
82408951 57651482
82408951 67192498
82408951 93768052
152735688 93768052
58088001 93768052
298830332 582526316
298830332 93768052
152478714 582526316
152478714 93768052
152575484 93768052
152723451 93768052
210243028 93768052
152572839 93768052
558732276 93768052
163976741 93768052
152877099 152921344
152877099 93768052
486008689 93768052
210185413 93768052
152688729 57651482
152688729 93768052
581468985 93768052
581209184 93768052
152921344 152877099
152921344 93768052
152579521 93768052
142794287 93768052
634056131 93768052
31108672 130467540
31108672 93768052
226096340 93768052
152851509 93768052
152712869 93768052
57649313 93768052
152892129 93768052
152892129 67192498
32271990 93768052
421524834 93768052
459291304 93768052
728516254 130467540
728516254 93768052
73507307 93768052
45819335 93768052
137716529 93768052
154914557 638131039
154914557 130467540
154914557 93768052
582526316 298830332
582526316 152478714
582526316 166644323
582526316 93768052
582265368 44759842
582265368 93768052
634232985 93768052
634232985 130467540
581556621 93768052
67192498 82408951
67192498 152892129
67192498 93768052
90815490 93768052
57651482 152688729
57651482 82408951
57651482 93768052
572762993 54154212
572762993 93768052
581482237 93768052
785481562 93768052
84993456 93768052
206739153 93768052
581420720 93768052
582880890 93768052
147974965 93768052
801914715 93768052
152573430 93768052
44759842 93768052
581022903 93768052
581891721 93768052
93768052 199705560
93768052 582577008
93768052 137716529
93768052 582265368
93768052 152573430
93768052 82408951
93768052 210243028
93768052 801914715
93768052 152478714
93768052 421524834
93768052 84993456
93768052 57649313
93768052 152688729
93768052 152877099
93768052 57651482
93768052 152817449
93768052 32271990
93768052 152687046
93768052 10603822
93768052 152735688
93768052 150040083
93768052 130467540
93768052 581891721
93768052 558732276
93768052 152921344
93768052 50627716
93768052 67192498
93768052 152892129
93768052 44045791
93768052 58088001
93768052 581468985
93768052 581022903
93768052 486008689
93768052 154914557
93768052 728516254
93768052 298830332
93768052 44759842
93768052 54154212
93768052 634232985
93768052 785481562
93768052 90815490
93768052 676778317
93768052 581556621
93768052 152674509
93768052 210185413
93768052 581420720
93768052 581482237
93768052 152572839
93768052 31108672
93768052 152896146
93768052 581209184
93768052 111001453
93768052 147974965
93768052 582880890
93768052 142794287
93768052 163976741
93768052 459291304
93768052 166644323
93768052 582526316
93768052 206739153
93768052 634056131
93768052 638131039
93768052 152575484
93768052 226096340
93768052 45819335
93768052 152723451
93768052 152712869
93768052 152851509
93768052 152579521
93768052 73507307
166644323 582526316
166644323 93768052
152687046 93768052
130467540 154914557
130467540 634232985
130467540 31108672
130467540 93768052
638131039 154914557
638131039 93768052
152674509 93768052
152896146 93768052
