75250001 127371121
75250001 132233223
75250001 128960545
75250001 702079581
499148030 132233223
499148030 128960545
127332668 75250001
702079581 132233223
702079581 75250001
61241209 132233223
61241209 75250001
61241209 127332668
61241209 128734523
61241209 581110892
9811637 132233223
9811637 128734523
9811637 132224033
9811637 581110892
9811637 47163578
47163578 127371121
47163578 132233223
47163578 75250001
47163578 128960545
47163578 129403385
47163578 128734523
47163578 132224033
47163578 74964202
47163578 581110892
47163578 129368359
129368359 75250001
129368359 129403385
129368359 132224033
129368359 581110892
129368359 47163578
601951273 132233223
132233223 127371121
132233223 581110892
132233223 128734523
132233223 127332668
132233223 702079581
132233223 128960545
132233223 75250001
49427995 132233223
49427995 75250001
49427995 127332668
91680990 132233223
91680990 9811637
649057215 127371121
649057215 75250001
649057215 128960545
649057215 127332668
649057215 128734523
649057215 581110892
581110892 127371121
581110892 132233223
581110892 75250001
581110892 128960545
581110892 54358111
581110892 129403385
581110892 127332668
581110892 128734523
581110892 132224033
581110892 74964202
581110892 47163578
67841881 132233223
67841881 129403385
67841881 132224033
57393236 132233223
541674011 132233223
541674011 75250001
541674011 128960545
541674011 54358111
541674011 127332668
541674011 128734523
541674011 132224033
541674011 74964202
541674011 47163578
129403385 127371121
129403385 132233223
129403385 75250001
129403385 128960545
129403385 127332668
129403385 128734523
129403385 132224033
129403385 74964202
129403385 581110892
129403385 129368359
129403385 541674011
129403385 9811637
129403385 47163578
129403385 67841881
54417717 132233223
54417717 75250001
54417717 128960545
54417717 44572421
54417717 132224033
128734523 127371121
128734523 132233223
128734523 75250001
128734523 128960545
128734523 54358111
128734523 127332668
128734523 132224033
128734523 74964202
128734523 581110892
128734523 9811637
128734523 47163578
74964202 127371121
74964202 132233223
74964202 75250001
74964202 128960545
74964202 54358111
74964202 129403385
74964202 702079581
74964202 127332668
74964202 128734523
74964202 132224033
74964202 581110892
74964202 541674011
74964202 47163578
21387451 127371121
21387451 75250001
21387451 127332668
48618877 44572421
48618877 49047541
2478739 132233223
2478739 9811637
2478739 132224033
317826224 75250001
368501315 127332668
368501315 132224033
132224033 132233223
132224033 75250001
132224033 128960545
132224033 129403385
132224033 128734523
132224033 47163578
132224033 9811637
132224033 581110892
132224033 74964202
128960545 127371121
128960545 132233223
128960545 75250001
128960545 541674011
128960545 581110892
128960545 74964202
128960545 132224033
128960545 128734523
128960545 127332668
128960545 702079581
54358111 127371121
54358111 132233223
54358111 75250001
54358111 128960545
54358111 129403385
54358111 702079581
54358111 127332668
54358111 128734523
54358111 132224033
54358111 74964202
54358111 581110892
54358111 541674011
54358111 9811637
54358111 713879152
54358111 47163578
199669409 127371121
199669409 75250001
199669409 127332668
44572421 132233223
44572421 75250001
44572421 49047541
44572421 48618877
44572421 54417717
60633127 127371121
60633127 132233223
60633127 75250001
60633127 127332668
538657368 127371121
538657368 75250001
192453621 75250001
127371121 132233223
127371121 75250001
127371121 129403385
127371121 127332668
127371121 649057215
37097151 127371121
37097151 75250001
37097151 127332668
69997406 132233223
69997406 75250001
713879152 132233223
713879152 128960545
57327488 61241209
57327488 127371121
57327488 132233223
57327488 75250001
57327488 128960545
57327488 127332668
151231892 127371121
151231892 132233223
10749454 127371121
10749454 132233223
10749454 75250001
10749454 127332668
51644760 132233223
51644760 75250001
44679512 132233223
44679512 75250001
44679512 132224033
544030398 127371121
544030398 132233223
544030398 75250001
544030398 127332668
49047541 44572421
254900591 132233223
254900591 75250001
254900591 129403385
254900591 127332668
58369290 132233223
