91197599 38968210
91197599 5797936
91197599 29890409
152695063 23518497
38968210 91197599
38968210 5797936
38968210 421511362
38968210 23518497
152919659 23518497
152919659 152566188
3710046 5797936
3710046 29890409
3710046 23518497
152918822 23518497
152933857 23518497
23300100 23518497
4755853 5797936
4755853 23518497
4755853 29890409
210192104 23518497
127482673 23518497
34426584 5797936
34426584 23518497
649953964 5797936
649953964 23518497
649953964 29890409
649953964 677147329
649953964 172467998
58023887 23518497
833332501 23518497
52446935 23518497
163337218 23518497
581910846 23518497
152788405 23518497
172467998 58338764
172467998 23518497
172467998 649953964
421511362 5797936
421511362 38968210
421511362 23518497
57987282 5797936
57987282 23518497
16333047 23518497
18658915 5797936
18658915 23518497
18658915 649953964
18658915 23300100
65531713 23518497
41130761 23518497
677147329 649953964
5797936 38968210
5797936 91197599
5797936 4755853
5797936 152477780
5797936 57987282
5797936 442167698
5797936 421511362
5797936 23518497
5797936 29890409
5797936 649953964
5797936 23300100
152701920 152934109
152701920 23518497
298831644 23518497
152573588 23518497
58338764 172467998
58338764 23518497
152566188 23518497
60282936 23518497
298848677 5797936
152477780 5797936
152477780 23518497
152477780 29890409
152477780 23300100
152934109 152701920
152934109 23518497
29890409 5797936
29890409 91197599
712464784 23518497
152856794 23518497
45035494 23518497
152692454 23518497
152692454 29890409
23518497 421511362
23518497 152918822
23518497 4755853
23518497 38968210
23518497 581910846
23518497 298831644
23518497 152934109
23518497 152919659
23518497 5797936
23518497 152788405
23518497 163337218
23518497 210192104
23518497 18658915
23518497 65531713
23518497 58338764
23518497 172467998
23518497 152701920
23518497 152695063
23518497 152856794
23518497 57987282
23518497 60282936
23518497 58263064
23518497 58023887
23518497 52446935
23518497 152933857
23518497 91197599
23518497 152573588
23518497 45035494
23518497 833332501
23518497 152566188
23518497 712464784
23518497 41130761
23518497 127482673
23518497 3710046
23518497 16333047
23518497 34426584
23518497 152692454
23518497 649953964
23518497 23300100
58263064 23518497
442167698 5797936
