300369672 10396117
243046292 10396117
776263300 10396117
323394772 10396117
109301181 10396117
18627567 10396117
17196627 57589743
279338084 10396117
836612086 678321045
836612086 115013252
836612086 35130694
836612086 678425086
252435300 10396117
57589743 115013252
57589743 35130694
57589743 17196627
133442420 10396117
141474563 455126662
141474563 10396117
36541692 74862170
74862170 36541692
12209396 10396117
678321045 115013252
678321045 35130694
678321045 836612086
678321045 57589743
735424207 10396117
83546906 29137329
115013252 678321045
115013252 35130694
115013252 678425086
115013252 836612086
115013252 57589743
115013252 690617957
690617957 115013252
690617957 35130694
690617957 57589743
320229400 10396117
678425086 115013252
678425086 35130694
678425086 836612086
58471686 10396117
35130694 678321045
35130694 115013252
35130694 678425086
35130694 836612086
35130694 57589743
35130694 690617957
269900854 10396117
455126662 141474563
