57644587 57645810
57644587 57644995
57644587 57650624
57644587 152572143
57644587 27990901
57644587 13276280
57644587 44759410
57644587 175151531
57644587 505286731
57644587 57646634
57644587 67284100
57644587 57649103
57644587 57647470
57644587 34823893
57644587 57652488
57644587 72355427
57644587 12264360
57644587 58424029
57644587 120646050
57644587 298830824
57644587 57648381
57644587 57648896
57644587 40014311
57644587 57650854
57644587 44757811
57644587 16323458
57644587 57647831
57644587 57645191
57644587 57649404
57644587 50642230
57644587 210187196
57644587 210243295
57644587 25089714
57644587 57644497
57644587 65318817
57644587 47696900
57644587 57648681
57644587 50868242
57644587 57650331
57644587 44759306
57644587 52581294
57644587 38597536
57644587 53921121
57644587 57848967
57644587 474925905
57644587 152486528
57644587 132191817
57644587 57644042
57644587 210185684
57644587 105853043
57644587 215124680
57644587 57646966
57644587 57849027
57644587 82643223
152486528 27990901
152486528 13276280
152486528 210243295
152486528 57645810
152486528 57848967
152486528 67284100
152486528 57645191
152486528 57650331
152486528 57650854
152486528 57649404
152486528 72355427
152486528 38597536
152486528 57644587
152486528 103333057
152486528 57650624
152486528 40014311
152486528 474925905
152486528 505286731
152486528 57648896
152486528 25089714
152486528 57647470
152486528 47696900
152486528 16323458
152486528 12264360
152486528 120646050
152486528 57646634
152486528 58424029
152486528 44757811
152486528 152572143
152486528 57649103
152486528 132191817
152486528 57644042
152486528 105853043
152486528 82643223
152486528 57849027
103333057 57645810
103333057 67571924
103333057 57650624
103333057 57644587
103333057 13276280
103333057 44759410
103333057 175151531
103333057 505286731
103333057 57649103
103333057 57647470
103333057 57652488
103333057 12264360
103333057 58424029
103333057 120646050
103333057 57648381
103333057 57648896
103333057 40014311
103333057 16323458
103333057 127230184
103333057 44759306
103333057 38597536
103333057 152486528
103333057 132191817
103333057 57644042
103333057 210185684
103333057 145456298
103333057 82643223
103333057 57849027
68915067 16323458
120646050 57645810
120646050 67571924
120646050 57644995
120646050 57650624
120646050 152572143
120646050 57644587
120646050 95323819
120646050 78884936
120646050 13276280
120646050 104756957
120646050 44759410
120646050 175151531
120646050 45470316
120646050 57646634
120646050 67284100
120646050 57649103
120646050 57647470
120646050 34823893
120646050 214841983
120646050 57652488
120646050 72355427
120646050 130397232
120646050 20696130
120646050 103333057
120646050 12264360
120646050 60764261
120646050 58424029
120646050 298830824
120646050 57648381
120646050 57648896
120646050 40014311
120646050 57650854
120646050 44757811
120646050 16323458
120646050 57647831
120646050 128503936
120646050 57645191
120646050 57649404
120646050 210187196
120646050 210243295
120646050 25089714
120646050 57644497
120646050 47696900
120646050 57648681
120646050 57650331
120646050 44759306
120646050 38597536
120646050 57848967
120646050 152486528
120646050 132191817
120646050 57644042
120646050 210185684
120646050 105853043
120646050 57646966
120646050 57849027
120646050 82643223
50642230 67571924
50642230 57644587
50642230 67284100
50642230 57649103
50642230 57647470
50642230 20696130
50642230 58424029
50642230 16323458
50642230 127230184
50642230 210187196
50642230 25089714
50642230 57645810
50642230 57646634
50642230 40014311
50642230 27990901
50642230 13276280
50642230 57645191
50642230 12264360
50642230 57649404
50642230 152486528
50642230 132191817
50642230 145456298
50642230 57849027
57650854 67571924
57650854 57644995
57650854 57644587
57650854 44759410
57650854 175151531
57650854 67284100
57650854 57649103
57650854 57647470
57650854 57652488
57650854 130397232
57650854 58424029
57650854 120646050
57650854 57648896
57650854 44757811
57650854 16323458
57650854 57647831
57650854 210187196
57650854 25089714
57650854 57644497
57650854 65318817
57650854 57650331
57650854 57645810
57650854 57646634
57650854 298830824
57650854 57648381
57650854 40014311
57650854 57650624
57650854 152572143
57650854 214841983
57650854 27990901
57650854 95323819
57650854 13276280
57650854 72355427
57650854 57645191
57650854 12264360
57650854 44759306
57650854 38597536
57650854 57848967
57650854 152486528
57650854 132191817
57650854 57644042
57650854 210185684
57650854 105853043
57650854 57849027
57650854 82643223
270793920 132191817
270793920 72355427
270793920 57644042
270793920 210243295
270793920 57647831
270793920 13276280
82643223 505286731
82643223 104756957
82643223 57848967
82643223 27990901
82643223 16323458
82643223 38597536
82643223 132191817
82643223 13276280
82643223 57649404
82643223 72355427
82643223 215124680
82643223 57647470
82643223 40014311
82643223 44757811
82643223 57645810
82643223 152486528
82643223 57650331
82643223 57645191
82643223 57646634
82643223 210187196
82643223 57644995
82643223 71344120
82643223 67284100
82643223 12264360
82643223 67571924
82643223 57644497
82643223 47696900
82643223 52581294
82643223 57648896
82643223 57647831
82643223 57644042
82643223 57646966
82643223 48701323
82643223 57644587
82643223 57649103
82643223 210243295
82643223 57849027
82643223 127230184
82643223 57648681
82643223 120646050
82643223 41537235
82643223 57648381
82643223 175151531
82643223 57650624
82643223 105853043
82643223 130397232
82643223 44759410
82643223 57650854
82643223 152572143
82643223 298830824
82643223 103333057
82643223 57652488
82643223 145456298
82643223 210185684
82643223 44759306
82643223 581064797
82643223 214841983
82643223 474925905
82643223 58424029
44759306 67571924
44759306 57644995
44759306 57644587
44759306 44759410
44759306 175151531
44759306 505286731
44759306 57649103
44759306 57647470
44759306 57652488
44759306 130397232
44759306 103333057
44759306 58424029
44759306 120646050
44759306 57648896
44759306 16323458
44759306 57647831
44759306 127230184
44759306 497347518
44759306 581064797
44759306 210243295
44759306 25089714
44759306 57650331
44759306 57645810
44759306 57646634
44759306 298830824
44759306 57648381
44759306 48701323
44759306 40014311
44759306 57650854
44759306 57650624
44759306 214841983
44759306 27990901
44759306 13276280
44759306 72355427
44759306 155841287
44759306 57645191
44759306 57648681
44759306 50868242
44759306 12264360
44759306 38597536
44759306 57649404
44759306 57848967
44759306 474925905
44759306 132191817
44759306 57644042
44759306 210185684
44759306 105853043
44759306 57849027
44759306 82643223
57644042 152486528
57644042 132191817
57644042 57649404
57644042 57645810
57644042 57848967
57644042 40014311
57644042 57644587
57644042 34823893
57644042 53921121
57644042 13276280
57644042 57650331
57644042 210187196
57644042 72355427
57644042 104756957
57644042 44757811
57644042 57646634
57644042 57645191
57644042 65318817
57644042 57650854
57644042 47696900
57644042 57644995
57644042 38597536
57644042 57648681
57644042 12264360
57644042 57644497
57644042 44757780
57644042 35963625
57644042 57648896
57644042 41537235
57644042 210243295
57644042 67284100
57644042 127230184
57644042 57647470
57644042 58424029
57644042 27990901
57644042 52581294
57644042 16323458
57644042 57647831
57644042 60764261
57644042 71344120
57644042 57649103
57644042 120646050
57644042 57648381
57644042 25089714
57644042 130397232
57644042 57650624
57644042 175151531
57644042 497347518
57644042 152572143
57644042 44759410
57644042 298830824
57644042 50868242
57644042 45470316
57644042 78884936
57644042 57652488
57644042 95323819
57644042 44759306
57644042 581064797
57644042 155841287
57644042 67571924
57644042 103333057
57644042 505286731
57644042 20696130
57644042 210213436
57644042 474925905
57644042 48701323
57644042 210185684
57644042 270793920
57644042 145456298
57644042 105853043
57644042 215124680
57644042 57646966
57644042 57849027
57644042 4998125
57644042 82643223
505286731 57645810
505286731 210281790
505286731 48701323
505286731 57644995
505286731 57650624
505286731 152572143
505286731 57644587
505286731 95323819
505286731 13276280
505286731 104756957
505286731 44759410
505286731 175151531
505286731 45470316
505286731 57646634
505286731 82643223
505286731 57649103
505286731 57647470
505286731 130397232
505286731 103333057
505286731 210191357
505286731 581244721
505286731 58424029
505286731 57648381
505286731 57648896
505286731 40014311
505286731 16323458
505286731 57647831
505286731 155841287
505286731 57645191
505286731 127230184
505286731 44757780
505286731 210187196
505286731 210243295
505286731 833308047
505286731 44759306
505286731 38597536
505286731 152486528
505286731 132191817
505286731 57644042
505286731 145456298
505286731 105853043
505286731 57646966
505286731 4998125
57849027 216091081
57849027 40014311
57849027 57848967
57849027 132191817
57849027 13276280
57849027 57645810
57849027 152486528
57849027 57649404
57849027 57644042
57849027 44757811
57849027 57644587
57849027 57645191
57849027 16323458
57849027 57644995
57849027 104756957
57849027 57646634
57849027 50642230
57849027 72355427
57849027 67284100
57849027 65318817
57849027 57648681
57849027 57650331
57849027 12264360
57849027 57644497
57849027 210243295
57849027 52581294
57849027 25089714
57849027 38597536
57849027 57648896
57849027 57649103
57849027 57647831
57849027 60764261
57849027 71344120
57849027 57647470
57849027 120646050
57849027 27990901
57849027 57648381
57849027 58424029
57849027 57646966
57849027 175151531
57849027 57650624
57849027 105853043
57849027 130397232
57849027 78884936
57849027 152572143
57849027 44759410
57849027 57650854
57849027 210191357
57849027 35963625
57849027 210185684
57849027 57652488
57849027 45470316
57849027 95323819
57849027 210187196
57849027 581244721
57849027 44759306
57849027 474925905
57849027 145456298
57849027 103333057
57849027 67571924
57849027 41537235
57849027 82643223
57645191 67571924
57645191 57644995
57645191 57644587
57645191 44759410
57645191 175151531
57645191 505286731
57645191 67284100
57645191 57649103
57645191 35963625
57645191 57647470
57645191 57652488
57645191 58424029
57645191 120646050
57645191 57648896
57645191 44757811
57645191 16323458
57645191 57647831
57645191 127230184
57645191 44757780
57645191 41537235
57645191 210187196
57645191 210243295
57645191 25089714
57645191 57644497
57645191 65318817
57645191 47696900
57645191 57650331
57645191 833308047
57645191 57645810
57645191 50642230
57645191 57648381
57645191 40014311
57645191 57650854
57645191 57650624
57645191 152572143
57645191 95323819
57645191 210191357
57645191 104756957
57645191 57648681
57645191 12264360
57645191 44759306
57645191 38597536
57645191 57649404
57645191 72355427
57645191 57646634
57645191 52581294
57645191 155841287
57645191 27990901
57645191 13276280
57645191 57848967
57645191 152486528
57645191 132191817
57645191 57644042
57645191 270793920
57645191 105853043
57645191 215124680
57645191 57646966
57645191 57849027
57645191 4998125
57645191 82643223
215124680 13276280
215124680 40014311
215124680 132191817
215124680 57644042
215124680 44757811
215124680 57645810
215124680 16323458
215124680 127230184
215124680 57646634
215124680 27990901
215124680 57644587
215124680 82643223
210281790 67571924
210281790 44759410
210281790 175151531
210281790 82643223
210281790 57652488
210281790 12264360
210281790 58424029
210281790 57648381
210281790 57648896
210281790 40014311
210281790 16323458
210281790 57848967
210281790 132191817
210281790 105853043
23410025 67571924
175164136 16323458
175164136 127230184
57650624 67571924
57650624 57644995
57650624 57644587
57650624 44759410
57650624 175151531
57650624 45470316
57650624 505286731
57650624 67284100
57650624 57649103
57650624 57647470
57650624 57652488
57650624 37057631
57650624 130397232
57650624 20696130
57650624 103333057
57650624 58424029
57650624 120646050
57650624 57648896
57650624 44757811
57650624 16323458
57650624 57647831
57650624 128503936
57650624 127230184
57650624 581064797
57650624 41537235
57650624 210187196
57650624 210243295
57650624 25089714
57650624 57644497
57650624 65318817
57650624 47696900
57650624 57650331
57650624 53921121
57650624 57645810
57650624 57646634
57650624 298830824
57650624 57648381
57650624 40014311
57650624 57650854
57650624 152572143
57650624 214841983
57650624 27990901
57650624 95323819
57650624 13276280
57650624 72355427
57650624 210191357
57650624 104756957
57650624 57645191
57650624 57648681
57650624 50868242
57650624 12264360
57650624 44759306
57650624 52581294
57650624 38597536
57650624 57649404
57650624 57848967
57650624 474925905
57650624 152486528
57650624 132191817
57650624 57644042
57650624 210185684
57650624 270793920
57650624 145456298
57650624 105853043
57650624 57646966
57650624 57849027
57650624 4998125
57650624 82643223
127230184 57650624
127230184 152572143
127230184 27990901
127230184 57644587
127230184 13276280
127230184 44759410
127230184 210213436
127230184 676697300
127230184 505286731
127230184 57646634
127230184 67284100
127230184 57649103
127230184 57647470
127230184 34823893
127230184 57652488
127230184 72355427
127230184 20696130
127230184 458160904
127230184 103333057
127230184 210191357
127230184 12264360
127230184 60764261
127230184 58424029
127230184 57648381
127230184 57648896
127230184 40014311
127230184 44757811
127230184 16323458
127230184 57647831
127230184 155841287
127230184 57645191
127230184 57649404
127230184 50642230
127230184 41537235
127230184 210187196
127230184 65318817
127230184 175164136
127230184 57648681
127230184 57650331
127230184 833308047
127230184 44759306
127230184 52581294
127230184 38597536
127230184 57848967
127230184 132191817
127230184 57644042
127230184 270793920
127230184 145456298
127230184 105853043
127230184 215124680
127230184 57646966
127230184 4998125
127230184 82643223
58424029 57645810
58424029 210281790
58424029 67571924
58424029 57644995
58424029 57650624
58424029 152572143
58424029 27990901
58424029 57644587
58424029 95323819
58424029 13276280
58424029 44759410
58424029 175151531
58424029 45470316
58424029 505286731
58424029 57646634
58424029 57649103
58424029 35963625
58424029 57647470
58424029 34823893
58424029 57652488
58424029 72355427
58424029 37057631
58424029 130397232
58424029 20696130
58424029 210191357
58424029 12264360
58424029 120646050
58424029 298830824
58424029 57648381
58424029 57648896
58424029 40014311
58424029 57650854
58424029 44757811
58424029 16323458
58424029 65291147
58424029 57647831
58424029 155841287
58424029 57645191
58424029 127230184
58424029 57649404
58424029 50642230
58424029 497347518
58424029 41537235
58424029 210187196
58424029 210243295
58424029 25089714
58424029 57644497
58424029 65318817
58424029 47696900
58424029 57648681
58424029 50868242
58424029 57650331
58424029 833308047
58424029 44759306
58424029 52581294
58424029 57848967
58424029 152486528
58424029 132191817
58424029 57644042
58424029 210185684
58424029 145456298
58424029 105853043
58424029 57646966
58424029 57849027
58424029 4998125
58424029 82643223
701161659 105853043
701161659 57649103
50868242 67571924
50868242 57644587
50868242 44759410
50868242 175151531
50868242 57649103
50868242 57647470
50868242 58424029
50868242 145456298
50868242 82643223
50868242 40014311
50868242 57650624
50868242 57645191
50868242 12264360
50868242 44759306
50868242 152486528
50868242 57644042
53921121 67571924
53921121 57650624
53921121 57644587
53921121 57649103
53921121 16323458
53921121 132191817
53921121 57644042
210185684 57650854
210185684 298830824
210185684 44759410
210185684 132191817
210185684 57649103
210185684 16323458
210185684 210187196
210185684 57650624
210185684 12264360
210185684 57648381
210185684 57648896
210185684 57649404
210185684 13276280
210185684 57645810
210185684 58424029
210185684 27990901
210185684 57644042
210185684 44759306
210185684 120646050
210185684 57647831
210185684 71344120
210185684 40014311
210185684 57647470
210185684 72355427
210185684 103333057
210185684 82643223
210185684 57849027
132191817 38597536
132191817 13276280
132191817 16323458
132191817 27990901
132191817 44757811
132191817 71344120
132191817 72355427
132191817 57649404
132191817 65318817
132191817 216091081
132191817 67284100
132191817 152486528
132191817 35963625
132191817 57848967
132191817 57647470
132191817 103333057
132191817 34823893
132191817 210243295
132191817 40014311
132191817 57645810
132191817 57650854
132191817 47696900
132191817 57644587
132191817 57648681
132191817 57645191
132191817 210187196
132191817 12264360
132191817 57650331
132191817 104756957
132191817 57644995
132191817 57646634
132191817 210281790
132191817 37057631
132191817 57644497
132191817 833308047
132191817 25089714
132191817 52581294
132191817 57648896
132191817 57647831
132191817 127230184
132191817 58424029
132191817 50642230
132191817 57649103
132191817 53921121
132191817 120646050
132191817 210191357
132191817 57648381
132191817 57650624
132191817 20696130
132191817 130397232
132191817 175151531
132191817 95323819
132191817 45470316
132191817 497347518
132191817 833361626
132191817 298830824
132191817 44759410
132191817 57652488
132191817 44759306
132191817 155841287
132191817 581244721
132191817 214841983
132191817 505286731
132191817 67571924
132191817 57644042
132191817 210185684
132191817 270793920
132191817 145456298
132191817 105853043
132191817 215124680
132191817 57646966
132191817 57849027
132191817 4998125
132191817 82643223
57649103 57645810
57649103 67571924
57649103 57644995
57649103 57650624
57649103 152572143
57649103 27990901
57649103 57644587
57649103 95323819
57649103 78884936
57649103 13276280
57649103 104756957
57649103 44759410
57649103 210213436
57649103 175151531
57649103 676697300
57649103 45470316
57649103 505286731
57649103 57646634
57649103 35963625
57649103 57647470
57649103 34823893
57649103 214841983
57649103 57652488
57649103 72355427
57649103 37057631
57649103 130397232
57649103 20696130
57649103 103333057
57649103 210191357
57649103 12264360
57649103 581244721
57649103 58424029
57649103 120646050
57649103 298830824
57649103 57648381
57649103 57648896
57649103 40014311
57649103 57650854
57649103 16323458
57649103 57647831
57649103 155841287
57649103 57645191
57649103 127230184
57649103 57649404
57649103 701161659
57649103 50642230
57649103 497347518
57649103 581064797
57649103 41537235
57649103 210187196
57649103 210243295
57649103 25089714
57649103 57644497
57649103 65318817
57649103 57648681
57649103 50868242
57649103 57650331
57649103 833308047
57649103 44759306
57649103 52581294
57649103 53921121
57649103 57848967
57649103 474925905
57649103 152486528
57649103 132191817
57649103 57644042
57649103 210185684
57649103 270793920
57649103 145456298
57649103 105853043
57649103 57646966
57649103 57849027
57649103 82643223
57647831 57645810
57647831 210281790
57647831 67571924
57647831 57644995
57647831 57650624
57647831 152572143
57647831 27990901
57647831 57644587
57647831 78884936
57647831 13276280
57647831 104756957
57647831 44759410
57647831 175151531
57647831 505286731
57647831 216091081
57647831 57646634
57647831 67284100
57647831 57649103
57647831 57647470
57647831 57652488
57647831 72355427
57647831 210191357
57647831 12264360
57647831 60764261
57647831 58424029
57647831 120646050
57647831 298830824
57647831 57648381
57647831 57648896
57647831 40014311
57647831 57650854
57647831 44757811
57647831 16323458
57647831 57645191
57647831 127230184
57647831 210243295
57647831 65318817
57647831 57648681
57647831 57650331
57647831 44759306
57647831 52581294
57647831 38597536
57647831 57848967
57647831 132191817
57647831 57644042
57647831 210185684
57647831 270793920
57647831 105853043
57647831 57646966
57647831 57849027
57647831 82643223
581064797 67571924
581064797 57650624
581064797 44759410
581064797 57649103
581064797 57647470
581064797 57652488
581064797 57648381
581064797 40014311
581064797 16323458
581064797 57645191
581064797 44759306
581064797 57644042
581064797 82643223
41537235 57645810
41537235 57644995
41537235 57650624
41537235 57644587
41537235 13276280
41537235 104756957
41537235 175151531
41537235 57649103
41537235 57647470
41537235 12264360
41537235 58424029
41537235 57648896
41537235 40014311
41537235 57645191
41537235 127230184
41537235 152486528
41537235 57644042
41537235 82643223
41537235 57849027
41537235 57646966
676697300 27990901
676697300 127230184
57646634 67571924
57646634 57644995
57646634 57644587
57646634 44759410
57646634 175151531
57646634 45470316
57646634 505286731
57646634 67284100
57646634 57649103
57646634 35963625
57646634 57647470
57646634 57652488
57646634 130397232
57646634 20696130
57646634 58424029
57646634 120646050
57646634 57648896
57646634 44757811
57646634 16323458
57646634 57647831
57646634 127230184
57646634 210187196
57646634 57644497
57646634 65318817
57646634 57650331
57646634 57645810
57646634 50642230
57646634 57648381
57646634 40014311
57646634 57650854
57646634 34823893
57646634 57650624
57646634 95323819
57646634 57648681
57646634 12264360
57646634 44759306
57646634 57649404
57646634 72355427
57646634 57645191
57646634 27990901
57646634 13276280
57646634 57848967
57646634 152486528
57646634 132191817
57646634 57644042
57646634 145456298
57646634 105853043
57646634 215124680
57646634 57646966
57646634 57849027
57646634 82643223
13276280 67571924
13276280 57644995
13276280 57644587
13276280 44759410
13276280 210213436
13276280 175151531
13276280 45470316
13276280 505286731
13276280 67284100
13276280 57649103
13276280 35963625
13276280 57647470
13276280 57652488
13276280 130397232
13276280 103333057
13276280 58424029
13276280 120646050
13276280 57648896
13276280 44757811
13276280 16323458
13276280 57647831
13276280 128503936
13276280 127230184
13276280 497347518
13276280 41537235
13276280 210187196
13276280 210243295
13276280 25089714
13276280 57644497
13276280 65318817
13276280 57650331
13276280 833308047
13276280 57645810
13276280 50642230
13276280 57648381
13276280 48701323
13276280 40014311
13276280 57650854
13276280 57650624
13276280 152572143
13276280 210191357
13276280 104756957
13276280 57648681
13276280 12264360
13276280 44759306
13276280 38597536
13276280 57649404
13276280 72355427
13276280 57645191
13276280 57646634
13276280 298830824
13276280 155841287
13276280 60764261
13276280 27990901
13276280 57848967
13276280 474925905
13276280 152486528
13276280 132191817
13276280 57644042
13276280 210185684
13276280 270793920
13276280 145456298
13276280 105853043
13276280 215124680
13276280 57646966
13276280 57849027
13276280 4998125
13276280 82643223
67571924 57645810
67571924 57644995
67571924 57650624
67571924 152572143
67571924 27990901
67571924 13276280
67571924 44759410
67571924 633987915
67571924 175151531
67571924 505286731
67571924 57646634
67571924 57649103
67571924 35963625
67571924 57647470
67571924 57652488
67571924 130397232
67571924 103333057
67571924 12264360
67571924 58424029
67571924 120646050
67571924 57648381
67571924 57648896
67571924 40014311
67571924 57650854
67571924 16323458
67571924 57647831
67571924 57645191
67571924 50642230
67571924 581064797
67571924 210187196
67571924 25089714
67571924 57644497
67571924 57648681
67571924 44759306
67571924 52581294
67571924 57848967
67571924 474925905
67571924 132191817
67571924 57644042
67571924 105853043
67571924 57849027
67571924 23410025
67571924 82643223
72355427 67571924
72355427 57644995
72355427 57644587
72355427 44759410
72355427 175151531
72355427 57649103
72355427 57647470
72355427 57652488
72355427 37057631
72355427 58424029
72355427 120646050
72355427 57648896
72355427 44757811
72355427 16323458
72355427 57647831
72355427 127230184
72355427 210187196
72355427 210243295
72355427 25089714
72355427 57644497
72355427 65318817
72355427 47696900
72355427 57650331
72355427 53921121
72355427 57645810
72355427 57648381
72355427 40014311
72355427 57650854
72355427 34823893
72355427 57650624
72355427 152572143
72355427 214841983
72355427 95323819
72355427 210191357
72355427 12264360
72355427 44759306
72355427 38597536
72355427 57649404
72355427 57645191
72355427 57646634
72355427 52581294
72355427 298830824
72355427 60764261
72355427 27990901
72355427 13276280
72355427 57848967
72355427 474925905
72355427 152486528
72355427 132191817
72355427 57644042
72355427 210185684
72355427 270793920
72355427 105853043
72355427 57849027
72355427 4998125
72355427 82643223
57648681 67571924
57648681 57644587
57648681 44759410
57648681 175151531
57648681 67284100
57648681 57649103
57648681 57647470
57648681 130397232
57648681 20696130
57648681 58424029
57648681 120646050
57648681 57648896
57648681 16323458
57648681 57647831
57648681 127230184
57648681 25089714
57648681 65318817
57648681 47696900
57648681 57645810
57648681 57646634
57648681 57648381
57648681 40014311
57648681 57650624
57648681 27990901
57648681 13276280
57648681 57645191
57648681 12264360
57648681 44759306
57648681 38597536
57648681 57649404
57648681 152486528
57648681 132191817
57648681 57644042
57648681 145456298
57648681 57646966
57648681 57849027
57648681 82643223
44757780 505286731
44757780 57647470
44757780 12264360
44757780 44757811
44757780 16323458
44757780 57645191
44757780 57649404
44757780 57644042
57648381 210281790
57648381 67571924
57648381 57644995
57648381 57644587
57648381 44759410
57648381 175151531
57648381 45470316
57648381 505286731
57648381 67284100
57648381 57649103
57648381 35963625
57648381 57647470
57648381 57652488
57648381 130397232
57648381 103333057
57648381 58424029
57648381 120646050
57648381 57648896
57648381 16323458
57648381 57647831
57648381 127230184
57648381 581064797
57648381 210187196
57648381 210243295
57648381 25089714
57648381 57644497
57648381 57645810
57648381 57646634
57648381 298830824
57648381 48701323
57648381 40014311
57648381 57650854
57648381 34823893
57648381 57650624
57648381 152572143
57648381 214841983
57648381 27990901
57648381 95323819
57648381 13276280
57648381 72355427
57648381 155841287
57648381 210191357
57648381 104756957
57648381 57645191
57648381 57648681
57648381 12264360
57648381 44759306
57648381 52581294
57648381 57649404
57648381 57848967
57648381 474925905
57648381 132191817
57648381 57644042
57648381 210185684
57648381 145456298
57648381 105853043
57648381 57849027
57648381 82643223
581244721 175151531
581244721 505286731
581244721 57649103
581244721 57645191
581244721 12264360
581244721 132191817
581244721 57849027
57646966 57848967
57646966 57645191
57646966 57646634
57646966 57644042
57646966 57648681
57646966 40014311
57646966 67284100
57646966 57648896
57646966 127230184
57646966 60764261
57646966 12264360
57646966 27990901
57646966 57644587
57646966 145456298
57646966 16323458
57646966 41537235
57646966 57644995
57646966 57650331
57646966 25089714
57646966 57650624
57646966 57649103
57646966 13276280
57646966 58424029
57646966 44759410
57646966 175151531
57646966 57647470
57646966 71344120
57646966 132191817
57646966 20696130
57646966 57649404
57646966 57647831
57646966 505286731
57646966 298830824
57646966 130397232
57646966 120646050
57646966 57645810
57646966 57644497
57646966 152572143
57646966 82643223
57646966 57849027
104756957 67571924
104756957 44759410
104756957 175151531
104756957 505286731
104756957 57649103
104756957 57652488
104756957 130397232
104756957 58424029
104756957 120646050
104756957 16323458
104756957 57647831
104756957 41537235
104756957 57644497
104756957 57645810
104756957 298830824
104756957 57648381
104756957 82643223
104756957 57650624
104756957 27990901
104756957 13276280
104756957 57645191
104756957 12264360
104756957 57649404
104756957 57848967
104756957 132191817
104756957 57644042
104756957 57849027
833308047 13276280
833308047 57649103
833308047 12264360
833308047 58424029
833308047 57645191
833308047 127230184
833308047 132191817
833308047 145456298
214841983 67571924
214841983 57644587
214841983 175151531
214841983 505286731
214841983 57649103
214841983 57647470
214841983 57652488
214841983 58424029
214841983 120646050
214841983 57648896
214841983 44757811
214841983 16323458
214841983 210187196
214841983 210243295
214841983 25089714
214841983 57645810
214841983 57646634
214841983 298830824
214841983 57648381
214841983 40014311
214841983 57650854
214841983 57650624
214841983 72355427
214841983 44759306
214841983 132191817
214841983 105853043
214841983 82643223
57644497 57645810
57644497 67571924
57644497 57644995
57644497 57650624
57644497 152572143
57644497 27990901
57644497 57644587
57644497 95323819
57644497 78884936
57644497 13276280
57644497 104756957
57644497 44759410
57644497 175151531
57644497 45470316
57644497 57646634
57644497 67284100
57644497 57649103
57644497 34823893
57644497 57652488
57644497 72355427
57644497 37057631
57644497 130397232
57644497 12264360
57644497 60764261
57644497 58424029
57644497 120646050
57644497 57648381
57644497 57648896
57644497 40014311
57644497 57650854
57644497 44757811
57644497 16323458
57644497 57645191
57644497 57649404
57644497 50642230
57644497 210187196
57644497 25089714
57644497 57848967
57644497 132191817
57644497 57644042
57644497 145456298
57644497 57646966
57644497 57849027
57644497 82643223
44757811 57645810
44757811 57650624
44757811 57644587
44757811 13276280
44757811 57646634
44757811 35963625
44757811 57647470
44757811 34823893
44757811 214841983
44757811 72355427
44757811 130397232
44757811 12264360
44757811 60764261
44757811 58424029
44757811 120646050
44757811 57648896
44757811 57650854
44757811 16323458
44757811 57647831
44757811 57645191
44757811 127230184
44757811 57649404
44757811 44757780
44757811 57644497
44757811 65318817
44757811 57848967
44757811 152486528
44757811 132191817
44757811 57644042
44757811 105853043
44757811 215124680
44757811 57849027
44757811 82643223
57644995 57645810
57644995 67571924
57644995 57650624
57644995 27990901
57644995 57644587
57644995 13276280
57644995 175151531
57644995 505286731
57644995 216091081
57644995 57646634
57644995 57649103
57644995 57647470
57644995 57652488
57644995 72355427
57644995 130397232
57644995 20696130
57644995 12264360
57644995 58424029
57644995 120646050
57644995 298830824
57644995 57648381
57644995 57648896
57644995 40014311
57644995 57650854
57644995 16323458
57644995 57647831
57644995 57645191
57644995 41537235
57644995 25089714
57644995 57644497
57644995 44759306
57644995 38597536
57644995 57848967
57644995 132191817
57644995 57644042
57644995 145456298
57644995 57646966
57644995 57849027
57644995 4998125
57644995 82643223
34823893 57644587
34823893 44759410
34823893 175151531
34823893 57649103
34823893 58424029
34823893 120646050
34823893 44757811
34823893 16323458
34823893 127230184
34823893 57646634
34823893 57648381
34823893 40014311
34823893 27990901
34823893 72355427
34823893 12264360
34823893 25089714
34823893 132191817
34823893 57644042
34823893 145456298
60764261 175151531
60764261 57647470
60764261 120646050
60764261 57648896
60764261 16323458
60764261 57645810
60764261 57645191
60764261 13276280
60764261 57644042
60764261 57646966
60764261 57849027
12264360 210281790
12264360 67571924
12264360 57644995
12264360 57644587
12264360 78884936
12264360 44759410
12264360 175151531
12264360 45470316
12264360 216091081
12264360 67284100
12264360 57649103
12264360 35963625
12264360 57647470
12264360 57652488
12264360 130397232
12264360 20696130
12264360 103333057
12264360 58424029
12264360 120646050
12264360 57648896
12264360 44757811
12264360 16323458
12264360 57647831
12264360 127230184
12264360 497347518
12264360 44757780
12264360 41537235
12264360 210187196
12264360 210243295
12264360 25089714
12264360 57644497
12264360 65318817
12264360 47696900
12264360 57650331
12264360 833308047
12264360 57645810
12264360 57646634
12264360 57648381
12264360 48701323
12264360 40014311
12264360 57650854
12264360 34823893
12264360 57650624
12264360 152572143
12264360 27990901
12264360 95323819
12264360 13276280
12264360 72355427
12264360 155841287
12264360 210191357
12264360 104756957
12264360 57645191
12264360 57648681
12264360 50868242
12264360 44759306
12264360 52581294
12264360 38597536
12264360 57649404
12264360 581244721
12264360 60764261
12264360 57848967
12264360 474925905
12264360 152486528
12264360 132191817
12264360 57644042
12264360 210185684
12264360 270793920
12264360 145456298
12264360 105853043
12264360 57646966
12264360 57849027
12264360 4998125
12264360 82643223
20696130 57650624
20696130 27990901
20696130 57646634
20696130 67284100
20696130 57649103
20696130 57647470
20696130 458160904
20696130 12264360
20696130 120646050
20696130 16323458
20696130 127230184
20696130 57649404
20696130 210187196
20696130 175164136
20696130 57648681
20696130 57848967
20696130 132191817
20696130 57644042
20696130 145456298
20696130 57646966
35963625 57645810
35963625 67571924
35963625 152572143
35963625 13276280
35963625 216091081
35963625 57646634
35963625 67284100
35963625 57649103
35963625 57647470
35963625 12264360
35963625 58424029
35963625 120646050
35963625 57648381
35963625 57648896
35963625 44757811
35963625 16323458
35963625 57645191
35963625 127230184
35963625 25089714
35963625 57650331
35963625 57848967
35963625 152486528
35963625 132191817
35963625 57644042
35963625 105853043
35963625 57849027
4998125 16323458
4998125 71344120
4998125 27990901
4998125 132191817
4998125 57848967
4998125 12264360
4998125 505286731
4998125 72355427
4998125 57649404
4998125 57650624
4998125 67571924
4998125 58424029
4998125 127230184
4998125 13276280
4998125 57644995
4998125 57644042
4998125 145456298
78884936 27990901
78884936 57649103
78884936 12264360
78884936 120646050
78884936 40014311
78884936 16323458
78884936 57647831
78884936 57644497
78884936 57644042
78884936 145456298
78884936 57849027
57848967 47696900
57848967 216091081
57848967 57645810
57848967 44757811
57848967 25089714
57848967 128503936
57848967 40014311
57848967 210281790
57848967 57648681
57848967 72355427
57848967 57645191
57848967 57650854
57848967 13276280
57848967 104756957
57848967 57644587
57848967 57646634
57848967 57649404
57848967 57644497
57848967 12264360
57848967 65318817
57848967 16323458
57848967 57644995
57848967 57649103
57848967 57648896
57848967 57647831
57848967 120646050
57848967 27990901
57848967 67284100
57848967 58424029
57848967 57647470
57848967 57648381
57848967 48701323
57848967 71344120
57848967 35963625
57848967 210191357
57848967 57650624
57848967 57650331
57848967 20696130
57848967 210243295
57848967 127230184
57848967 676697300
57848967 152572143
57848967 52581294
57848967 44759410
57848967 57652488
57848967 298830824
57848967 44759306
57848967 210187196
57848967 67571924
57848967 175151531
57848967 155841287
57848967 152486528
57848967 132191817
57848967 57644042
57848967 105853043
57848967 57646966
57848967 57849027
57848967 4998125
57848967 82643223
40014311 210281790
40014311 67571924
40014311 57644995
40014311 57644587
40014311 78884936
40014311 44759410
40014311 175151531
40014311 505286731
40014311 216091081
40014311 57649103
40014311 57647470
40014311 57652488
40014311 130397232
40014311 103333057
40014311 58424029
40014311 120646050
40014311 57648896
40014311 16323458
40014311 57647831
40014311 127230184
40014311 44757780
40014311 581064797
40014311 41537235
40014311 210187196
40014311 210243295
40014311 25089714
40014311 57644497
40014311 65318817
40014311 47696900
40014311 57650331
40014311 57645810
40014311 57646634
40014311 50642230
40014311 298830824
40014311 57648381
40014311 48701323
40014311 57650854
40014311 34823893
40014311 57650624
40014311 152572143
40014311 214841983
40014311 27990901
40014311 95323819
40014311 13276280
40014311 72355427
40014311 155841287
40014311 210191357
40014311 57645191
40014311 57648681
40014311 50868242
40014311 12264360
40014311 44759306
40014311 52581294
40014311 57649404
40014311 60764261
40014311 57848967
40014311 474925905
40014311 152486528
40014311 132191817
40014311 57644042
40014311 210185684
40014311 105853043
40014311 215124680
40014311 57646966
40014311 57849027
40014311 82643223
210191357 175151531
210191357 505286731
210191357 57649103
210191357 130397232
210191357 58424029
210191357 57648896
210191357 16323458
210191357 57647831
210191357 127230184
210191357 57645810
210191357 57648381
210191357 57650624
210191357 27990901
210191357 13276280
210191357 72355427
210191357 57645191
210191357 12264360
210191357 57848967
210191357 132191817
210191357 145456298
210191357 57849027
210243295 57645810
210243295 67571924
210243295 57650624
210243295 27990901
210243295 57644587
210243295 13276280
210243295 44759410
210243295 175151531
210243295 505286731
210243295 57649103
210243295 57647470
210243295 214841983
210243295 72355427
210243295 12264360
210243295 58424029
210243295 120646050
210243295 57648381
210243295 40014311
210243295 16323458
210243295 57647831
210243295 57645191
210243295 44759306
210243295 57848967
210243295 152486528
210243295 132191817
210243295 57644042
210243295 270793920
210243295 57849027
210243295 82643223
48701323 67571924
48701323 57644587
48701323 505286731
48701323 57647470
48701323 58424029
48701323 120646050
48701323 57648896
48701323 16323458
48701323 127230184
48701323 25089714
48701323 57645810
48701323 57648381
48701323 40014311
48701323 57650854
48701323 57650624
48701323 27990901
48701323 13276280
48701323 12264360
48701323 44759306
48701323 57848967
48701323 152486528
48701323 132191817
48701323 57644042
48701323 145456298
48701323 105853043
48701323 57849027
48701323 82643223
474925905 12264360
474925905 57646634
474925905 40014311
474925905 44759306
474925905 57644587
474925905 16323458
474925905 57649103
474925905 67571924
474925905 44759410
474925905 57650331
474925905 13276280
474925905 27990901
474925905 57650624
474925905 57645191
474925905 57648381
474925905 175151531
474925905 57647470
474925905 505286731
474925905 57645810
474925905 50642230
474925905 72355427
474925905 152486528
474925905 57644042
474925905 105853043
474925905 82643223
474925905 57849027
210187196 67571924
210187196 57650624
210187196 27990901
210187196 57644587
210187196 13276280
210187196 44759410
210187196 505286731
210187196 216091081
210187196 57646634
210187196 57649103
210187196 214841983
210187196 57652488
210187196 72355427
210187196 130397232
210187196 12264360
210187196 58424029
210187196 120646050
210187196 298830824
210187196 57648381
210187196 57648896
210187196 40014311
210187196 57650854
210187196 16323458
210187196 57645191
210187196 127230184
210187196 50642230
210187196 57644497
210187196 57650331
210187196 152486528
210187196 132191817
210187196 57644042
210187196 270793920
210187196 57849027
210187196 82643223
833361626 58424029
833361626 132191817
57648896 57645810
57648896 210281790
57648896 67571924
57648896 48701323
57648896 57644995
57648896 57650624
57648896 152572143
57648896 27990901
57648896 57644587
57648896 13276280
57648896 44759410
57648896 175151531
57648896 505286731
57648896 57646634
57648896 67284100
57648896 57649103
57648896 35963625
57648896 57647470
57648896 214841983
57648896 57652488
57648896 72355427
57648896 130397232
57648896 103333057
57648896 210191357
57648896 12264360
57648896 60764261
57648896 58424029
57648896 120646050
57648896 298830824
57648896 57648381
57648896 40014311
57648896 57650854
57648896 44757811
57648896 16323458
57648896 57647831
57648896 57645191
57648896 127230184
57648896 57649404
57648896 497347518
57648896 41537235
57648896 210187196
57648896 25089714
57648896 57644497
57648896 65318817
57648896 47696900
57648896 57648681
57648896 57650331
57648896 44759306
57648896 52581294
57648896 38597536
57648896 57848967
57648896 152486528
57648896 132191817
57648896 57644042
57648896 210185684
57648896 145456298
57648896 105853043
57648896 57646966
57648896 57849027
57648896 82643223
128503936 57650624
128503936 27990901
128503936 13276280
128503936 120646050
128503936 16323458
128503936 57848967
37057631 57650624
37057631 27990901
37057631 57649103
37057631 72355427
37057631 58424029
37057631 16323458
37057631 127230184
37057631 57644497
37057631 132191817
71344120 57848967
71344120 132191817
71344120 57644042
71344120 105853043
71344120 57646966
71344120 57849027
71344120 4998125
71344120 82643223
298830824 57644995
298830824 57644587
298830824 44759410
298830824 175151531
298830824 57649103
298830824 57647470
298830824 57652488
298830824 58424029
298830824 120646050
298830824 57648896
298830824 16323458
298830824 57647831
298830824 210187196
298830824 833308047
298830824 57645810
298830824 57648381
298830824 40014311
298830824 57650854
298830824 57650624
298830824 214841983
298830824 458160904
298830824 104756957
298830824 12264360
298830824 44759306
298830824 57649404
298830824 72355427
298830824 57645191
298830824 57646634
298830824 27990901
298830824 13276280
298830824 57848967
298830824 474925905
298830824 152486528
298830824 132191817
298830824 57644042
298830824 210185684
298830824 145456298
298830824 105853043
298830824 57646966
298830824 82643223
298830824 57849027
57647470 57645810
57647470 67571924
57647470 57650624
57647470 152572143
57647470 27990901
57647470 57644587
57647470 13276280
57647470 44759410
57647470 175151531
57647470 505286731
57647470 57646634
57647470 67284100
57647470 57649103
57647470 57652488
57647470 72355427
57647470 130397232
57647470 20696130
57647470 103333057
57647470 12264360
57647470 60764261
57647470 58424029
57647470 120646050
57647470 298830824
57647470 57648381
57647470 57648896
57647470 40014311
57647470 57650854
57647470 44757811
57647470 16323458
57647470 57647831
57647470 155841287
57647470 57645191
57647470 127230184
57647470 57649404
57647470 50642230
57647470 497347518
57647470 44757780
57647470 41537235
57647470 210243295
57647470 25089714
57647470 52549763
57647470 57648681
57647470 50868242
57647470 44759306
57647470 52581294
57647470 57848967
57647470 152486528
57647470 132191817
57647470 57644042
57647470 210185684
57647470 145456298
57647470 105853043
57647470 57646966
57647470 57849027
57647470 82643223
47696900 57645810
47696900 57650624
47696900 27990901
47696900 57644587
47696900 175151531
47696900 72355427
47696900 12264360
47696900 58424029
47696900 120646050
47696900 57648896
47696900 40014311
47696900 16323458
47696900 57645191
47696900 57648681
47696900 52581294
47696900 57848967
47696900 152486528
47696900 132191817
47696900 57644042
47696900 82643223
155841287 505286731
155841287 67284100
155841287 57649103
155841287 57647470
155841287 58424029
155841287 16323458
155841287 127230184
155841287 57645810
155841287 57648381
155841287 40014311
155841287 12264360
155841287 44759306
155841287 57649404
155841287 57645191
155841287 57646634
155841287 13276280
155841287 57848967
155841287 152486528
155841287 132191817
155841287 57644042
155841287 145456298
155841287 105853043
458160904 298830824
57645810 67571924
57645810 57644995
57645810 57644587
57645810 44759410
57645810 175151531
57645810 45470316
57645810 505286731
57645810 67284100
57645810 57649103
57645810 35963625
57645810 57647470
57645810 57652488
57645810 130397232
57645810 103333057
57645810 58424029
57645810 120646050
57645810 57648896
57645810 44757811
57645810 16323458
57645810 57647831
57645810 41537235
57645810 210243295
57645810 25089714
57645810 57644497
57645810 65318817
57645810 47696900
57645810 57646634
57645810 50642230
57645810 298830824
57645810 57648381
57645810 48701323
57645810 40014311
57645810 57650854
57645810 57650624
57645810 152572143
57645810 214841983
57645810 27990901
57645810 95323819
57645810 13276280
57645810 72355427
57645810 155841287
57645810 210191357
57645810 104756957
57645810 57645191
57645810 57648681
57645810 12264360
57645810 44759306
57645810 52581294
57645810 57649404
57645810 60764261
57645810 57848967
57645810 474925905
57645810 152486528
57645810 132191817
57645810 57644042
57645810 210185684
57645810 105853043
57645810 215124680
57645810 57646966
57645810 57849027
57645810 82643223
52549763 57647470
52581294 67571924
52581294 57644587
52581294 57649103
52581294 57647470
52581294 58424029
52581294 57648896
52581294 16323458
52581294 57647831
52581294 127230184
52581294 65318817
52581294 47696900
52581294 57645810
52581294 57648381
52581294 40014311
52581294 57650624
52581294 12264360
52581294 72355427
52581294 57645191
52581294 27990901
52581294 57848967
52581294 132191817
52581294 57644042
52581294 145456298
52581294 82643223
52581294 57849027
44759410 57645810
44759410 210281790
44759410 67571924
44759410 57650624
44759410 152572143
44759410 27990901
44759410 57644587
44759410 95323819
44759410 13276280
44759410 104756957
44759410 175151531
44759410 505286731
44759410 57646634
44759410 57649103
44759410 57647470
44759410 57652488
44759410 72355427
44759410 103333057
44759410 210191357
44759410 12264360
44759410 60764261
44759410 58424029
44759410 120646050
44759410 298830824
44759410 57648381
44759410 57648896
44759410 40014311
44759410 57650854
44759410 16323458
44759410 57647831
44759410 57645191
44759410 127230184
44759410 57649404
44759410 581064797
44759410 210187196
44759410 210243295
44759410 25089714
44759410 57644497
44759410 57648681
44759410 57650331
44759410 44759306
44759410 57848967
44759410 474925905
44759410 132191817
44759410 57644042
44759410 210185684
44759410 145456298
44759410 105853043
44759410 57646966
44759410 82643223
44759410 57849027
175151531 57645810
175151531 210281790
175151531 67571924
175151531 57650624
175151531 152572143
175151531 27990901
175151531 57644587
175151531 13276280
175151531 104756957
175151531 44759410
175151531 505286731
175151531 57646634
175151531 57649103
175151531 57647470
175151531 57652488
175151531 130397232
175151531 103333057
175151531 12264360
175151531 60764261
175151531 58424029
175151531 120646050
175151531 57648381
175151531 57648896
175151531 40014311
175151531 57650854
175151531 16323458
175151531 57647831
175151531 57645191
175151531 57649404
175151531 41537235
175151531 25089714
175151531 57644497
175151531 57648681
175151531 50868242
175151531 57650331
175151531 44759306
175151531 57848967
175151531 132191817
175151531 57644042
175151531 105853043
175151531 57646966
175151531 57849027
175151531 82643223
105853043 505286731
105853043 40014311
105853043 57649404
105853043 12264360
105853043 57647831
105853043 57848967
105853043 57645191
105853043 57649103
105853043 13276280
105853043 58424029
105853043 57644042
105853043 57644587
105853043 175151531
105853043 72355427
105853043 16323458
105853043 57648896
105853043 57647470
105853043 701161659
105853043 65318817
105853043 57648381
105853043 25089714
105853043 152572143
105853043 44757811
105853043 44759306
105853043 57652488
105853043 130397232
105853043 67571924
105853043 57646634
105853043 44759410
105853043 57645810
105853043 120646050
105853043 152486528
105853043 474925905
105853043 57650854
105853043 57650624
105853043 35963625
105853043 145456298
105853043 132191817
105853043 127230184
105853043 27990901
105853043 71344120
105853043 298830824
105853043 82643223
105853043 57849027
16323458 57645810
16323458 210281790
16323458 67571924
16323458 48701323
16323458 57644995
16323458 57650624
16323458 152572143
16323458 27990901
16323458 57644587
16323458 95323819
16323458 78884936
16323458 13276280
16323458 104756957
16323458 44759410
16323458 175151531
16323458 68915067
16323458 45470316
16323458 505286731
16323458 216091081
16323458 57646634
16323458 67284100
16323458 57649103
16323458 35963625
16323458 57647470
16323458 34823893
16323458 57652488
16323458 72355427
16323458 37057631
16323458 130397232
16323458 20696130
16323458 103333057
16323458 210191357
16323458 12264360
16323458 60764261
16323458 58424029
16323458 120646050
16323458 298830824
16323458 57648381
16323458 57648896
16323458 40014311
16323458 57650854
16323458 44757811
16323458 65291147
16323458 57647831
16323458 155841287
16323458 128503936
16323458 57645191
16323458 127230184
16323458 57649404
16323458 50642230
16323458 44757780
16323458 210187196
16323458 210243295
16323458 25089714
16323458 57644497
16323458 65318817
16323458 175164136
16323458 47696900
16323458 57648681
16323458 57650331
16323458 833308047
16323458 44759306
16323458 52581294
16323458 38597536
16323458 57848967
16323458 474925905
16323458 152486528
16323458 132191817
16323458 57644042
16323458 210185684
16323458 270793920
16323458 145456298
16323458 105853043
16323458 215124680
16323458 57646966
16323458 57849027
16323458 4998125
16323458 82643223
65318817 57645810
65318817 57650624
65318817 27990901
65318817 57644587
65318817 13276280
65318817 57646634
65318817 57649103
65318817 57652488
65318817 72355427
65318817 12264360
65318817 58424029
65318817 57648896
65318817 40014311
65318817 57650854
65318817 44757811
65318817 16323458
65318817 57647831
65318817 57645191
65318817 127230184
65318817 57649404
65318817 57648681
65318817 57650331
65318817 52581294
65318817 57848967
65318817 132191817
65318817 57644042
65318817 145456298
65318817 105853043
65318817 57849027
145456298 127230184
145456298 58424029
145456298 57650624
145456298 27990901
145456298 57649404
145456298 57648896
145456298 210191357
145456298 57650331
145456298 132191817
145456298 57644042
145456298 57648681
145456298 12264360
145456298 20696130
145456298 67284100
145456298 833308047
145456298 13276280
145456298 48701323
145456298 57647470
145456298 45470316
145456298 16323458
145456298 34823893
145456298 298830824
145456298 103333057
145456298 38597536
145456298 65318817
145456298 505286731
145456298 155841287
145456298 95323819
145456298 458160904
145456298 78884936
145456298 57646634
145456298 175164136
145456298 210213436
145456298 57644995
145456298 152572143
145456298 44759410
145456298 52581294
145456298 57649103
145456298 57648381
145456298 105853043
145456298 57646966
145456298 57849027
145456298 4998125
145456298 82643223
25089714 57645810
25089714 67571924
25089714 48701323
25089714 57644995
25089714 57650624
25089714 57644587
25089714 13276280
25089714 44759410
25089714 175151531
25089714 216091081
25089714 67284100
25089714 57649103
25089714 35963625
25089714 57647470
25089714 57652488
25089714 72355427
25089714 12264360
25089714 58424029
25089714 120646050
25089714 57648381
25089714 57648896
25089714 40014311
25089714 57650854
25089714 16323458
25089714 57647831
25089714 57645191
25089714 57649404
25089714 50642230
25089714 57644497
25089714 57648681
25089714 44759306
25089714 34823893
25089714 57848967
25089714 152486528
25089714 132191817
25089714 57644042
25089714 105853043
25089714 57646966
25089714 57849027
25089714 4998125
25089714 82643223
67284100 57650624
67284100 27990901
67284100 57644587
67284100 13276280
67284100 57646634
67284100 57647470
67284100 20696130
67284100 12264360
67284100 120646050
67284100 57648381
67284100 57648896
67284100 57650854
67284100 16323458
67284100 57647831
67284100 155841287
67284100 57645191
67284100 127230184
67284100 57649404
67284100 25089714
67284100 57644497
67284100 57648681
67284100 152486528
67284100 132191817
67284100 57644042
67284100 145456298
67284100 57646966
67284100 57849027
67284100 82643223
95323819 505286731
95323819 57649103
95323819 58424029
95323819 120646050
95323819 16323458
95323819 57644497
95323819 57645810
95323819 57646634
95323819 57648381
95323819 40014311
95323819 57650854
95323819 57650624
95323819 72355427
95323819 57645191
95323819 12264360
95323819 132191817
95323819 57644042
95323819 145456298
95323819 105853043
95323819 57849027
633987915 67571924
497347518 67571924
497347518 27990901
497347518 13276280
497347518 57647470
497347518 20696130
497347518 12264360
497347518 58424029
497347518 57648381
497347518 57648896
497347518 44759306
497347518 132191817
497347518 57644042
497347518 105853043
57649404 57644587
57649404 44759410
57649404 175151531
57649404 45470316
57649404 67284100
57649404 57649103
57649404 57647470
57649404 130397232
57649404 20696130
57649404 58424029
57649404 120646050
57649404 57648896
57649404 44757811
57649404 16323458
57649404 127230184
57649404 44757780
57649404 25089714
57649404 57644497
57649404 65318817
57649404 57645810
57649404 57646634
57649404 50642230
57649404 298830824
57649404 57648381
57649404 40014311
57649404 57650624
57649404 27990901
57649404 13276280
57649404 72355427
57649404 155841287
57649404 57645191
57649404 57648681
57649404 12264360
57649404 44759306
57649404 38597536
57649404 57848967
57649404 152486528
57649404 132191817
57649404 57644042
57649404 210185684
57649404 145456298
57649404 105853043
57649404 57646966
57649404 57849027
57649404 4998125
57649404 82643223
57650331 67571924
57650331 57650624
57650331 57644587
57650331 13276280
57650331 44759410
57650331 175151531
57650331 57646634
57650331 57649103
57650331 35963625
57650331 57652488
57650331 72355427
57650331 12264360
57650331 58424029
57650331 120646050
57650331 57648896
57650331 40014311
57650331 57650854
57650331 16323458
57650331 57647831
57650331 57645191
57650331 127230184
57650331 210187196
57650331 65318817
57650331 44759306
57650331 57848967
57650331 474925905
57650331 152486528
57650331 132191817
57650331 57644042
57650331 145456298
57650331 57646966
57650331 57849027
57650331 82643223
152572143 67571924
152572143 57644587
152572143 44759410
152572143 175151531
152572143 505286731
152572143 57649103
152572143 35963625
152572143 57647470
152572143 20696130
152572143 58424029
152572143 120646050
152572143 57648896
152572143 16323458
152572143 57647831
152572143 127230184
152572143 57644497
152572143 57645810
152572143 57646634
152572143 57648381
152572143 40014311
152572143 57650854
152572143 57650624
152572143 27990901
152572143 13276280
152572143 72355427
152572143 57645191
152572143 12264360
152572143 57848967
152572143 152486528
152572143 57644042
152572143 145456298
152572143 105853043
152572143 57646966
152572143 57849027
152572143 82643223
210213436 13276280
210213436 57649103
210213436 57647470
210213436 127230184
210213436 145456298
210213436 57644042
45470316 57645810
45470316 57650624
45470316 27990901
45470316 13276280
45470316 175151531
45470316 505286731
45470316 57646634
45470316 57649103
45470316 12264360
45470316 58424029
45470316 120646050
45470316 57648381
45470316 40014311
45470316 16323458
45470316 57645191
45470316 127230184
45470316 57649404
45470316 57644497
45470316 132191817
45470316 57644042
45470316 145456298
45470316 57849027
130397232 57645810
130397232 67571924
130397232 57644995
130397232 57650624
130397232 27990901
130397232 57644587
130397232 13276280
130397232 104756957
130397232 44759410
130397232 175151531
130397232 505286731
130397232 57646634
130397232 57649103
130397232 57647470
130397232 57652488
130397232 210191357
130397232 12264360
130397232 58424029
130397232 120646050
130397232 57648381
130397232 57648896
130397232 40014311
130397232 57650854
130397232 44757811
130397232 16323458
130397232 127230184
130397232 57649404
130397232 581064797
130397232 210187196
130397232 57644497
130397232 57648681
130397232 44759306
130397232 132191817
130397232 57644042
130397232 210185684
130397232 105853043
130397232 57646966
130397232 82643223
130397232 57849027
216091081 57644995
216091081 27990901
216091081 12264360
216091081 40014311
216091081 16323458
216091081 57647831
216091081 210187196
216091081 25089714
216091081 57848967
216091081 132191817
216091081 57849027
38597536 57644587
38597536 505286731
38597536 120646050
38597536 57648896
38597536 16323458
38597536 57647831
38597536 127230184
38597536 57650854
38597536 57650624
38597536 27990901
38597536 13276280
38597536 72355427
38597536 57645191
38597536 57648681
38597536 12264360
38597536 44759306
38597536 57649404
38597536 152486528
38597536 132191817
38597536 57644042
38597536 145456298
38597536 57849027
38597536 82643223
57652488 57645810
57652488 210281790
57652488 67571924
57652488 57644995
57652488 57650624
57652488 152572143
57652488 27990901
57652488 57644587
57652488 13276280
57652488 104756957
57652488 44759410
57652488 175151531
57652488 57646634
57652488 57649103
57652488 57647470
57652488 72355427
57652488 130397232
57652488 12264360
57652488 58424029
57652488 120646050
57652488 298830824
57652488 57648381
57652488 57648896
57652488 40014311
57652488 57650854
57652488 16323458
57652488 57647831
57652488 57645191
57652488 127230184
57652488 581064797
57652488 210187196
57652488 25089714
57652488 57644497
57652488 65318817
57652488 57650331
57652488 44759306
57652488 57848967
57652488 152486528
57652488 132191817
57652488 57644042
57652488 210185684
57652488 105853043
57652488 82643223
57652488 57849027
65291147 27990901
65291147 58424029
65291147 16323458
27990901 67571924
27990901 57644995
27990901 57644587
27990901 78884936
27990901 44759410
27990901 175151531
27990901 676697300
27990901 45470316
27990901 216091081
27990901 67284100
27990901 57649103
27990901 57647470
27990901 57652488
27990901 37057631
27990901 130397232
27990901 20696130
27990901 58424029
27990901 57648896
27990901 16323458
27990901 65291147
27990901 57647831
27990901 128503936
27990901 127230184
27990901 497347518
27990901 210187196
27990901 210243295
27990901 57644497
27990901 65318817
27990901 47696900
27990901 57645810
27990901 50642230
27990901 57648381
27990901 48701323
27990901 40014311
27990901 57650854
27990901 34823893
27990901 57650624
27990901 152572143
27990901 210191357
27990901 104756957
27990901 57648681
27990901 12264360
27990901 44759306
27990901 38597536
27990901 57649404
27990901 72355427
27990901 57645191
27990901 57646634
27990901 52581294
27990901 298830824
27990901 13276280
27990901 57848967
27990901 474925905
27990901 152486528
27990901 132191817
27990901 57644042
27990901 210185684
27990901 145456298
27990901 105853043
27990901 215124680
27990901 57646966
27990901 57849027
27990901 4998125
27990901 82643223
