129736546 33514498
129736546 89857847
127582626 69580252
127582626 127999125
127582626 127447189
127582626 129577599
56781131 137650757
812446952 529653606
58029711 58492204
58029711 89857847
58029711 58150993
58029711 129577599
15996989 129577599
15996989 127999125
15996989 65379684
785137901 302406569
673561185 49260097
673561185 89857847
685420836 127999125
220493484 129577599
613447449 137650757
601658691 65474341
601658691 89857847
601658691 794773127
601658691 129577599
129577599 89857847
129577599 65379684
58095172 58049510
58095172 91792164
58095172 89857847
58095172 137650757
58095172 65474341
55933649 6164030
55933649 89857847
55933649 127447189
55933649 129577599
58492204 673561185
58492204 58029711
58492204 65379684
58492204 696010432
58492204 231761471
58492204 49012163
58492204 127999125
58492204 89857847
58492204 129577599
33514498 129577599
384614932 127447189
350145617 125869468
350145617 49260097
350145617 89857847
350145617 137650757
65379684 129577599
65379684 302406569
65379684 231761471
65379684 49012163
65379684 49260097
65379684 15996989
65379684 643729395
65379684 69580252
65379684 89857847
65379684 500095836
65379684 65474341
302406569 129577599
302406569 74914732
302406569 108357304
302406569 794773127
302406569 49260097
302406569 643729395
302406569 89857847
302406569 58049510
302406569 65379684
302406569 65474341
836610682 89857847
108357304 129577599
108357304 302406569
108357304 231761471
108357304 696010432
108357304 49012163
108357304 49260097
108357304 58150993
108357304 18124825
108357304 89857847
108357304 137650757
108357304 65379684
108357304 163956815
108357304 65474341
137650757 49260097
137650757 69580252
56715482 129577599
322794415 89857847
58157620 65379684
127999125 127582626
127999125 127447189
156254308 49260097
156254308 137650757
156254308 65379684
45512295 49260097
128885485 127999125
18124825 794773127
18124825 89857847
18124825 65474341
497815264 129577599
130687552 127582626
35954760 127447189
35954760 127582626
211003773 137650757
211003773 49260097
25039865 127582626
25039865 127447189
25039865 127999125
221260607 49260097
49301485 127447189
49301485 127999125
500095836 65379684
90652795 24907493
156068343 129577599
127447189 127999125
127447189 127582626
24907493 90652795
6164030 794773127
65474341 65379684
65474341 49260097
65474341 89857847
65474341 794773127
65474341 58287044
65474341 129577599
65474341 58049510
65474341 643729395
643729395 129577599
643729395 302406569
643729395 231761471
643729395 65474341
643729395 65379684
643729395 89857847
125869468 89857847
49012163 65379684
49012163 89857847
49012163 129577599
22630119 137650757
22630119 127999125
22630119 49260097
58287044 65474341
231761471 65379684
231761471 643729395
231761471 49260097
155548277 302406569
155548277 89857847
155548277 65379684
58150993 58029711
58150993 89857847
58150993 65379684
794773127 129577599
794773127 302406569
794773127 74914732
794773127 529653606
794773127 601658691
794773127 58150993
794773127 18124825
794773127 89857847
794773127 58049510
794773127 6164030
794773127 65474341
49210046 65474341
49210046 65379684
49210046 58049510
49210046 137650757
49210046 89857847
49210046 127999125
49210046 129577599
163956815 141545489
163956815 696010432
163956815 108357304
163956815 529653606
163956815 65474341
212586491 127999125
78654389 89857847
69580252 65379684
69580252 137650757
73097154 89857847
49260097 129577599
49260097 302406569
49260097 22630119
49260097 91792164
49260097 231761471
49260097 45512295
49260097 89857847
49260097 137650757
49260097 58049510
49260097 812446952
49260097 65379684
49260097 65474341
56249359 127447189
56249359 127999125
529653606 302406569
529653606 794773127
529653606 696010432
529653606 89857847
529653606 812446952
529653606 163956815
49297794 58049510
49297794 137650757
49297794 89857847
49297794 643729395
49297794 129577599
91792164 129577599
91792164 89857847
91792164 58095172
56247550 127999125
56247550 89857847
210983442 65379684
210983442 89857847
210983442 49260097
210983442 129577599
89857847 56194130
89857847 129577599
89857847 302406569
89857847 108357304
89857847 322794415
89857847 696010432
89857847 129736546
89857847 49260097
89857847 127999125
89857847 643729395
89857847 55933649
89857847 65379684
89857847 65474341
58049510 56715482
58049510 129577599
58049510 302406569
58049510 49210046
58049510 794773127
58049510 696010432
58049510 49260097
58049510 49297794
58049510 58150993
58049510 65474341
58049510 58095172
58049510 65379684
58049510 89857847
74914732 56715482
74914732 127582626
74914732 302406569
74914732 794773127
74914732 643729395
696010432 163956815
696010432 89857847
113126864 127999125
