500098468 528797410
528797410 500098468
528797410 98829911
114477549 98829911
159867872 21735058
210979066 98829911
203717683 98829911
160329989 47366416
160329989 172714686
30786501 98829911
497827803 421456350
497827803 98829911
166826342 681518721
23894152 98829911
168437789 681518721
168437789 98829911
175207854 98829911
231214270 258114713
231214270 201374900
231214270 47366416
231214270 98829911
252151636 47366416
172714686 160329989
448007497 98829911
21735058 159867872
383968504 98829911
637505357 393901096
637505357 98829911
637505357 528347119
637505357 211001179
637505357 136754121
159810856 98829911
368897712 98829911
211008021 98829911
211008021 211001179
139957320 98829911
136754121 98829911
136754121 393901096
19680727 201374900
19680727 98829911
459740836 98829911
51800156 98829911
661317967 219796102
607846656 98829911
47366416 160329989
99758880 98829911
211001179 50622733
211001179 201374900
211001179 210998634
211001179 211008021
211001179 19680727
211001179 637505357
211001179 98829911
219796102 166826342
219796102 166730074
219796102 661317967
393901096 136754121
393901096 98829911
50622733 211001179
258114713 231214270
258114713 98829911
749803636 98829911
202493479 98829911
528347119 98829911
528347119 136754121
681518721 168437789
681518721 166826342
681518721 364267137
48503161 136754121
528555361 528347119
528555361 98829911
364267137 681518721
184657111 98829911
181557065 184107202
181557065 98829911
834296567 98829911
49329086 98829911
458086120 449333320
184107202 181557065
210998634 211001179
201374900 98829911
201374900 19680727
217138323 98829911
98829911 19680727
98829911 201374900
98829911 202493479
98829911 528347119
98829911 368897712
98829911 393901096
98829911 14314453
98829911 49329086
98829911 528741965
449333320 458086120
528741965 98829911
421456350 98829911
421456350 497827803
14314453 98829911
505836486 98829911
499761861 98829911
