50831924 60078713
50831924 359191049
228244087 359191049
228244087 523504681
219839569 60078713
219839569 359191049
50645792 200029861
50645792 60078713
50645792 644755368
50645792 559709550
50645792 219839569
50645792 359191049
50645792 815857502
61807657 60078713
61807657 200029861
61807657 359191049
815857502 45514416
720359305 60078713
445574587 60078713
445574587 359191049
565539502 60078713
565539502 359191049
536669265 359191049
359191049 60078713
834848349 359191049
135508826 559709550
135508826 359191049
559709550 523504681
559709550 50645792
559709550 45514416
559709550 199933695
559709550 135508826
200029861 559709550
200029861 199933695
200029861 18753927
200029861 219839569
200029861 523504681
200029861 50645792
200029861 359191049
19561382 60078713
19561382 359191049
54304792 60078713
54304792 359191049
57374326 60078713
57374326 359191049
456230479 60078713
199976187 359191049
60078713 359191049
199933695 60078713
199933695 559709550
199933695 523504681
199933695 200029861
58441146 60078713
45514416 815857502
45514416 359191049
45514416 61807657
640548614 60078713
161136272 359191049
253899915 60078713
834848766 359191049
48713308 60078713
523504681 199933695
523504681 200029861
523504681 359191049
523504681 18753927
523504681 45514416
523504681 559709550
523504681 61807657
523504681 228244087
523504681 815857502
226944627 60078713
226944627 219839569
