79667116 29268124
79667116 2480321
79667116 127448310
73566791 61721125
21632739 61721125
60934522 61721125
176523925 61721125
11944640 27690868
11944640 176523925
11944640 38296886
11944640 62025846
11944640 82653131
11944640 134344832
11944640 61265391
11944640 187978640
11944640 32293105
11944640 2246664
11944640 127385889
11944640 129954198
11944640 82264839
11944640 942450
11944640 62165842
11944640 61721125
32830230 82529284
32830230 33375518
32830230 127448310
32830230 43845191
32830230 61721125
82264856 62165842
82264856 61721125
82264839 57459268
82264839 11944640
82264839 61265391
82264839 79272727
82264839 1763214
82264839 127514340
82264839 129353621
82264839 942450
82264839 61721125
33375518 82529284
33375518 121226716
33375518 61721125
61265391 744298686
61265391 67242070
61265391 129076619
61265391 82264839
61265391 942450
61265391 62165842
61265391 61721125
134507975 127514340
134507975 61721125
7273413 27690868
7273413 61721125
62025846 25392447
62025846 61721125
14605762 61721125
111253573 61721125
38860763 13233139
38860763 61721125
13233139 38860763
13233139 187978640
13233139 3806372
13233139 38545313
13233139 62165842
3806372 13233139
3806372 121226716
3806372 61721125
43789001 61721125
82653131 11944640
82653131 65318807
82653131 62165842
82653131 61721125
1763214 27690868
1763214 57459268
1763214 39625976
1763214 2480321
1763214 127448310
1763214 67242070
1763214 129076619
1763214 65318807
1763214 43845191
1763214 16002631
1763214 82264839
1763214 62165842
1763214 61721125
744298686 61721125
65318807 27690868
65318807 39625976
65318807 82653131
65318807 2480321
65318807 79272727
65318807 129076619
65318807 21632739
65318807 9566663
65318807 9120926
65318807 61721125
29268124 27690868
29268124 38296886
29268124 23257358
29268124 9566663
29268124 12527983
29268124 79667116
29268124 25392447
127385889 39625976
127385889 121226716
127385889 61721125
127385889 62165842
127385889 942450
14504199 61721125
130332686 82264839
130332686 61721125
82264447 61721125
127448310 38296886
127448310 1763214
127448310 32830230
127448310 12527983
127448310 942450
127448310 62165842
127448310 61721125
23257358 29268124
23257358 61721125
187978640 11944640
187978640 13233139
187978640 82264839
187978640 61721125
24228092 61721125
62165842 13233139
62165842 9566663
62165842 942450
62165842 82653131
62165842 127514340
62165842 79272727
62165842 127448310
62165842 129076619
62165842 61265391
62165842 127385889
62165842 9120926
62165842 24228092
62165842 38296886
62165842 82529284
62165842 121226716
62165842 134507975
62165842 82264856
62165842 11944640
62165842 67242070
62165842 82264839
62165842 25392447
62165842 61721125
82529284 33375518
82529284 67242070
82529284 127514340
82529284 62165842
82529284 61721125
32293105 744298686
32293105 9120926
32293105 61721125
69075639 127543596
69075639 82264839
69075639 61721125
129954198 61721125
121226716 38296886
121226716 33375518
121226716 127385889
121226716 3806372
121226716 61721125
121226716 62165842
132434744 61721125
61721125 7273413
61721125 2480321
61721125 25392447
61721125 79272727
61721125 942450
61721125 43845191
61721125 27690868
61721125 127448310
61721125 96122439
61721125 57459268
61721125 65318807
61721125 23257358
61721125 62165842
61721125 39625976
61721125 62025846
61721125 111253573
61721125 32830230
61721125 129076619
61721125 12527983
61721125 32293105
61721125 24228092
61721125 82264839
61721125 744298686
61721125 134344832
61721125 21632739
61721125 127543596
61721125 69075639
134344832 61721125
44614246 61721125
68949517 61721125
156636237 61721125
12527983 9566663
12527983 61721125
228474341 61721125
96122439 61721125
79272727 27690868
79272727 129076619
79272727 65318807
79272727 21632739
79272727 82264839
79272727 942450
79272727 38545313
79272727 62165842
79272727 61721125
48809855 61721125
129076619 61265391
129076619 79272727
129076619 1763214
129076619 61721125
129076619 25392447
9120926 67242070
9120926 16002631
9120926 38545313
9120926 62165842
9120926 61721125
2480321 27690868
2480321 1763214
2480321 65318807
2480321 13233139
2480321 79667116
2480321 61721125
43845191 11944640
43845191 1763214
43845191 61721125
942450 73566791
942450 61265391
942450 79272727
942450 127448310
942450 127385889
942450 43845191
942450 82264839
942450 62165842
942450 61721125
2246664 61721125
76781224 61721125
61240475 61721125
5922327 61721125
113109853 61721125
113109853 127543596
231462518 61721125
127514340 82529284
127514340 134507975
127514340 82264839
127514340 62165842
127514340 61721125
48404494 61721125
162754172 61721125
39625976 129076619
39625976 127385889
39625976 61721125
38545313 13233139
38545313 9120926
38545313 79272727
38545313 942450
38545313 61721125
129353621 82529284
129353621 33375518
129353621 744298686
129353621 82264839
129353621 61721125
27690868 11944640
27690868 29268124
27690868 2480321
27690868 79272727
27690868 1763214
27690868 65318807
27690868 7273413
27690868 25392447
27690868 61721125
1565463 57459268
1565463 61721125
35716777 39625976
35716777 61721125
38296886 11944640
38296886 29268124
38296886 127448310
38296886 121226716
38296886 62165842
38296886 61721125
67242070 82529284
67242070 61265391
67242070 9120926
67242070 62165842
67242070 61721125
25392447 29268124
25392447 129076619
25392447 9566663
25392447 62025846
25392447 27690868
25392447 61721125
57459268 744298686
57459268 1763214
57459268 32293105
57459268 9120926
57459268 1565463
57459268 82264839
57459268 61721125
16002631 61265391
16002631 61721125
16002631 9120926
16002631 1763214
127543596 61721125
9566663 29268124
9566663 65318807
9566663 12527983
9566663 25392447
9566663 62165842
61240082 61721125
