456690049 128056631
149016026 128056631
83676372 23300100
83676372 128056631
172858013 128056631
58262761 128056631
46538081 128056631
140872399 128056631
224361658 128056631
179481071 128056631
44969448 128056631
317222762 128056631
173183618 128056631
276677503 128056631
604369344 128056631
65496379 128056631
17550885 128056631
133053842 128056631
570891625 128056631
128056631 65496379
128056631 46538081
128056631 17550885
128056631 83676372
128056631 140872399
128056631 317222762
128056631 570891625
128056631 179481071
128056631 58262761
128056631 604369344
128056631 149016026
128056631 133053842
128056631 44969448
9961571 128056631
