152527271 23518497
60701709 23518497
152657447 152524817
152657447 23518497
57649513 23518497
833336861 33741427
833336861 23518497
152671309 23518497
612385840 23518497
58135158 23518497
152876824 23518497
152733633 221062585
152733633 23518497
38463131 23518497
152889872 23518497
65432803 33741427
65432803 23518497
152797451 33741427
152797451 23518497
152688062 23518497
45542730 23518497
152524817 152657447
152524817 58419646
152524817 152732457
152524817 23518497
95518526 152447758
95518526 23518497
95518526 33741427
60887517 23518497
152839683 23518497
152680938 84590190
152680938 23518497
58419646 23518497
84590190 152680938
84590190 23518497
638095358 23518497
46968958 23518497
67318784 23518497
536913106 23518497
152630772 23518497
64641180 23518497
64641180 33741427
152446797 23518497
806249975 83559724
806249975 23518497
744278495 23518497
111010930 23518497
58112204 23518497
221062585 95518526
221062585 23518497
221062585 152733633
152670318 23518497
601645318 23518497
152857693 23518497
152928209 23518497
72459503 23518497
421480198 23518497
152732457 23518497
152603219 33741427
152603219 23518497
152447758 95518526
152594384 23518497
152572838 23518497
33741427 152797451
33741427 23518497
33741427 65432803
33741427 833336861
33741427 64641180
33741427 95518526
23518497 84590190
23518497 33741427
23518497 58419646
23518497 57649513
23518497 72459503
23518497 58094341
23518497 45542730
23518497 833363157
23518497 149533641
23518497 58112204
23518497 152657447
23518497 152680938
23518497 58135158
23518497 111010930
23518497 152671309
23518497 38463131
23518497 152857693
23518497 152732457
23518497 152889872
23518497 152876824
23518497 152603219
23518497 612385840
23518497 67318784
23518497 638095358
23518497 601645318
23518497 744278495
23518497 152928209
23518497 152733633
23518497 152527271
23518497 152524817
23518497 152797451
23518497 60887517
23518497 152630772
23518497 221062585
23518497 46968958
23518497 581737319
23518497 152670318
23518497 152594384
23518497 152446797
23518497 152688062
23518497 806249975
23518497 536913106
23518497 152572838
23518497 65432803
23518497 833336861
23518497 64641180
23518497 60701709
23518497 83559724
23518497 421480198
23518497 152839683
83559724 23518497
149533641 23518497
58094341 23518497
