38528069 15344127
454598047 129986271
65466999 57651729
65466999 82639476
152800971 82639476
52385157 163906837
223834263 163906837
357564186 57602131
357564186 20437530
152732127 82639476
193362056 15344127
193362056 52229177
581321003 82639476
214593914 135822333
57602131 20437530
57602131 357564186
57651729 65466999
57651729 163906837
39008629 163906837
72107542 148156811
52229177 15344127
52229177 193362056
36380544 15344127
457156405 15344127
20437530 57602131
20437530 357564186
148156811 72107542
29368329 82639476
163906837 223834263
232001522 163906837
58405546 152565467
135822333 214593914
152681182 82639476
28013250 82639476
832789568 58405546
82639476 152732127
129986271 454598047
44990468 163906837
15344127 36380544
15344127 52229177
15344127 457156405
15344127 193362056
15344127 38528069
23473331 82639476
57608193 82639476
152565467 58405546
