121955136 520922608
836612672 118499577
216097667 97364094
43864651 118499577
209221479 155357209
44965544 17673228
44965544 67328413
44965544 114258839
44965544 155357209
133418882 118499577
114258839 44965544
114258839 75380759
114258839 129431694
114258839 137887092
520922608 121955136
67328413 44965544
67328413 118499577
56924705 44943714
78551252 17673228
321849096 155357209
17673228 127529312
17673228 78551252
155357209 44965544
155357209 209221479
155357209 321849096
14488297 118499577
3399687 118499577
127529312 17673228
44285574 17673228
127169687 118499577
55566346 118499577
67193377 137887092
75380759 114258839
44943714 56924705
