268321662 45163630
45163630 152481013
45163630 58135706
45163630 299541364
45163630 421492806
45163630 58006459
45163630 677194216
45163630 58295126
45163630 45161968
45163630 58360825
45163630 15585276
45163630 16571913
45163630 210187372
45163630 57606465
45163630 58177054
45163630 601627814
45163630 639404816
45163630 268321662
45163630 298866053
45163630 299379144
45163630 831704961
45163630 205888219
45163630 677202951
45163630 677179984
45163630 694524638
45163630 15825813
45163630 58292255
45163630 52574030
45163630 45218816
45163630 58155687
45163630 56970728
45163630 15215356
45163630 831705748
45163630 9116942
45163630 5330402
45163630 44843235
152481013 601627814
152481013 45163630
601627814 15215356
601627814 45163630
601627814 152481013
16571913 15585276
16571913 45163630
56970728 45163630
44843235 5330402
44843235 45163630
44843235 15215356
694524638 58360825
694524638 45163630
694524638 410228177
9116942 15585276
9116942 45163630
5330402 45163630
5330402 298859026
5330402 44843235
58295126 410228177
58295126 45163630
58292255 45163630
58292255 410228177
410228177 58292255
58155687 45163630
58006459 45163630
45218816 45163630
298859026 5330402
58135706 45163630
677202951 45163630
677194216 45163630
831705748 299379144
831705748 45163630
15215356 601627814
15215356 45163630
15215356 44843235
299379144 52574030
299379144 677179984
299379144 45163630
299379144 44843235
299379144 831705748
299379144 15215356
421492806 45161968
421492806 45163630
299541364 45163630
15825813 45163630
45161968 421492806
45161968 45163630
45161968 410228177
58177054 45163630
205888219 45163630
298866053 45163630
58360825 694524638
58360825 45163630
210187372 45163630
57606465 45163630
677179984 45163630
831704961 45163630
15585276 16571913
15585276 45163630
15585276 9116942
52574030 45163630
52574030 299379144
639404816 410228177
639404816 45163630
