132495311 34430146
152688395 152714965
127982905 538982946
39224475 34430146
42058928 144815471
152953895 34430146
152714965 34430146
152714965 31383610
152714965 152688395
34430146 152577102
34430146 213223938
34430146 268413725
34430146 152629010
34430146 582232257
34430146 152953895
34430146 39224475
34430146 31383610
34430146 152892945
34430146 152714965
34430146 132495311
34430146 130374177
34430146 45810647
34430146 58346925
268413725 34430146
30626167 39224475
30626167 16026985
58346925 34430146
45810647 34430146
45810647 58346925
6124523 42376282
115324238 49171497
239880237 229313226
152629010 34430146
4232154 127167321
213223938 34430146
58343874 42376282
49171497 115324238
31383610 127982905
31383610 34430146
31383610 152714965
152577102 34430146
