36274774 49053381
36274774 61721125
48752971 61721125
75349406 48814174
75349406 156527491
75349406 61721125
60934522 25706341
60934522 61721125
176523925 61721125
91155455 98530068
91155455 44491496
91155455 61721125
24742588 61721125
61256583 61721125
129915939 61721125
32830230 48814174
32830230 61721125
79847013 61721125
18839937 33444563
18839937 61721125
754802887 61721125
57476052 61721125
33444563 80543569
33444563 18839937
33444563 39198571
33444563 61721125
48814186 61721125
48814186 132797197
129930288 61721125
12647027 61721125
44858294 15154299
44858294 61721125
21783935 61721125
65340023 61721125
25706341 60934522
25706341 27727601
25706341 75237111
25706341 61721125
60319077 61721125
11646442 61721125
44609065 61721125
130094102 27727601
49042950 130094102
49042950 61721125
27727601 24228092
27727601 130094102
27727601 25706341
27727601 61721125
39198571 33444563
39198571 61721125
37895099 61721125
24228092 61721125
44094598 61721125
49067577 104876040
44902103 61721125
21860828 61721125
15154299 61721125
61721125 811585
61721125 5434280
61721125 129930288
61721125 71324852
61721125 12647027
61721125 39625976
61721125 75344788
61721125 32830230
61721125 44858294
61721125 44681011
61721125 24228092
61721125 15154299
61721125 129915939
61721125 104876040
61721125 91155455
61721125 33444563
61721125 24742588
49053381 36274774
49053381 129930288
49053381 61721125
104876040 49067577
104876040 61721125
86436734 61721125
71324852 130094102
71324852 129930288
71324852 61721125
134159139 61721125
65322511 61721125
44681011 61721125
44541450 61721125
67419883 61721125
77266905 61721125
75362057 61721125
44535468 61721125
48814174 32830230
48814174 61721125
48814174 75349406
138993755 61721125
48818946 61721125
82263271 61721125
132797197 48814186
132797197 61721125
75344788 61721125
80543569 33444563
80543569 61721125
39625976 61721125
98530068 91155455
98530068 25706341
98530068 61721125
43888590 61721125
132206153 61721125
44039697 61721125
73622688 61721125
72435403 61721125
34793833 61721125
44491496 61721125
44491496 91155455
5434280 129930288
5434280 61721125
57410662 61721125
208468630 61721125
55239472 61721125
75237111 61721125
156527491 75349406
156527491 132797197
156527491 61721125
811585 754802887
811585 61721125
