401151522 129617614
29265328 86087281
29265328 27106279
29265328 16760424
29265328 129617614
52561960 129617614
11237551 129005341
11237551 129617614
22109719 129617614
131975548 30566007
10182050 129617614
836612025 129617614
418616479 129617614
57485431 152735741
57485431 129617614
55242784 129617614
39148701 129617614
2219238 129617614
835865490 129617614
57483300 129617614
142733342 129617614
57492143 129617614
508157260 129617614
363771110 129617614
366183171 129617614
50757196 129617614
44984931 129617614
199922739 129617614
137007982 30566007
696438370 129617614
214087843 129617614
184489856 129617614
630543320 129617614
533284429 129617614
16760424 29265328
16760424 86087281
16760424 27106279
16760424 298857440
48359948 129617614
30566007 131975548
30566007 129617614
200054182 129617614
200034305 129617614
119669919 129617614
60448195 129617614
51069983 129617614
128477603 129617614
86087281 29265328
86087281 16760424
674887351 129617614
298857440 16760424
16045637 129617614
154825165 129617614
27106279 16760424
60269263 129617614
102814970 129617614
60083212 129617614
58405015 86087281
58405015 129617614
58405015 16760424
152735741 57485431
152735741 129617614
277555926 129617614
833586756 129617614
214275720 129617614
27930663 129617614
200041909 129617614
363784874 129617614
54380454 129617614
57371446 129617614
199795073 129617614
15656450 129617614
233680955 129617614
129005341 11237551
129005341 129617614
