31215137 29138310
31215137 127387069
31215137 129123636
31215137 127209912
69187780 68951255
69187780 7133868
69187780 127387069
69187780 73974372
69187780 82529605
69187780 23933577
69187780 127209912
101638604 29015990
101638604 62387406
44156151 127209912
62387406 29015990
62387406 47864188
62387406 29138310
62387406 101638604
49423890 68951255
49050221 29138310
49050221 127387069
49050221 127209912
48491836 46487177
48491836 127387069
48491836 54612444
48491836 127209912
129123636 31215137
129123636 23933577
44628577 127209912
44628577 82529605
134109063 44622849
134109063 44652773
134109063 3908683
134109063 48488585
134109063 127387069
44947008 31215137
44947008 73974372
44947008 127209912
24766362 82738176
24766362 130058979
24766362 127209912
126333027 127387069
44622849 3908683
44622849 7133868
44622849 46487177
44622849 82738176
44622849 127387069
44622849 134109063
44622849 127209912
68951255 49423890
68951255 69187780
68951255 73974372
68951255 127209912
44652773 134109063
130058979 24766362
130058979 73974372
130058979 127209912
48573099 127209912
130332950 127387069
130332950 127209912
54612444 127387069
54612444 127209912
82529605 130474756
82529605 127209912
77159783 29138310
77159783 23933577
44360398 127209912
46487177 44622849
75353848 29138310
75353848 127209912
231680090 127209912
44502611 127209912
48815307 127387069
48815307 130474756
7133868 44622849
7133868 3908683
7133868 48554366
7133868 69187780
7133868 127387069
7133868 127209912
43988413 127209912
79966877 130332950
79966877 127387069
79966877 82529605
79966877 127209912
130474756 127387069
130474756 127209912
50654204 127387069
50654204 127209912
29138310 29015990
29138310 75353848
29138310 31215137
29138310 62387406
29138310 82738176
29138310 23933577
29138310 127209912
49242878 127209912
127386802 127387069
29015990 29138310
29015990 62387406
29015990 101638604
29015990 73974372
73974372 44947008
73974372 31215137
73974372 68951255
73974372 69187780
156548589 82529605
3908683 50851129
3908683 44622849
3908683 7133868
3908683 134109063
3908683 127209912
47864188 48488585
47864188 62387406
48488585 127387069
48488585 134109063
48488585 127209912
82738176 44622849
82738176 29138310
82738176 24766362
23933577 77159783
23933577 29138310
23933577 69187780
23933577 127387069
23933577 129123636
69096928 24766362
69096928 127209912
50851129 3908683
205057092 127209912
48554366 7133868
48554366 127387069
48554366 127209912
44169159 127209912
54146132 127209912
