4659283 127354554
253911426 127354554
97363690 10242337
97363690 127354554
97363690 298835650
97363690 57577995
349474148 127354554
524160034 127354554
54291516 127354554
107496235 127354554
107496235 31415083
107496235 85826422
395223331 127354554
100420066 127354554
228999524 127354554
85826422 57847332
85826422 8242951
85826422 31415083
85826422 107496235
173830892 127354554
582216673 127354554
581287521 127354554
652218882 127354554
580990396 127354554
566382126 127354554
306568857 216097192
306568857 127354554
306568857 57577995
306568857 57847332
447689688 127354554
347428229 127354554
155869248 127354554
224322362 127354554
167421073 127354554
581751596 127354554
582226524 127354554
148320718 127354554
483104378 127354554
14833494 127354554
155869039 127354554
149061378 127354554
538752135 127354554
538752135 57577995
536276008 31415083
155837098 127354554
49816177 127354554
49816177 57577995
482623315 127354554
128139077 127354554
25535521 302463841
25535521 127354554
25535521 57577995
581967057 127354554
123975822 57577995
123975822 127354554
581884757 127354554
58275534 127354554
41451204 127354554
581437200 127354554
582100743 127354554
5927243 127354554
11497032 581287521
11497032 127354554
11497032 8242951
581715406 127354554
175162507 127354554
45423267 127354554
45423267 57577995
31415083 536276008
31415083 216097192
31415083 127354554
31415083 581330982
31415083 85826422
31415083 57847332
31415083 107496235
57847332 127354554
57847332 8242951
57847332 85826422
57847332 306568857
57847332 31415083
581330982 127354554
581330982 31415083
581330982 57577995
582124623 127354554
834034842 127354554
462559934 127354554
155914512 127354554
57577995 127354554
581781582 127354554
50897338 127354554
50897338 57577995
216097192 306568857
216097192 127354554
216097192 31415083
10807684 127354554
10807684 57577995
581556499 127354554
581667280 127354554
302463841 10242337
302463841 127354554
302463841 25535521
302463841 57577995
127354554 57577995
58148028 127354554
298835650 127354554
298835650 97363690
298835650 57577995
10242337 302463841
10242337 127354554
10242337 97363690
10242337 57577995
56973287 127354554
271687910 127354554
8242951 57847332
8242951 11497032
8242951 85826422
581564833 127354554
