4929229 58531947
20006006 81956501
20006006 52394091
20006006 33729449
20006006 58531947
33729449 20006006
352318906 58531947
81956501 58531947
81956501 56958344
81956501 6138773
81956501 20006006
52394091 81956501
52394091 20006006
57194224 6138773
139533708 58531947
57046721 20006006
58531947 81956501
58531947 20006006
56958344 58531947
56958344 81956501
56958344 6138773
20027171 58531947
37718930 58531947
6138773 81956501
6138773 58531947
6138773 56958344
156905079 58531947
27714947 58531947
