155914807 34794290
833493847 34794290
58008972 65310079
237752287 34794290
66953288 23072151
66953288 34794290
66953288 15174911
66953288 578733077
836612499 34794290
81921216 34794290
22686310 34794290
723733225 34794290
59093239 34794290
394487987 34794290
100806043 34794290
195186450 34794290
83260693 34794290
79689473 34794290
167848252 34794290
410228177 34794290
80328027 633973080
633973080 34794290
633973080 80328027
72467242 34794290
8501755 223844934
8501755 9535785
152479236 34794290
421484026 34794290
152670701 34794290
57589042 34794290
28739325 34794290
179607907 34794290
173331851 34794290
65544914 34794290
58024780 52026944
58024780 58182088
401242815 34794290
20024615 34794290
223853847 34794290
223853847 578733077
223853847 410228177
299100568 34794290
106119474 34794290
806268556 578733077
559488243 34794290
601603074 34794290
234076883 34794290
205885370 34794290
137592769 34794290
17624196 34794290
65310079 34794290
88588071 34794290
558604617 34794290
23646082 34794290
45215165 15174911
421464987 34794290
559329626 34794290
58026269 459314436
58026269 34794290
25526937 34794290
25526937 15174911
50614862 34794290
699051926 34794290
421496398 23072151
160396218 34794290
224401479 34794290
177031416 34794290
165195304 34794290
528615019 15174911
836612911 34794290
421468960 578733077
421468960 34794290
56577986 34794290
148164841 34794290
23072151 34794290
23072151 421496398
23072151 66953288
169256765 34794290
15174911 25526937
15174911 27489401
15174911 66953288
15174911 45215165
15174911 528615019
15174911 578733077
192278607 34794290
52026944 34794290
52026944 58024780
459314436 27489401
459314436 34794290
459314436 58026269
459314436 556409561
9535785 8501755
9535785 34794290
35931747 34794290
58182088 34794290
58182088 58024780
421485500 34794290
54466450 34794290
578733077 806268556
578733077 410228177
578733077 34794290
578733077 15174911
578733077 66953288
578733077 223853847
578733077 421468960
27489401 15174911
27489401 459314436
27489401 34794290
58388161 34794290
658761672 34794290
223844934 8501755
223844934 34794290
4792640 34794290
413393096 34794290
