128775531 66853113
128775531 31468787
276820693 66853113
276820693 128775531
276820693 31468787
326864537 242599551
326864537 66853113
326864537 128775531
326864537 31468787
25922551 128775531
25922551 326864537
25922551 276820693
25922551 66853113
25922551 31468787
58424584 66853113
73198614 118288396
73198614 128775531
73198614 31468787
118288396 73198614
756503561 66853113
242599551 31468787
242599551 326864537
833310518 26302721
66853113 128775531
66853113 58424584
66853113 31468787
66853113 276820693
152934153 326864537
421506221 31468787
31468787 66853113
31468787 326864537
31468787 326864418
31468787 276820693
31468787 128775531
31468787 421506221
31468787 73198614
31468787 25922551
652876570 326864537
652876570 128775531
26302721 833310518
49240104 66853113
49240104 326864418
499300761 66853113
499300761 31468787
499300761 128775531
