423921192 127166025
298856426 152928152
298856426 82790466
298856426 127166025
298856426 11273647
10603822 25003496
10603822 11273647
10603822 127166025
10603822 67521635
58394278 127166025
58394278 37018092
58394278 32019400
501599245 25003496
501599245 152928152
501599245 152571871
501599245 127166025
582038127 127166025
54231428 127166025
82402442 127166025
82402442 92081884
82402442 101699166
82402442 210192025
581039087 127166025
163997558 127166025
241672404 127166025
101699166 82402442
101699166 25003496
101699166 127166025
101699166 33156621
833628304 127166025
3253421 37576708
3253421 152928152
3253421 127166025
3253421 57645764
3253421 57847291
3253421 57650568
143013657 127166025
728466451 31415083
728466451 833658470
728466451 127166025
83970849 127166025
57653360 127166025
57653360 34374522
57653360 31415083
57653360 32019400
172468366 127166025
92081884 127166025
37576708 25003496
37576708 152928152
37576708 127166025
37576708 57644521
37576708 3253421
37576708 57645764
37576708 44874615
37576708 34374522
37576708 152574435
37576708 57847291
37576708 31415083
37576708 57650568
33156621 101699166
33156621 57847291
33156621 14071360
33156621 127166025
2331428 14071360
2331428 127166025
2331428 210192025
57652981 127166025
57652981 25003496
57652981 31415083
57652981 34374522
57652981 14071360
836612781 127166025
34374522 25003496
34374522 57653360
34374522 14071360
34374522 37576708
34374522 152928152
34374522 82790466
34374522 127166025
34374522 57847291
34374522 57652981
152812858 107257337
152812858 127166025
152812858 57847291
14071360 25003496
14071360 34374522
14071360 2331428
14071360 101699166
14071360 11273647
14071360 33156621
14071360 127166025
14071360 31415083
14071360 57650568
210192025 25003496
210192025 34374522
210192025 2331428
210192025 127166025
210192025 3253421
34686803 127166025
11273647 25003496
11273647 31069085
11273647 143013657
11273647 298856426
11273647 57847291
11273647 10603822
11273647 14071360
11273647 82790466
11273647 57645764
11273647 127166025
11273647 107257337
152578471 127166025
581738266 107257337
581738266 127166025
836614629 127166025
152571871 92081884
152571871 127166025
152571871 31415083
155837156 25003496
155837156 127166025
128410593 13400371
128410593 127166025
25003496 14071360
25003496 155837156
25003496 37576708
25003496 107257337
25003496 37986978
25003496 10603822
25003496 82790466
25003496 127166025
25003496 92081884
25003496 11273647
25003496 34374522
25003496 2331428
25003496 581972613
25003496 101699166
25003496 31415083
25003496 67521635
561264633 204954307
561264633 127166025
561264633 57645764
561264633 57847291
67521635 37986978
67521635 127166025
67521635 101698203
67521635 25003496
67521635 107257337
107257337 25003496
107257337 581738266
107257337 11273647
107257337 57645764
107257337 127166025
107257337 31415083
107257337 67521635
37986978 25003496
37986978 127166025
37986978 10603822
37986978 67521635
241599754 127166025
836614392 127166025
581148072 127166025
152811248 127166025
152811248 32019400
149254756 127166025
205344278 127166025
152574435 37576708
152574435 127166025
152574435 31415083
155818906 204954307
155818906 127166025
57647529 127166025
57647529 57645764
57647529 57847291
34327633 127166025
57847291 57647529
57847291 37576708
57847291 127166025
57847291 3253421
57847291 11273647
57847291 33156621
57847291 57645764
57847291 561264633
57847291 34374522
57847291 31415083
833658470 31415083
82790466 204954307
82790466 25003496
82790466 298856426
82790466 34374522
82790466 11273647
82790466 57645764
82790466 127166025
82790466 31415083
31069085 127166025
31069085 11273647
225041648 127166025
31415083 25003496
31415083 57653360
31415083 37576708
31415083 728466451
31415083 57644521
31415083 34374522
31415083 152574435
31415083 37018092
31415083 57847291
31415083 152928152
31415083 152571871
31415083 82790466
31415083 128410593
31415083 127166025
31415083 833658470
31415083 107257337
31415083 57650568
31415083 57652981
351400234 127166025
37018092 25003496
37018092 152928152
37018092 127166025
37018092 58394278
37018092 31415083
37018092 57650568
270484346 25003496
270484346 127166025
270484346 44874615
152713572 127166025
57645764 25003496
57645764 57647529
57645764 37576708
57645764 57644521
57645764 3253421
57645764 561264633
57645764 57847291
57645764 152928152
57645764 11273647
57645764 82790466
57645764 127166025
57645764 107257337
57645764 44874615
101698203 152928152
101698203 127166025
101698203 31415083
101698203 67521635
155815507 25003496
155815507 152928152
155815507 127166025
57650568 127166025
57650568 25003496
57650568 3253421
57650568 14071360
57650568 31415083
57650568 37576708
57650568 152928152
13400371 127166025
80766957 127166025
58108993 127166025
58108993 44874615
836614740 205344278
581972613 25003496
581972613 152928152
581972613 127166025
152723532 127166025
44874615 37576708
44874615 298856426
44874615 57645764
44874615 127166025
44874615 57650568
32019400 25003496
32019400 57653360
32019400 58394278
32019400 152811248
32019400 127166025
57644521 25003496
57644521 127166025
57644521 57645764
57644521 31415083
836612900 127166025
827733422 205344278
827733422 127166025
581431377 127166025
204954307 82790466
204954307 127166025
204954307 561264633
204954307 155818906
368551559 127166025
152517309 25003496
152517309 127166025
152928152 25003496
152928152 37576708
152928152 92081884
152928152 298856426
152928152 34374522
152928152 581972613
152928152 37018092
152928152 101698203
152928152 155815507
152928152 11273647
152928152 57645764
152928152 127166025
152928152 31415083
152928152 58108993
152928152 57650568
