129647760 208439191
129647760 534760941
129647760 535374652
129647760 35667303
129647760 532584752
152581178 129647760
152581178 535374652
152581178 57648878
152581178 58037523
152581178 532584752
152581178 58020815
152581178 534756559
152581178 534760941
108399928 129647760
535374652 129647760
58104787 208439191
58104787 534760941
58104787 532584752
58104787 129647760
164359922 532584752
288314216 129647760
288314216 532584752
288314216 35667303
288314216 164359922
288314216 208439191
22754099 532584752
22754099 129647760
534756559 208439191
534756559 57648878
534756559 532584752
534756559 152581178
208439191 164359922
208439191 535374652
208439191 35667303
208439191 57648878
208439191 532584752
208439191 129647760
208439191 288314216
208439191 534756559
81472642 57648878
81472642 58020815
58037523 532584752
35667303 208439191
35667303 534760941
35667303 164359922
35667303 58020815
35667303 532584752
35667303 129647760
35667303 288314216
534760941 208439191
534760941 532584752
58020815 35667303
58020815 532584752
58020815 129647760
58020815 81472642
532584752 208439191
532584752 534760941
532584752 164359922
532584752 35667303
532584752 129647760
532584752 288314216
57648878 208439191
57648878 532584752
57648878 534756559
57648878 81472642
57648878 152581178
