130104810 218116262
130104810 218100424
130104810 135397673
130104810 218119791
130104810 127221487
130104810 218117376
130104810 49316986
14944118 218119791
14944118 127221487
218119791 218116262
218119791 127221487
218119791 218117376
218119791 49316986
218119791 130104810
38257696 127221487
38257696 218119791
135397673 130104810
135397673 127221487
135397673 218119791
49316986 49267196
49316986 218119791
49316986 127221487
49316986 130104810
49316986 218117376
49267196 218119791
49267196 127221487
681047881 127221487
724524044 218119791
170768899 218119791
170768899 127221487
57850853 127221487
218116262 218119791
218116262 127221487
218116262 130104810
218100424 218110461
218100424 127221487
218100424 130104810
154689055 127221487
127221487 130104810
218110461 130104810
218110461 127221487
218110461 218119791
218110461 135397673
218110461 218100424
57491551 218119791
57491551 127221487
218117376 127221487
218117376 130104810
218117376 49316986
54309036 127221487
