57070223 57069644
57070223 37327420
57070223 747192562
612985549 37327420
402185038 57069644
57067857 37327420
57067857 401836040
500987108 57069644
401836040 57067857
320241200 37327420
12176933 86235649
695803034 747192562
695803034 57069644
828490482 301957774
828490482 54636854
828490482 57069644
747192562 301957774
747192562 695803034
747192562 57069047
747192562 57070223
57069047 37327420
57069047 747192562
57069047 57069644
288253873 37327420
57067872 301957774
57067872 57069644
57067872 54636854
97271708 37327420
301957774 57067872
301957774 747192562
301957774 828490482
301957774 54636854
301957774 57069644
86235649 12176933
299175273 37327420
52608611 500936717
52608611 57069644
20993325 37327420
52542847 37327420
54636854 500936717
54636854 500987108
54636854 828490482
54636854 57069644
54636854 57067872
57069644 52608611
57069644 424323909
57069644 57067872
57069644 57070223
57069644 401836040
57069644 500987108
57069644 828490482
57069644 402185038
57069644 301957774
57069644 97271708
57069644 54636854
57069644 57069047
57069644 695803034
