383404638 128798351
132469480 259981629
23575610 128798351
690986238 128798351
56605989 128798351
155701531 75154314
77536426 59712182
77536426 118340880
173358469 128798351
54550625 128798351
59712182 77536426
54576702 128798351
156285259 179767250
84565693 45484852
20679058 128798351
161706485 128798351
45139876 128798351
45484852 128798351
45484852 84565693
711171399 128798351
711171399 133155962
80448952 128798351
57738237 128798351
155812116 128798351
36210612 4720198
17446652 128798351
17446652 67794019
17446652 110710703
17446652 45132810
50689667 128798351
49241220 128798351
81421265 128798351
208392743 128798351
174634125 128798351
133155962 711171399
56372486 128798351
34855489 128798351
9590282 128798351
67794019 128798351
67794019 17446652
67794019 45132810
47458386 128798351
159855286 75154314
133107151 128798351
30490361 30937760
72807257 75154314
39888927 128798351
6030029 128798351
4720198 128798351
4720198 36210612
110710703 128798351
110710703 17446652
75154314 155701531
75154314 159855286
259981629 132469480
259981629 95326960
45431815 128798351
52013223 128798351
54395424 128798351
165171213 128798351
30937760 25764276
30937760 30490361
164174828 128798351
179537591 128798351
45132810 17446652
45132810 128798351
81652 128798351
25764276 30937760
31857514 179767250
31857514 5582319
31857514 128798351
39601168 128798351
374112406 131973498
11396815 128798351
54377689 128798351
153698400 179767250
179767250 156285259
179767250 5582319
179767250 153698400
179767250 31857514
664447063 128798351
22546563 128798351
118340880 77536426
384164469 128798351
11902379 128798351
131973498 374112406
131973498 128798351
179549365 128798351
95326960 128798351
645678980 128798351
5582319 128798351
5582319 179767250
5582319 31857514
129456673 128798351
206547111 128798351
