33032742 13788175
60191614 28285336
60191614 82642636
60191614 4345158
60191614 28646526
60191614 90955927
60191614 51586824
60191614 57054075
60191614 11961708
60191614 208596921
60191614 675503254
60191614 199877604
452626713 70407216
452626713 57054075
51586824 81377624
51586824 60191614
51586824 28285336
51586824 66619961
51586824 208386857
51586824 169528851
51586824 90955927
51586824 13788175
51586824 208596921
51586824 675503254
51586824 199877604
51586824 46523754
56760915 127345595
208578964 82642636
208578964 36688406
14062381 28646526
14062381 13788175
14062381 58184117
88540737 13788175
88540737 199877604
45389555 127345595
13788175 81377624
13788175 70407216
13788175 28285336
13788175 14062381
13788175 943639
13788175 2568203
13788175 4345158
13788175 28646526
13788175 72464560
13788175 90955927
13788175 264533407
13788175 127345595
13788175 11961708
13788175 208596921
13788175 675503254
13788175 199877604
13788175 46523754
90955927 81377624
90955927 70407216
90955927 60191614
90955927 52051187
90955927 943639
90955927 66619961
90955927 2568203
90955927 4345158
90955927 28646526
90955927 51586824
90955927 57054075
90955927 13788175
90955927 208596921
90955927 675503254
90955927 199877604
90955927 46523754
66619961 81377624
66619961 52051187
66619961 169528851
66619961 90955927
66619961 51586824
66619961 199877604
208481250 28646526
539232736 82642636
539232736 6963631
539232736 164374776
539232736 36688406
326180822 127345595
127345595 13788175
52538387 6963631
52538387 164374776
52538387 36688406
191824971 127345595
191824971 13788175
130066752 65487704
164374776 65487704
164374776 82642636
164374776 6963631
164374776 36688406
164374776 130066752
164374776 52538387
28646526 60191614
28646526 52051187
28646526 14062381
28646526 943639
28646526 2568203
28646526 4345158
28646526 90955927
28646526 13788175
28646526 11961708
28646526 208481250
28646526 208596921
28646526 675503254
28646526 199877604
232861759 127345595
6963631 65487704
6963631 301967195
6963631 328297836
6963631 82642636
6963631 164374776
6963631 11961708
6963631 539232736
6963631 36688406
6963631 52538387
6963631 208535296
450747996 199877604
450747996 13788175
597416765 127345595
45154004 6963631
45154004 82642636
328297836 6963631
82642636 65487704
82642636 301967195
82642636 60191614
82642636 45154004
82642636 6963631
82642636 208578964
82642636 164374776
82642636 539232736
82642636 36688406
57054075 70407216
57054075 60191614
57054075 2568203
57054075 13788175
57054075 199877604
67098213 127345595
28285336 170930349
28285336 70407216
28285336 60191614
28285336 2568203
28285336 51586824
28285336 13788175
28285336 199877604
542924588 13788175
8982013 127345595
72464560 13788175
109383566 199877604
70407216 4345158
70407216 57054075
70407216 13788175
70407216 208596921
70407216 199877604
70407216 943639
70407216 2568203
170930349 199877604
377284889 169528851
377284889 675503254
675503254 81377624
675503254 377284889
675503254 60191614
675503254 2568203
675503254 169528851
675503254 28646526
675503254 90955927
675503254 51586824
675503254 13788175
675503254 208596921
675503254 199877604
675503254 46523754
675503254 58184117
36688406 65487704
36688406 3991994
36688406 82642636
36688406 6963631
36688406 208578964
36688406 164374776
36688406 52538387
943639 28646526
943639 2568203
65487704 6963631
65487704 36688406
208386857 2568203
208386857 51586824
208386857 13788175
208386857 199877604
208386857 46523754
169549467 13788175
169549467 199877604
169549467 169528851
19736001 127345595
301967195 82642636
301967195 6963631
301967195 52058651
301967195 51901878
301967195 11961708
301967195 36688406
54347421 13788175
54347421 127345595
169528851 377284889
169528851 66619961
169528851 51586824
169528851 13788175
169528851 208596921
169528851 675503254
169528851 199877604
169528851 169549467
169528851 2568203
52058651 301967195
52058651 13788175
164374513 58184117
264533407 13788175
82263500 127345595
156722528 13788175
58184117 14062381
58184117 52051187
58184117 164374513
2568203 52051187
2568203 28285336
2568203 208386857
2568203 28646526
2568203 13788175
2568203 11961708
2568203 208596921
2568203 675503254
2568203 169528851
2568203 70407216
2568203 943639
11961708 81377624
11961708 65487704
11961708 301967195
11961708 60191614
11961708 52051187
11961708 2568203
11961708 28646526
11961708 6963631
11961708 57054075
11961708 13788175
11961708 208596921
11961708 36688406
11961708 199877604
11961708 46523754
46523754 199877604
46523754 675503254
46523754 208386857
46523754 51586824
46523754 11961708
46523754 90955927
46523754 13788175
4345158 81377624
4345158 60191614
4345158 28646526
4345158 90955927
4345158 13788175
4345158 199877604
51901878 65487704
51901878 301967195
208596921 60191614
208596921 2568203
208596921 28646526
208596921 51586824
208596921 13788175
208596921 675503254
208596921 199877604
704641946 13788175
208535296 6963631
208535296 65487704
81377624 66619961
81377624 4345158
81377624 90955927
81377624 51586824
81377624 13788175
81377624 675503254
81377624 46523754
114603843 127345595
199877604 70407216
199877604 60191614
199877604 169549467
199877604 52051187
199877604 28285336
199877604 66619961
199877604 4345158
199877604 28646526
199877604 88540737
199877604 90955927
199877604 51586824
199877604 57054075
199877604 13788175
199877604 11961708
199877604 208596921
199877604 675503254
199877604 46523754
52051187 66619961
52051187 2568203
52051187 28646526
52051187 90955927
52051187 13788175
52051187 11961708
52051187 199877604
52051187 58184117
