102115146 127414823
161493782 14847486
161493782 80621578
129122047 20621258
200892583 14847486
40591844 14847486
40591844 127414823
40591844 57346110
148443353 127414823
33615065 14847486
33615065 127414823
49030692 20621258
509815 14847486
114146985 14847486
14847486 161493782
14847486 127414823
14847486 57346110
14847486 33615065
208486287 14847486
128732601 127414823
44742562 14847486
44742562 127414823
5635489 20621258
138980540 127414823
482669254 127414823
80621578 161493782
127414823 14847486
226138471 14847486
8399310 40591844
24413194 14847486
24413194 127414823
60689711 14847486
60689711 57346110
40911420 14847486
40911420 127414823
44372880 127414823
20621258 129122047
20621258 8399310
57346110 60689711
57346110 40591844
