121515053 3729632
121515053 601881355
58330362 735639238
50901426 3729632
50901426 89047534
50901426 69499811
50901426 21926415
107495956 57771166
3729632 377282756
3729632 89047534
3729632 31631879
3729632 4610396
3729632 50901426
3729632 698777482
3729632 21926415
3729632 634811592
210247190 82152881
210247190 57644723
210247190 833319352
210247190 45822167
81378131 69499811
82152881 582392432
82152881 210247190
82152881 57771166
82152881 58419646
82152881 121515053
13293337 421460155
31631879 3729632
47163101 3729632
92835372 377282756
92835372 3729632
92835372 246984057
92835372 21926415
377282756 3729632
30741886 3729632
23178845 3729632
58419646 57644723
58419646 82152881
58419646 57605722
58419646 45822167
58419646 601881355
833312122 45822167
4610396 3729632
4610396 634811592
167660765 3729632
21402323 634811592
89047534 3729632
89047534 50901426
253899885 634811592
582392432 82152881
97189225 601881355
27979258 39964158
27979258 634811592
27979258 735639238
27979258 601881355
152934361 490446837
43937608 57771166
43937608 3729632
43937608 45822167
152929789 152857717
152929789 490446837
52583171 57644723
57771166 107495956
57771166 82152881
57771166 43937608
152857717 490446837
152857717 57644723
152857717 152929789
37126216 21926415
152663089 152695275
490446837 152857717
735639238 58330362
735639238 27979258
39964158 27979258
57644723 152907477
57644723 152857717
57644723 52583171
57644723 58330362
57644723 210247190
57644723 58419646
57644723 601881355
634811592 21402323
634811592 4610396
634811592 3729632
675875760 3729632
152907477 57644723
698777482 3729632
421460155 13293337
298831098 121515053
152695275 152663089
246984057 92835372
164531431 45822167
251192600 3729632
251192600 45822167
714636020 3729632
57605722 45161747
57605722 58419646
57605722 45822167
223876479 3729632
833319352 210247190
21926415 89047534
21926415 37126216
21926415 69499811
21926415 92835372
21926415 50901426
21926415 3729632
45822167 57605722
45822167 69499811
45822167 3729632
45822167 164531431
45822167 833312122
45822167 210247190
45822167 251192600
45822167 43937608
45822167 298831278
45161747 57605722
45161747 45822167
