21967901 44759410
21967901 57646364
21967901 148280741
21967901 57645607
21967901 57645348
21967901 81474342
21967901 57643996
21967901 57645246
21967901 57653266
21967901 58101112
21967901 85054430
21967901 57341891
21967901 57651082
21967901 24765513
21967901 113445298
21967901 57650754
21967901 31665377
21967901 101696166
21967901 139205190
57645348 3764059
57645348 44759410
57645348 57646364
57645348 148280741
57645348 57645607
57645348 81474342
57645348 298835249
57645348 21967901
57645348 147953999
57645348 57643996
57645348 57645246
57645348 57653266
57645348 58101112
57645348 57341891
57645348 57651082
57645348 24765513
57645348 113445298
57645348 57650754
57645348 31665377
57645348 101696166
57645348 139205190
298851588 44759410
298851588 57643996
298851588 101696166
57651082 44759410
57651082 57651933
57651082 148280741
57651082 57645607
57651082 57645348
57651082 81474342
57651082 298835249
57651082 21967901
57651082 147953999
57651082 152572958
57651082 57643996
57651082 57648464
57651082 57645246
57651082 57653266
57651082 57341891
57651082 57647698
57651082 24765513
57651082 113445298
57651082 57650754
57651082 31665377
57651082 101696166
57651082 139205190
11264980 44759410
11264980 57643996
21616743 57645607
21616743 57643996
21616743 24765513
21616743 113445298
21616743 31665377
31665377 21616743
31665377 57643996
31665377 57645607
31665377 24765513
31665377 57653266
31665377 57646364
31665377 57645246
31665377 113445298
31665377 210253354
31665377 57645348
31665377 21967901
31665377 57650754
31665377 148280741
31665377 57651082
31665377 44759410
31665377 57651933
31665377 57341891
31665377 147953999
31665377 81474342
31665377 101696166
31665377 139205190
57653266 3764059
57653266 44759410
57653266 57646364
57653266 148280741
57653266 57645607
57653266 57645348
57653266 81474342
57653266 21967901
57653266 152572958
57653266 42073567
57653266 57643996
57653266 57648464
57653266 57645246
57653266 58101112
57653266 57341891
57653266 57651082
57653266 24765513
57653266 113445298
57653266 57650754
57653266 31665377
57653266 101696166
57653266 139205190
42073567 152934984
42073567 57646364
42073567 57645607
42073567 57653266
57645246 44759410
57645246 57646364
57645246 57645348
57645246 81474342
57645246 21967901
57645246 210253354
57645246 57643996
57645246 57648464
57645246 57653266
57645246 132927478
57645246 57645607
57645246 3764059
57645246 24765513
57645246 113445298
57645246 57650754
57645246 31665377
57645246 101696166
57645246 139205190
57645607 152934984
57645607 44759410
57645607 57646364
57645607 57645348
57645607 81474342
57645607 21967901
57645607 42073567
57645607 210253354
57645607 57643996
57645607 57648464
57645607 57653266
57645607 58101112
57645607 85054430
57645607 369802674
57645607 57341891
57645607 21616743
57645607 152567555
57645607 57651082
57645607 57645246
57645607 3764059
57645607 148280741
57645607 24765513
57645607 113445298
57645607 57650754
57645607 31665377
57645607 101696166
57645607 139205190
57643996 3764059
57643996 152934984
57643996 44759410
57643996 464337002
57643996 57651933
57643996 57646364
57643996 298851588
57643996 90456870
57643996 148280741
57643996 57645607
57643996 57645348
57643996 81474342
57643996 298835249
57643996 21967901
57643996 147953999
57643996 152572958
57643996 57648464
57643996 57645246
57643996 57653266
57643996 58101112
57643996 11264980
57643996 85054430
57643996 369802674
57643996 85053405
57643996 57341891
57643996 21616743
57643996 132927478
57643996 152567555
57643996 57651082
57643996 57647698
57643996 24765513
57643996 113445298
57643996 57650754
57643996 31665377
57643996 101696166
57643996 139205190
57650754 57645246
57650754 57653266
57650754 57643996
57650754 113445298
57650754 57651082
57650754 21967901
57650754 3764059
57650754 57645607
57650754 24765513
57650754 57645348
57650754 147953999
57650754 57648464
57650754 44759410
57650754 148280741
57650754 210253354
57650754 57651933
57650754 57341891
57650754 152567555
57650754 298835249
57650754 81474342
57650754 57646364
57650754 85054430
57650754 58101112
57650754 31665377
57650754 101696166
57650754 139205190
139205190 101696166
139205190 31665377
139205190 57645607
139205190 57653266
139205190 24765513
139205190 57646364
139205190 57643996
139205190 3764059
139205190 57648464
139205190 57645246
139205190 57650754
139205190 113445298
139205190 57651082
139205190 57645348
139205190 21967901
139205190 148280741
139205190 57651933
139205190 44759410
139205190 147953999
139205190 132927478
139205190 57341891
139205190 298835249
139205190 81474342
24765513 57653266
24765513 57645607
24765513 57645246
24765513 57646364
24765513 57643996
24765513 81474342
24765513 132927478
24765513 21967901
24765513 3764059
24765513 57645348
24765513 21616743
24765513 298835249
24765513 57651082
24765513 57648464
24765513 44759410
24765513 148280741
24765513 57341891
24765513 147953999
24765513 113445298
24765513 57650754
24765513 31665377
24765513 101696166
24765513 139205190
3764059 57646364
3764059 57645348
3764059 57851254
3764059 57643996
3764059 57653266
3764059 85054430
3764059 57645607
3764059 298835249
3764059 57645246
3764059 57650754
3764059 101696166
3764059 139205190
90456870 57643996
747293827 219635616
369802674 57645607
369802674 57643996
369802674 113445298
369802674 139205190
57646364 3764059
57646364 582095783
57646364 152898307
57646364 57645607
57646364 57645348
57646364 298835249
57646364 21967901
57646364 152572958
57646364 42073567
57646364 210253354
57646364 57643996
57646364 57645246
57646364 57653266
57646364 58101112
57646364 85054430
57646364 24765513
57646364 113445298
57646364 57650754
57646364 31665377
57646364 101696166
57646364 139205190
210253354 57646364
210253354 57645607
210253354 57645246
210253354 57650754
210253354 31665377
152567555 44759410
152567555 148280741
152567555 57645607
152567555 81474342
152567555 57643996
152567555 113445298
152567555 57650754
834643519 57851254
152934984 57645607
152934984 143250367
152934984 42073567
152934984 57643996
152934984 101696166
58016499 57851254
113445298 57653266
113445298 57646364
113445298 57643996
113445298 57645246
113445298 24765513
113445298 81474342
113445298 57645607
113445298 57645348
113445298 21967901
113445298 57648464
113445298 57651082
113445298 57341891
113445298 148280741
113445298 44759410
113445298 21616743
113445298 152567555
113445298 369802674
113445298 57650754
113445298 31665377
113445298 101696166
113445298 139205190
582095783 57646364
81377003 57647698
535575597 44759410
152572958 57646364
152572958 148280741
152572958 57643996
152572958 57653266
152572958 57651082
152572958 139205190
152449249 57851254
219635616 747293827
81474342 44759410
81474342 148280741
81474342 57645607
81474342 57645348
81474342 298835249
81474342 21967901
81474342 147953999
81474342 143250367
81474342 57643996
81474342 57645246
81474342 57653266
81474342 85054430
81474342 57341891
81474342 152567555
81474342 57651082
81474342 24765513
81474342 113445298
81474342 57650754
81474342 31665377
81474342 101696166
81474342 139205190
132927478 57643996
132927478 57645246
132927478 58101112
132927478 57341891
132927478 24765513
132927478 101696166
132927478 139205190
44759410 57651933
44759410 535575597
44759410 298851588
44759410 148280741
44759410 57645607
44759410 81474342
44759410 298835249
44759410 21967901
44759410 147953999
44759410 57643996
44759410 57645246
44759410 57653266
44759410 11264980
44759410 57341891
44759410 57651082
44759410 24765513
44759410 113445298
44759410 57650754
44759410 31665377
44759410 101696166
44759410 139205190
147953999 44759410
147953999 57645348
147953999 81474342
147953999 298835249
147953999 57643996
147953999 57341891
147953999 57651082
147953999 24765513
147953999 57650754
147953999 31665377
147953999 101696166
147953999 139205190
85053405 57643996
85053405 139205190
152898307 57646364
57647698 57651082
57647698 57643996
57647698 81377003
143250367 152934984
143250367 81474342
143250367 57341891
57648464 3764059
57648464 57645607
57648464 57643996
57648464 57645246
57648464 57653266
57648464 24765513
57648464 113445298
57648464 57650754
57648464 101696166
57648464 139205190
464337002 57643996
57341891 44759410
57341891 148280741
57341891 57645607
57341891 57645348
57341891 81474342
57341891 298835249
57341891 21967901
57341891 147953999
57341891 143250367
57341891 57643996
57341891 57653266
57341891 132927478
57341891 57651082
57341891 24765513
57341891 113445298
57341891 57650754
57341891 31665377
57341891 101696166
57341891 139205190
57651933 44759410
57651933 148280741
57651933 57643996
57651933 57650754
57651933 31665377
57651933 139205190
58101112 57646364
58101112 57645607
58101112 57645348
58101112 21967901
58101112 57643996
58101112 57653266
58101112 132927478
58101112 57650754
148280741 44759410
148280741 57651933
148280741 81474342
148280741 152572958
148280741 57643996
148280741 57653266
148280741 85054430
148280741 57341891
148280741 57651082
148280741 57645607
148280741 24765513
148280741 113445298
148280741 57650754
148280741 31665377
148280741 139205190
298835249 57646364
298835249 81474342
298835249 147953999
298835249 57643996
298835249 57341891
298835249 57651082
298835249 3764059
298835249 24765513
298835249 57650754
298835249 101696166
298835249 139205190
255013002 298835249
85054430 3764059
85054430 57646364
85054430 148280741
85054430 81474342
85054430 21967901
85054430 47771739
85054430 57650754
85054430 101696166
101696166 57645607
101696166 21967901
101696166 57645246
101696166 57653266
101696166 57643996
101696166 57646364
101696166 3764059
101696166 85054430
101696166 298851588
101696166 31665377
101696166 57645348
101696166 113445298
101696166 57648464
101696166 24765513
101696166 152934984
101696166 57650754
101696166 147953999
101696166 57651082
101696166 57341891
101696166 148280741
101696166 44759410
101696166 132927478
101696166 298835249
101696166 81474342
101696166 139205190
47771739 85054430
