58170141 58519792
40273883 4422263
40273883 127950867
40273883 58519792
40273883 4094560
40273883 50642565
40273883 32681895
40273883 5629621
40273883 57646907
40273883 210277789
40273883 31415083
834036680 58519792
152629329 58519792
152629329 31415083
302460449 745322100
302460449 105530126
302460449 58519792
152696222 58519792
676774354 58519792
363774813 58519792
536467387 58519792
581120932 58519792
572138604 58519792
152898301 210277789
152898301 31415083
581766402 58519792
601653689 58519792
836612950 58519792
50642565 40273883
50642565 4094560
50642565 58519792
152621577 58519792
653894978 58519792
61733487 58519792
152709739 58519792
152709739 152817651
192723628 58519792
78808960 745322100
836611644 58519792
41942598 58519792
152575339 58519792
47325742 58519792
57653196 58519792
15424488 58519792
152817651 152709739
152817651 139823777
152817651 210277789
152817651 58519792
152817651 31415083
152817651 5629621
210277789 127950867
210277789 58519792
210277789 40273883
210277789 152817651
210277789 152898301
210277789 31415083
581550456 58519792
57646907 40273883
57646907 139823777
57646907 58519792
298849322 58519792
298849322 806237296
185727615 58519792
32681895 152709739
32681895 40273883
32681895 806237296
32681895 58519792
32681895 31415083
57646589 5629621
643786710 745322100
58360617 58519792
216085205 58519792
152907025 58519792
52572537 58519792
52572537 128937884
82738483 58519792
607527550 58519792
4422263 139823777
4422263 58519792
18764586 58519792
421541829 58519792
58015960 58519792
105530126 302460449
105530126 58519792
76161768 58396099
76161768 58519792
601856506 58519792
836613527 58519792
225785523 58519792
833658470 31415083
139823777 4422263
139823777 58519792
139823777 152817651
139823777 57646907
58396099 4422263
58396099 58519792
58396099 76161768
31415083 19717643
31415083 127950867
31415083 40273883
31415083 152629329
31415083 152898301
31415083 210277789
31415083 58519792
31415083 833658470
31415083 50642565
31415083 32681895
31415083 152817651
31415083 5629621
5629621 40273883
5629621 57646589
5629621 58519792
5629621 31415083
5629621 152817651
698753575 58519792
4094560 58519792
4094560 40273883
4094560 50642565
30099038 58519792
806237296 32681895
806237296 298849322
745322100 302460449
745322100 78808960
745322100 643786710
298833298 58519792
127950867 58519792
127950867 40273883
127950867 210277789
127950867 31415083
177067670 58519792
39329717 58519792
19717643 31415083
19717643 62069656
84862981 58519792
62069656 19717643
62069656 58519792
41178333 58519792
199933270 58519792
111418405 58519792
152730571 58519792
102643029 58519792
