68949771 44796423
61463748 127166025
49239834 127166025
51316171 48651213
51316171 127166025
229030745 127166025
48715421 497849121
654032821 244289450
654032821 836614444
654032821 244297897
829070621 127166025
210221204 279680808
210221204 57652239
210221204 127166025
836612510 127166025
71661931 127166025
200058347 127166025
312623937 127166025
22193317 127166025
11794909 52386860
11794909 127166025
279680808 57652239
279680808 127166025
279680808 210221204
44681461 302770209
3243492 127166025
689863821 127166025
57652239 279680808
57652239 127166025
57652239 210221204
82738011 127166025
82738011 128559028
644123698 127166025
680411669 127166025
44796423 68949771
658285993 127166025
48634847 44741635
836614813 127166025
130493338 127166025
84687372 48648427
508933245 127166025
152919441 127166025
52386860 11794909
52386860 127166025
302770209 44681461
45027987 127166025
57348779 128559028
244289450 836614444
244289450 654032821
244289450 127166025
244289450 531955111
244289450 244297897
834746362 127166025
48648427 44741635
531955111 244289450
531955111 127166025
531955111 244297897
634857406 45027987
60057318 127166025
674065874 127166025
298836529 127166025
44741635 48634847
44741635 48648427
54307230 127166025
48651213 51316171
836614444 244289450
836614444 244297897
74773452 127166025
836243066 127166025
8109446 127166025
57371077 127166025
497849121 48715421
497849121 127166025
836612796 127166025
12022443 127166025
128559028 127166025
244297897 244289450
244297897 836614444
244297897 654032821
244297897 152919441
244297897 127166025
244297897 531955111
806251284 127166025
