24894039 57648577
155822571 155885180
155822571 57648577
155822571 52200759
57652931 68885615
57652931 57648577
57652931 16997747
57652931 6367483
57652931 111615191
581020275 57648577
581020275 44759282
152808185 57648577
10234314 155885180
10234314 57648577
10234314 6367483
10234314 57649680
10234314 16997747
10234314 111615191
57649680 155885180
57649680 57648577
57649680 52200759
57649680 152729932
57649680 101699918
57649680 210195738
57649680 10234314
57649680 16997747
57649680 24894039
152517042 57648577
152677395 57648577
57648577 155885180
57648577 98509554
57648577 47622377
57648577 152808185
57648577 10234314
57648577 57649841
57648577 68885615
57648577 152627279
57648577 104756957
57648577 57649680
57648577 210195738
57648577 101699918
57648577 152677395
57648577 58049013
57648577 152517042
57648577 44759282
57648577 152921751
57648577 155822571
57648577 69210908
57648577 57652931
57648577 52200759
57648577 152848382
57648577 16997747
57648577 152729932
57648577 6367483
57648577 24894039
101699918 57648577
101699918 57649680
111615191 16997747
111615191 10234314
111615191 57652931
104756957 57648577
104756957 44759282
104756957 16997747
155885180 10234314
155885180 57649680
155885180 57648577
155885180 155822571
52200759 57648577
52200759 155822571
152729932 57649680
152729932 57648577
152729932 16997747
152729932 6367483
152729932 24894039
16997747 155885180
16997747 68885615
16997747 104756957
16997747 57648577
16997747 57652931
16997747 57649680
16997747 210195738
16997747 10234314
16997747 111615191
57649841 57648577
57649841 44759282
152921751 57648577
98509554 57648577
44759282 57649841
44759282 104756957
44759282 57648577
44759282 581020275
152848382 57648577
69210908 57648577
69210908 24894039
58049013 57648577
68885615 57648577
68885615 57652931
68885615 16997747
47622377 57648577
210195738 57648577
210195738 57649680
210195738 16997747
152900516 57648577
152596119 57648577
152627279 57648577
6367483 57648577
6367483 57652931
6367483 152729932
6367483 10234314
6367483 24894039
