43984713 127233451
56913716 6447729
56913716 54262231
278020219 85837785
57469602 40264841
57652492 175151808
175151808 57652492
735729145 115637061
44774747 85837785
69075817 48629234
69075817 127233451
115637061 735729145
85837785 278020219
85837785 44774747
85837785 194427912
85837785 127233451
60277902 464359823
82527997 127888553
82527997 5502652
125937450 278020219
40264841 75312496
40264841 127233451
127233451 194427912
127233451 85837785
48629234 69075817
48629234 44068920
44068920 48629234
84687372 127233451
6945277 241472597
134344412 127233451
464359823 60277902
6447729 56913716
30373694 5502652
5502652 127888553
5502652 45031579
5502652 30373694
5502652 82527997
50854672 127233451
155832292 278020219
155832292 85837785
75312496 40264841
241472597 6945277
127888553 5502652
127888553 82527997
49064642 127233451
194427912 127233451
194427912 85837785
