29605965 127175818
38198083 833577788
38198083 127175818
530537688 127175818
130749469 127175818
152581062 127175818
152571309 127175818
48731234 127175818
18818479 127175818
302502425 127175818
54382757 84442604
54382757 127175818
820665342 6043373
146621563 299969852
146621563 127175818
754356420 127175818
11353141 833577788
26615863 127175818
756767448 127175818
187484572 127175818
113203562 127175818
19384437 127175818
211021945 127175818
11744515 127175818
15408551 127175818
11014335 127175818
82398559 127175818
62064692 127175818
6043373 820665342
6043373 132723874
6043373 78847282
299135960 127175818
54970090 127175818
289192045 38198083
14809196 127175818
299284655 127175818
97825815 127175818
137827024 127175818
57461910 38198083
30933479 127175818
643003197 127175818
4245143 127175818
81974869 127175818
534181224 127175818
118769042 127175818
601609246 38198083
299216030 127175818
167614628 127175818
733924527 127175818
57079441 55883274
132723874 6043373
132723874 127175818
450436609 299969852
78847282 6043373
51881775 127175818
61773556 127175818
833577788 11353141
112097718 127175818
45543543 127175818
126656262 127175818
84118461 127175818
99137266 127175818
299997823 127175818
301388181 127175818
55316380 127175818
299363575 127175818
60326150 127175818
84442604 127175818
245649765 127175818
37086666 127175818
55883274 57079441
55883274 127175818
123482646 38198083
299969852 127175818
301171977 127175818
14503093 127175818
164381991 127175818
74933060 127175818
302359799 127175818
