36625092 127396945
164593775 72049981
164593775 127396945
164593775 72807257
166594865 127396945
183101931 578971582
183101931 127396945
33078111 127396945
219047654 127396945
2255073 127396945
18878459 127396945
833970860 289182129
260602437 127396945
317683479 127396945
236314546 127396945
54142716 127396945
54142716 579311618
579188764 127396945
17387987 127396945
51858078 127396945
578763009 127396945
2255008 127396945
142567150 127396945
28409047 127396945
134150077 127396945
155551313 127396945
3717987 127396945
458195035 127396945
68191270 127396945
578971582 127396945
228893375 127396945
310664076 127396945
578937768 127396945
528237991 127396945
578825955 127396945
529549818 36625092
529549818 127396945
72807257 166556731
71212235 127396945
578734597 134150077
578734597 253174184
578734597 127396945
578734597 578724525
578811981 127396945
154421508 127396945
298809023 127396945
579311618 54142716
579311618 127396945
300111990 127396945
578792784 127396945
579063541 127396945
6537396 127396945
142623736 127396945
252903767 127396945
166556731 127396945
166556731 72807257
578724525 578734597
578724525 127396945
350186780 127396945
578892897 127396945
253174184 127396945
253174184 578734597
124954771 127396945
409710397 127396945
299691362 127396945
578731981 127396945
58313785 127396945
52060485 127396945
72049981 164593775
72049981 127396945
