205890986 52505154
298852322 129245053
298852322 58320483
298858320 58416630
298858320 129245053
298858320 302919904
298858320 45161765
298858320 57579630
298858320 58320483
298858320 133788709
45161236 129245053
45161236 57579630
52505154 126587696
52505154 129245053
52505154 57579630
52505154 205890986
52505154 20623371
16571913 298851098
16571913 129245053
9064022 19075432
6473069 129245053
6473069 126587696
768574755 129245053
17062055 45161765
302919904 57579630
302919904 298858320
302919904 45161765
302919904 129245053
35667537 129245053
35667537 6473069
35667537 27639542
677345678 129245053
601653948 129245053
58056760 129245053
58372137 129245053
688004025 129245053
298851098 56905987
298851098 129245053
298851098 45161236
298851098 57579630
298851098 16571913
298800939 58416630
5079974 129245053
69340294 129245053
57579630 129245053
57579630 58095808
57579630 27639542
57579630 677287949
57579630 298800939
57579630 142607477
57579630 54383910
57579630 558637630
57579630 833329544
57579630 298856913
57579630 541483920
56151360 57579630
56151360 54383910
56151360 129245053
56151360 45161236
19075432 52505154
19075432 129245053
19075432 9064022
19075432 10528172
54383910 298858320
54383910 56151360
54383910 833329544
54383910 129245053
54383910 10528172
54383910 668849056
54383910 298851078
54383910 45161236
56866607 129245053
634877093 129245053
634877093 328326454
634877093 10528172
58416630 298858320
58416630 56151360
58416630 129245053
58416630 328326454
58416630 45161765
58416630 634877093
58416630 677287949
58416630 298800939
58416630 58320483
58416630 298851078
58416630 133788709
299456211 129245053
668849056 129245053
668849056 54383910
58095808 57579630
58095808 129245053
58095808 800188698
58095808 10528172
58095808 58320483
701489577 129245053
2349748 129245053
2349748 27639542
10528172 129245053
10528172 58095808
10528172 634877093
10528172 54383910
10528172 19075432
10528172 133788709
133788709 10528172
133788709 129245053
133788709 298858320
133788709 45161765
133788709 58416630
133788709 58320483
836614824 129245053
205885001 57579630
205885001 129245053
205885001 45161765
205885001 45161236
54409005 57579630
54409005 129245053
298849116 129245053
677287949 58416630
677287949 57579630
677287949 129245053
57611124 129245053
558637630 129245053
448673844 58320483
67734420 129245053
62296118 58351052
62296118 129245053
58351052 129245053
298856913 129245053
298856913 126587696
168697565 302919904
56905987 129245053
541463898 129245053
834123326 129245053
2349724 129245053
205885314 129245053
677522036 129245053
152856585 129245053
152856585 9064022
27639542 57579630
27639542 129245053
27639542 298856913
205890879 833329544
205890879 129245053
205890879 35667537
58149378 129245053
45161765 58416630
45161765 298858320
45161765 17062055
45161765 129245053
45161765 302919904
45161765 205885001
45161765 45161236
45161765 133788709
126587696 54383910
126587696 298856913
126587696 129245053
126587696 52505154
601931318 129245053
677298838 129245053
20623371 129245053
20623371 52505154
20623371 541483920
51608070 129245053
833814159 129245053
328326454 58416630
328326454 17062055
328326454 634877093
328326454 2349748
328326454 129245053
298851078 129245053
298851078 54383910
58320483 448673844
58320483 129245053
58320483 298858320
58320483 133788709
