208995168 58515215
15643243 13393591
15643243 11259329
59955375 58515215
49402618 50643607
29446272 23653526
29446272 31054832
29446272 149527097
50643607 13393591
50643607 49402618
50643607 50653215
50643607 29522437
50643607 11259329
42426183 58515215
10015110 36891764
36891764 10015110
36891764 58515215
133817442 58515215
49064553 37451861
13393591 50653215
13393591 31054832
13393591 15643243
13393591 29522437
13393591 50643607
13393591 11259329
74277702 58515215
64693295 58515215
64693295 192207342
58515215 64693295
58515215 35400380
58515215 36891764
9718415 5502652
454698075 58515215
82527997 5502652
31054832 13393591
31054832 29446272
31054832 11259329
166547184 58515215
69219406 58515215
50653215 13393591
37451861 49064553
50781021 58515215
73137382 58515215
74956265 58515215
11259329 31054832
11259329 29522437
11259329 13393591
11259329 15643243
11259329 50643607
192207342 64693295
33115668 5502652
33211153 31054832
33211153 5502652
35400380 58515215
5502652 33211153
5502652 33115668
5502652 82527997
5502652 9718415
29522437 13393591
29522437 31054832
29522437 50643607
29522437 11259329
163953994 58515215
149527097 29446272
23653526 29446272
23653526 29522437
74127155 58515215
435197955 58515215
149561099 58515215
21594878 58515215
