148412097 299341959
33171825 215757790
434093955 215757790
152924430 215757790
83255129 215757790
152713317 215757790
152713317 152545808
127482673 215757790
128816943 212596797
128816943 215757790
128816943 152677870
532787129 215757790
215757790 212596797
215757790 434093955
54317690 215757790
54317690 163543991
152545808 152713317
152726310 67812752
212596797 215757790
212596797 128816943
52577515 67812752
67812752 152726310
67812752 215757790
421465113 215757790
299341959 61296472
299341959 148412097
299341959 215757790
218100124 215757790
152677870 215757790
152677870 19936180
152677870 128816943
61296472 299341959
833318569 215757790
81560885 215757790
163543991 54317690
53289650 215757790
19936180 215757790
19936180 152677870
27992331 215757790
218106210 215757790
