363152568 127179482
78651766 127179482
131262796 127179482
650334158 21823553
836614483 127179482
225836254 127179482
103067838 107280688
103067838 676017373
103067838 127982187
33789647 38294288
33789647 127179482
33789647 128340285
55252072 61264410
55252072 676017373
55252072 127179482
17469034 25834695
111019105 127179482
25834695 17469034
25834695 127179482
128340285 127179482
457680650 127179482
90851190 127179482
32382817 107280688
32382817 127982187
32382817 127179482
54305267 127179482
127179482 38818836
127179482 38294288
129614793 127179482
265026692 127179482
65427554 38294288
103068630 107280688
13358168 127179482
163903212 38294288
163903212 65473495
163903212 228340998
163903212 127179482
30914288 127179482
38294288 65473495
38294288 127179482
38294288 65427554
195387372 127179482
107280688 82672699
107280688 103068630
107280688 103067838
107280688 127179482
107280688 32382817
107280688 180504270
107280688 127982187
107280688 676017373
815186402 127179482
26674018 127179482
135797837 127179482
163813499 61264410
163813499 127179482
112540724 127179482
52345505 127179482
44504041 38294288
44504041 127179482
180504270 107280688
180504270 127982187
21823553 650334158
61264410 676017373
61264410 127179482
61264410 128340285
98491286 127179482
98491286 128340285
228340998 65473495
228340998 127179482
228340998 163903212
38818836 38294288
38818836 127179482
676017373 61264410
676017373 107280688
676017373 127179482
127982187 107280688
127982187 180504270
2789789 127179482
43812218 127179482
82672699 127179482
82672699 127982187
82672699 107280688
65473495 127179482
35959715 127179482
