127386132 37358294
127386132 48474536
127386132 73622688
57458735 27862716
37358294 50862622
37358294 30854150
37358294 23857805
37358294 48468749
37358294 50854516
37358294 68946286
37358294 127386132
16121110 27862716
16121110 131181122
16121110 30854150
16121110 23857805
32839577 30854150
32839577 68946286
32839577 64654672
129144655 27862716
163894779 27862716
690096798 27862716
24742588 27862716
24742588 30854150
24742588 23857805
24742588 68910535
164578426 30854150
164578426 68910535
164578426 43877696
164578426 68946286
164578426 64654672
57475884 27862716
61721110 27862716
61721110 30854150
45464832 45155822
45464832 43877696
49061091 27862716
49061091 45155822
49061091 44716821
75355095 23857805
75355095 48474536
75355095 50854516
75355095 68946286
75355095 64654672
23857805 127386961
23857805 30854150
23857805 75355095
23857805 24742588
23857805 79272727
23857805 11843786
23857805 16121110
23857805 64654672
65259714 581555683
44379224 45155822
44379224 49053012
44379224 68946286
44379224 64654672
138700716 27862716
8252684 32957987
25795693 27862716
230953455 27862716
44975865 27862716
581555683 23857805
581555683 65259714
49042980 27862716
49042980 68910535
24764808 28379622
24764808 30854150
24764808 11843786
24764808 64654672
231360418 27862716
65417239 27862716
65417239 86538765
65417239 43877696
86538765 27862716
86538765 73622688
50854516 37358294
50854516 75355095
50854516 68946286
50854516 64654672
69099436 27862716
69099436 45155822
55231707 27862716
30028570 49053012
32957987 27862716
32957987 8252684
32957987 30854150
32957987 44716821
32957987 46483252
46483252 27862716
46483252 30854150
46483252 57398312
64654672 50862622
64654672 32839577
64654672 23857805
64654672 24764808
64654672 75355095
64654672 48474536
64654672 164578426
64654672 68910535
64654672 48468749
64654672 43877696
64654672 50854516
64654672 73622688
64654672 68946286
64654672 44379224
131181122 27862716
33841541 45155822
112632803 32574909
112632803 57352054
112632803 32957987
112632803 68910535
112632803 46483252
49053012 30028570
49053012 44685708
49053012 68946286
47607603 45155822
28379622 24764808
37058709 27862716
57352054 23857805
57352054 46483252
57352054 68946286
155320211 27862716
48651050 27862716
48651050 131181122
43877696 50862622
43877696 131181122
43877696 23857805
43877696 65417239
43877696 45155822
43877696 164578426
43877696 64654672
44685708 50862622
44685708 27862716
44685708 57398312
44685708 49053012
79272727 27862716
79272727 23857805
68946286 32839577
68946286 27862716
68946286 57352054
68946286 37358294
68946286 45155822
68946286 75355095
68946286 79272727
68946286 164578426
68946286 44716821
68946286 68910535
68946286 112632803
68946286 48468749
68946286 50854516
68946286 49053012
68946286 44379224
68946286 64654672
48712646 27862716
48468749 50862622
48468749 37358294
48468749 48474536
48468749 47607603
48468749 68946286
48468749 64654672
68910535 49042980
68910535 24742588
68910535 164578426
68910535 112632803
68910535 68946286
68910535 64654672
231278440 27862716
231338926 131181122
48474536 27862716
48474536 45155822
48474536 11843786
48474536 64654672
48474536 127386132
45155822 27862716
45155822 48474536
45155822 43877696
45155822 68946286
45155822 69099436
57125144 27862716
25665251 27862716
44716821 32957987
44716821 49061091
44716821 68946286
82579855 60484951
50862622 37358294
50862622 45155822
50862622 48468749
50862622 43877696
50862622 44685708
50862622 64654672
57398312 46483252
57398312 44685708
11843786 43987294
11843786 23857805
11843786 24764808
11843786 48474536
302884743 16121110
73622688 27862716
73622688 82528020
73622688 86538765
73622688 79272727
73622688 64654672
73622688 127386132
127386961 23857805
43797031 45155822
349790999 45155822
27862716 37058709
27862716 131181122
27862716 61721110
43987294 32957987
30854150 27862716
30854150 23857805
30854150 24764808
30854150 163894779
30854150 24742588
30854150 32957987
30854150 164578426
30854150 61721110
32574909 112632803
