833875545 85632947
833875545 199775641
299989385 36458020
299989385 692284384
299989385 103435432
451391461 384047755
451391461 199775641
451391461 29343431
451391461 103435432
451391461 30417848
451391461 48650711
451391461 54237321
451391461 132760725
451391461 692284384
451391461 36458020
451391461 103575895
451391461 29782519
451391461 199941178
451391461 449904179
451391461 85632947
451391461 104749601
579157062 431100621
579157062 692284384
637955872 85632947
637955872 103435432
39772851 384047755
39772851 103435432
39772851 48650711
39772851 692284384
39772851 85632947
39772851 199941178
49449700 384047755
49449700 103435432
49449700 48650711
49449700 98913738
431100621 199775641
431100621 103435432
431100621 30417848
431100621 48650711
431100621 132760725
431100621 692284384
431100621 505848430
431100621 36458020
431100621 579157062
431100621 85632947
431100621 35449904
431100621 78104848
431100621 142823031
431100621 72993263
431100621 199941178
26491733 199775641
26491733 103435432
26491733 32269772
26491733 36296802
26491733 37764112
26491733 692284384
26491733 36458020
26491733 85632947
350315926 30417848
350315926 72993263
350315926 36458020
350315926 48650711
350315926 103435432
350315926 132760725
350315926 49449700
350315926 449904179
350315926 85632947
350315926 453231155
350315926 692284384
350315926 761313284
692284384 384047755
692284384 199775641
692284384 103435432
692284384 32269772
692284384 431100621
692284384 132760725
692284384 761313284
102280583 36458020
102280583 19713588
72993263 384047755
72993263 26491733
72993263 103435432
72993263 32269772
72993263 431100621
72993263 36296802
72993263 48650711
72993263 37764112
72993263 132760725
72993263 59188322
72993263 453231155
72993263 36458020
72993263 29324127
72993263 104749601
72993263 85632947
72993263 449904179
72993263 505818268
72993263 199941178
72993263 434669431
72993263 142823031
72993263 289203181
72993263 761313284
449998529 85632947
449998529 132760725
19713588 103435432
19713588 692284384
19713588 505848430
19713588 85632947
19713588 102280583
16154060 103435432
16154060 32269772
16154060 48650711
16154060 85632947
78104848 384047755
78104848 692284384
78104848 85632947
78104848 431100621
78104848 103435432
78104848 132760725
78104848 29343431
78104848 30417848
19109460 431100621
19109460 13873110
19109460 132760725
142823031 48650711
142823031 85632947
142823031 199941178
142823031 104749601
142823031 384047755
142823031 103435432
142823031 694746877
142823031 431100621
142823031 147563423
142823031 72993263
142823031 692284384
142823031 132760725
142823031 350315926
142823031 289203181
10415334 692284384
10415334 199775641
32269772 384047755
32269772 199775641
32269772 26491733
32269772 103435432
32269772 30417848
32269772 431100621
32269772 48650711
32269772 132760725
32269772 692284384
32269772 36458020
32269772 33791439
32269772 104749601
32269772 449904179
32269772 199941178
32269772 72993263
32269772 49449700
350313660 85632947
809630242 159840042
809630242 85632947
809630242 104749601
85632947 384047755
85632947 103435432
85632947 30417848
85632947 36296802
85632947 132760725
85632947 833875545
85632947 104749601
85632947 449904179
85632947 72993263
98913738 103435432
98913738 36296802
98913738 132760725
98913738 692284384
98913738 104749601
98913738 85632947
98913738 49449700
37764112 384047755
37764112 26491733
37764112 103435432
37764112 30417848
37764112 48650711
37764112 132760725
37764112 692284384
37764112 833875545
37764112 85632947
37764112 102280583
37764112 72993263
37764112 761313284
36458020 199775641
36458020 26491733
36458020 103435432
36458020 30417848
36458020 32269772
36458020 431100621
36458020 48650711
36458020 692284384
36458020 299989385
36458020 833875545
36458020 54253676
36458020 451391461
36458020 85632947
36458020 11498439
36458020 102280583
36458020 72993263
36458020 289203181
36458020 75179013
761313284 104749601
761313284 694746877
761313284 30417848
761313284 48650711
761313284 132760725
761313284 72993263
761313284 75179013
761313284 199775641
761313284 579028703
761313284 289203181
761313284 449904179
761313284 85632947
761313284 692284384
761313284 103435432
166651447 103435432
166651447 85632947
166651447 692284384
166651447 132760725
13873110 103435432
13873110 19109460
69491123 384047755
69491123 103435432
69491123 85632947
69491123 692284384
35449904 103435432
35449904 431100621
35449904 48650711
35449904 132760725
35449904 692284384
35449904 85632947
505848430 431100621
505848430 19713588
694746877 85632947
199850822 384047755
199850822 29343431
199850822 103435432
199850822 30417848
199850822 431100621
199850822 692284384
199850822 579028703
199850822 104749601
199850822 85632947
199850822 289203181
199850822 72993263
103435432 384047755
103435432 199775641
103435432 30417848
103435432 32269772
103435432 431100621
103435432 36296802
103435432 48650711
103435432 132760725
103435432 692284384
103435432 579028703
103435432 453231155
103435432 36458020
103435432 104749601
103435432 85632947
103435432 199941178
103435432 761313284
103435432 75179013
103435432 289203181
104749601 103435432
104749601 36296802
104749601 48650711
104749601 692284384
104749601 85632947
104749601 98913738
104749601 289203181
132760725 384047755
132760725 199775641
132760725 29343431
132760725 103435432
132760725 30417848
132760725 431100621
132760725 14560951
132760725 19109460
132760725 692284384
132760725 579028703
132760725 289203181
132760725 72993263
132760725 35449904
132760725 505818268
132760725 85632947
579028703 103435432
579028703 132760725
579028703 692284384
579028703 761313284
579028703 72993263
579028703 85632947
29343431 384047755
29343431 103435432
29343431 48650711
29343431 132760725
29343431 692284384
29343431 85632947
29343431 78104848
836374919 692284384
30417848 384047755
30417848 199775641
30417848 103435432
30417848 694746877
30417848 32269772
30417848 431100621
30417848 69491123
30417848 36296802
30417848 48650711
30417848 37764112
30417848 132760725
30417848 692284384
30417848 833875545
30417848 36458020
30417848 33791439
30417848 104749601
30417848 85632947
30417848 449904179
30417848 434669431
30417848 72993263
30417848 289203181
30417848 761313284
54253676 36458020
54253676 692284384
54253676 103435432
289203181 692284384
289203181 104749601
289203181 72993263
289203181 27100317
289203181 48650711
289203181 11498439
289203181 132760725
289203181 453231155
289203181 103435432
289203181 85632947
289203181 30417848
289203181 36458020
289203181 36296802
289203181 199775641
289203181 78104848
289203181 761313284
289203181 75179013
206642773 384047755
206642773 103435432
206642773 132760725
206642773 692284384
206642773 104749601
206642773 289203181
301834559 103435432
301834559 36296802
301834559 98913738
301834559 85632947
14560951 103435432
14560951 132760725
453231155 384047755
453231155 103435432
453231155 32269772
453231155 36296802
453231155 132760725
453231155 692284384
453231155 289203181
453231155 85632947
453231155 104749601
453231155 33791439
29887501 199775641
159909055 103435432
159909055 132760725
159909055 85632947
59188322 103435432
59188322 132760725
59188322 692284384
59188322 85632947
33791439 30417848
33791439 32269772
33791439 85632947
29782519 103435432
29782519 692284384
29782519 85632947
44898178 692284384
103575895 85632947
449904179 384047755
449904179 199775641
449904179 32269772
449904179 692284384
449904179 85632947
449904179 761313284
449904179 72993263
147563423 692284384
215530408 692284384
215530408 104749601
215530408 85632947
75179013 103435432
75179013 289203181
75179013 692284384
75179013 36458020
75179013 32269772
75179013 384047755
75179013 132760725
75179013 761313284
36296802 384047755
36296802 103435432
36296802 30417848
36296802 32269772
36296802 132760725
36296802 692284384
36296802 453231155
36296802 104749601
36296802 85632947
36296802 98913738
36296802 289203181
364782071 103435432
364782071 48650711
364782071 350315926
364782071 85632947
364782071 692284384
199775641 384047755
199775641 26491733
199775641 103435432
199775641 30417848
199775641 32269772
199775641 431100621
199775641 48650711
199775641 132760725
199775641 692284384
199775641 833875545
199775641 10415334
199775641 36458020
199775641 449904179
199775641 29887501
199775641 761313284
199775641 75179013
199775641 289203181
199775641 350315926
199775641 72993263
199775641 458745530
199775641 199941178
159840042 809630242
182311112 85632947
182311112 103435432
11498439 384047755
11498439 103435432
11498439 132760725
11498439 692284384
11498439 453231155
11498439 289203181
11498439 36458020
458745530 85632947
458745530 692284384
458745530 48650711
458745530 199775641
54237321 384047755
54237321 103435432
54237321 289203181
54237321 434669431
54237321 199941178
54237321 85632947
54237321 451391461
54237321 453231155
54237321 692284384
54237321 132760725
199941178 103435432
199941178 431100621
199941178 48650711
199941178 85632947
199941178 692284384
199941178 132760725
29324127 72993263
27100317 289203181
27100317 692284384
27100317 48650711
434669431 72993263
434669431 85632947
434669431 692284384
434669431 48650711
434669431 103435432
6983941 384047755
6983941 103435432
6983941 132760725
6983941 692284384
6983941 85632947
505818268 72993263
505818268 85632947
505818268 692284384
505818268 132760725
505818268 103435432
384047755 199775641
384047755 29343431
384047755 103435432
384047755 30417848
384047755 32269772
384047755 836611105
384047755 132760725
384047755 692284384
384047755 453231155
384047755 85632947
384047755 449904179
384047755 11498439
384047755 39772851
384047755 6983941
384047755 75179013
384047755 142823031
384047755 72993263
384047755 49449700
48650711 103435432
48650711 30417848
48650711 32269772
48650711 431100621
48650711 364782071
48650711 36458020
48650711 85632947
48650711 35449904
48650711 199941178
48650711 434669431
48650711 72993263
48650711 350315926
48650711 289203181
48650711 761313284
836611105 384047755
