38357338 57647734
38357338 82152881
38357338 57645718
38357338 207078869
38357338 210247139
38357338 130257192
38357338 152956692
38357338 44755058
38357338 67638852
38357338 152934948
38357338 65079331
38357338 130374177
38357338 65267414
298838123 44755058
298838123 152533118
101699597 210187351
101699597 44755058
101699597 152937726
58091957 61255643
58091957 298838123
58091957 44755122
58091957 44755058
58091957 130257192
58091957 152934731
58091957 57644609
44755058 9542588
44755058 57645718
44755058 57648290
44755058 57486447
44755058 59850786
44755058 58143652
44755058 52392144
152541606 61255643
152541606 44755058
152541606 59850786
152662806 58362041
152662806 44755058
152662806 152934731
61255643 44755058
152906196 152732920
152906196 82152881
152906196 57645718
152906196 57647423
152906196 44755058
152906196 65267414
152906196 152934731
152896080 107496426
152896080 61255643
152896080 152819220
152896080 44755058
152896080 152934731
57609696 44755058
582095368 9542588
582095368 57645718
582095368 152889499
582095368 58037574
582095368 152799331
582095368 57647423
582095368 58143652
57647734 82152881
57647734 38357338
57647734 225149757
57647734 41078534
57647734 58037574
57647734 152934731
152926252 59850786
152926252 44755058
59850786 152732920
59850786 152818312
59850786 61255643
59850786 152541606
59850786 152799331
59850786 44755058
59850786 57647423
59850786 152819220
59850786 152954616
59850786 82152881
59850786 152934731
59850786 152926252
59850786 52392144
225149757 34917975
225149757 57647734
225149757 57645718
225149757 67638852
225149757 57648392
225149757 79675896
225149757 152819220
225149757 65079331
225149757 44755058
225149757 152799331
225149757 57486447
58362041 61255643
58362041 44755058
58362041 49073097
58362041 57648392
58362041 152934731
152815954 61255643
152815954 44755058
210238605 58062451
210238605 57648392
26714983 34917975
26714983 152732920
26714983 57645718
26714983 152818312
26714983 58037574
210247139 101699597
210247139 152934948
210247139 152937726
210247139 82152881
210247139 61255643
210247139 44755058
82152881 34917975
82152881 57647734
82152881 152732920
82152881 57645718
82152881 67638852
82152881 38357338
82152881 113529530
82152881 152906196
82152881 121878385
82152881 152818312
82152881 79675896
82152881 298835912
82152881 44755058
82152881 210247139
82152881 207078869
82152881 59850786
82152881 57486447
82152881 130374177
72591299 152877610
72591299 57648392
72591299 152533118
72591299 152934731
210186605 44755058
152799331 57645718
152799331 57648392
152799331 207078869
152799331 44755058
152799331 582095368
152799331 59850786
152702868 152601521
152702868 298838123
152702868 101699597
152702868 120645976
152702868 152734462
298830392 44755058
152819220 44755058
152819220 152934731
113529530 82152881
113529530 57648392
113529530 44755058
20703716 61255643
20703716 44755058
152735802 113529530
152735802 44755058
152735802 57648392
152735802 152533118
152735802 57644609
57645718 34917975
57645718 107496426
57645718 152956692
57645718 28705901
57645718 152934948
57645718 152937726
57645718 26714983
57645718 152732920
57645718 82152881
57645718 49073097
57645718 38357338
57645718 58354566
57645718 57648392
57645718 57648290
57645718 155869039
57645718 152906196
57645718 152905252
57645718 57647423
57645718 225149757
57645718 65079331
57645718 210187351
57645718 44755058
57645718 582095368
57645718 152799331
57645718 58143652
57645718 152934731
57645718 210281756
65267414 65079331
65267414 38357338
65267414 207078869
65267414 57648392
65267414 152575862
65267414 44755058
65267414 152906196
65267414 52392144
49043888 131196367
49043888 152594901
49043888 58362041
49043888 44755058
49043888 152819220
210187351 101699597
210187351 57645718
210187351 44755122
58037574 57647734
58037574 582095368
58037574 57486447
58037574 44755058
58037574 57648392
58037574 26714983
57486447 67638852
57486447 57648392
57486447 225149757
57486447 58037574
57486447 44755058
57486447 120645976
57486447 82152881
155869039 57645718
155869039 44755058
58354566 152732920
58354566 57645718
58354566 44755058
152934948 28705901
152934948 57645718
152934948 44755058
152934948 38357338
152934948 210281756
57648392 210238605
57648392 57645718
57648392 72591299
57648392 121878385
57648392 79675896
57648392 152905252
57648392 225149757
57648392 152601521
57648392 152799331
57648392 57486447
57648392 58362041
57648392 44755122
57648392 152877610
57648392 58037574
57648392 298838502
57648392 152956692
57648392 57647423
57648392 58091957
57648392 49073097
57648392 152735802
57648392 59850786
57648392 65267414
57648392 58143652
57648392 210281756
57648392 52392144
57648392 57644609
152889499 82152881
152889499 582095368
582399231 44755058
298835912 82152881
298835912 44755122
298835912 44755058
28705901 152934948
28705901 152732920
28705901 57645718
28705901 152818312
152927162 57648290
152927162 44755058
57647423 57645718
57647423 152575862
57647423 152906196
57647423 61255643
57647423 152601521
57647423 152956692
57647423 44755058
57647423 57648392
57647423 582095368
57647423 59850786
57647423 152533118
57647423 57644609
49073097 57645718
49073097 58362041
49073097 152956692
49073097 44755058
49073097 57648392
52392144 59850786
52392144 152533118
52392144 298835912
52392144 61255643
52392144 65267414
52392144 57644609
152934731 79675896
152934731 61255643
152934731 57645718
152934731 58091957
152934731 44755058
152934731 152956692
152934731 59850786
152934731 152732920
152934731 152934024
152934731 57647734
152934731 41078534
152934731 152877610
152934731 58362041
152934731 152819220
152934731 72591299
152934731 152906196
152934731 152662806
152934731 152896080
152934731 57644609
207078869 152934731
207078869 38357338
207078869 57648392
207078869 121878385
207078869 298838123
207078869 44755058
207078869 82152881
207078869 152533118
152940873 61255643
130374177 152481814
130374177 44755058
130374177 130257192
130374177 82152881
58143652 57645718
58143652 57648392
58143652 44755058
58143652 61255643
58143652 57644609
34917975 26714983
34917975 82152881
34917975 57645718
34917975 225149757
152905252 57645718
152905252 57648392
152905252 44755058
152905252 52392144
57648290 57645718
57648290 44755058
57648290 152927162
57648290 152533118
41078534 57647734
41078534 44755058
41078534 38357338
41078534 152904718
41078534 152533118
41078534 152934731
41078534 57644609
210281756 79675896
210281756 101699597
210281756 65079331
210281756 57645718
210281756 152956692
210281756 152934948
210281756 44755058
210281756 61255643
131196367 44755058
57644609 61255643
57644609 58091957
57644609 58143652
57644609 152905252
57644609 57648392
57644609 52392144
57644609 152735802
57644609 41078534
57644609 44755058
57644609 152533118
57644609 152934731
136645811 61255643
136645811 44755058
57764602 298838502
57764602 44755058
45810621 61255643
45810621 44755058
152956692 57645718
152956692 61255643
152956692 44755058
152956692 57647423
152956692 152937726
152956692 152934731
152937726 57645718
152937726 152956692
152709493 61255643
152709493 130374177
152934024 152934731
152602485 152533118
44755122 113529530
44755122 210187351
44755122 298835912
44755122 44755058
44755122 58091957
44755122 38357338
44755122 57648392
44755122 65267414
44755122 58143652
67638852 82152881
67638852 207078869
67638852 152818312
67638852 61255643
67638852 225149757
67638852 57486447
67638852 130257192
67638852 44755058
152732920 28705901
152732920 26714983
152732920 82152881
152732920 57645718
152732920 130257192
152732920 58354566
152732920 152906196
152732920 61255643
152732920 44755058
152732920 59850786
152732920 152533118
152732920 152934731
152575862 152956692
152575862 57647423
152575862 44755058
152575862 65267414
152575862 58143652
152818312 28705901
152818312 26714983
152818312 82152881
152818312 67638852
152818312 61255643
152818312 44755058
152734462 61255643
65079331 57645718
65079331 225149757
65079331 38357338
65079331 65267414
65079331 152533118
58062451 210238605
58062451 61255643
58062451 44755058
298838502 57764602
79675896 82152881
79675896 152934731
79675896 210281756
79675896 44755058
152904718 61255643
152904718 152934731
152904718 41078534
152904718 44755058
121878385 82152881
121878385 57648392
121878385 207078869
121878385 44755058
107496426 57645718
107496426 61255643
107496426 152896080
152954616 44755058
152954616 59850786
582188848 61255643
152533118 152602485
152533118 152732920
152533118 41078534
152533118 44755058
152533118 72591299
152533118 152735802
152533118 207078869
152533118 57648290
152533118 57647423
152533118 152937726
152533118 65079331
152533118 298838123
152533118 52392144
152533118 57644609
152877610 72591299
152877610 61255643
152877610 44755122
152877610 44755058
152877610 57648392
152877610 152934731
152601521 61255643
9542588 44755058
9542588 582095368
120645976 44755058
120645976 57486447
120645976 65267414
130257192 152732920
130257192 61255643
130257192 44755058
130257192 67638852
130257192 38357338
130257192 58091957
130257192 130374177
