44611165 77706406
44611165 127183778
121604341 127183778
77706406 77159489
77706406 44808618
77706406 127183778
77706406 44611165
77706406 69741013
84985393 127183778
49062271 127183778
52386990 127183778
49926925 127183778
49051037 127183778
69741013 77706406
69741013 127183778
44280152 127183778
91084149 127183778
672491355 127183778
132530712 127183778
48090619 127183778
231352440 127183778
217176658 127183778
65749213 127183778
44835701 127183778
67833539 127183778
112632355 127183778
44808618 77706406
44808618 127183778
48249975 127183778
65287938 127183778
71666647 127183778
77159489 77706406
77159489 127183778
