230932154 127362464
216423322 127362464
216423322 9331894
216423322 44218288
44262261 127362464
173721583 127362464
85681036 127362464
44503966 127362464
228465223 49058438
228465223 82528592
228465223 48697842
44113540 127362464
44885230 127362464
105855538 127362464
48561799 127362464
48715421 127362464
48715421 44853870
60786153 127362464
44574246 127362464
743987909 127362464
329511910 127362464
683785691 127362464
156593268 127362464
58312058 127362464
8153528 127362464
44117196 127362464
152544809 152726510
205160353 49058438
205160353 82528592
82528592 205160353
82528592 49058438
82528592 127362464
82528592 80630599
82528592 48697842
82528592 44422694
82528592 167549932
82528592 82636234
44839798 127362464
82636234 44853406
82636234 82528592
82636234 127362464
44079236 127362464
561904828 127362464
44182646 127362464
57383052 127362464
49067031 44853406
49067031 127362464
44896855 127362464
10177993 127362464
49058438 228465223
49058438 82528592
49058438 231075050
49058438 48697842
178056999 127362464
225395981 127362464
44879511 127362464
167549932 82528592
48566335 127362464
231075050 49058438
45023123 127362464
45023123 44422694
57651778 57648225
57651778 152726510
138339446 127362464
44428506 127362464
80630599 82528592
80630599 127362464
461594510 127362464
497831485 127362464
57648225 57651778
57648225 152726510
44853406 127362464
44853406 82636234
44853406 49067031
44462874 127362464
96200151 127362464
96200151 305436176
75394305 127362464
44422694 82528592
44422694 127362464
44422694 45023123
44931265 127362464
44885358 127362464
48697842 49058438
48697842 228465223
48697842 127362464
48697842 44853870
48697842 45023236
48697842 44996197
44218288 127362464
44261743 205160353
44261743 127362464
305436176 96200151
44756211 127362464
75380166 127362464
44996197 127362464
44996197 48697842
152726510 152544809
152726510 57651778
152726510 57648225
54237096 127362464
9331894 127362464
9331894 48566335
9331894 216423322
45023236 48697842
44853870 127362464
44853870 48715421
44853870 48697842
44778249 127362464
