52057824 83468567
52057824 67633071
45360835 83554556
45360835 32336253
45360835 23077755
45360835 20081922
45360835 83468567
45360835 156722544
45360835 57506267
5106437 83468567
12663938 51989176
59317079 83554556
59317079 32336253
59317079 11897151
59317079 23077755
59317079 8067874
59317079 20081922
59317079 83468567
59317079 57506267
156722544 83554556
156722544 32336253
156722544 46945325
156722544 52541753
156722544 23077755
156722544 20081922
156722544 45360835
156722544 83468567
156722544 16647290
156722544 54435164
156722544 129953078
782761586 83468567
54344356 25257223
67633071 52057824
158137800 83468567
58299198 83468567
952584 30259372
56009017 57506267
56009017 83468567
11063715 83554556
11063715 32336253
11063715 25251810
11063715 20081922
46945325 156722544
46945325 83468567
13325439 20367610
13325439 23077755
13325439 83468567
47658109 20367610
47658109 25257223
47658109 83468567
47658109 81377384
60473730 23077755
60473730 83468567
83554556 8475047
83554556 59317079
83554556 32336253
83554556 29156555
83554556 23077755
83554556 8067874
83554556 127261420
83554556 20081922
83554556 45360835
83554556 83468567
83554556 156722544
83554556 57506267
83554556 54435164
83554556 129953078
83554556 11063715
25257223 83468567
20081922 83554556
20081922 47658109
20081922 25594055
20081922 59317079
20081922 32336253
20081922 11897151
20081922 29156555
20081922 23077755
20081922 45360835
20081922 156722544
20081922 57506267
20081922 54435164
20081922 129953078
20081922 11063715
25251810 20367610
25251810 47658109
25251810 54402468
25251810 83468567
25251810 11063715
29756562 83468567
85915583 20367610
85915583 11897151
85915583 83468567
2109445 83468567
54435164 23077755
54435164 156722544
54435164 11897151
54435164 57506267
54435164 29156555
54435164 20081922
54435164 83554556
54435164 45360835
54435164 52541753
54435164 129953078
5007137 83468567
5007137 224549956
49029346 83468567
208547149 83468567
56140399 20367610
72146503 83468567
15772916 26095147
15772916 59316740
8475047 32336253
8475047 23077755
8475047 83468567
8475047 57506267
8475047 129953078
54438270 83468567
57506267 83554556
57506267 59317079
57506267 56009017
57506267 32336253
57506267 11897151
57506267 29156555
57506267 23077755
57506267 20081922
57506267 45360835
57506267 83468567
57506267 3744186
57506267 54435164
57506267 129953078
57506267 59316740
49171146 83468567
23077755 83554556
23077755 8475047
23077755 59317079
23077755 32336253
23077755 11897151
23077755 29156555
23077755 8067874
23077755 127261420
23077755 45360835
23077755 83468567
23077755 156722544
23077755 57506267
23077755 129953078
23077755 11063715
16647290 23077755
16647290 83468567
224549956 5007137
224549956 83468567
21561126 83468567
129953078 32336253
129953078 57506267
129953078 45360835
129953078 23077755
129953078 83468567
129953078 20081922
129953078 8067874
129953078 156722544
161141082 52541753
161141082 28874567
161141082 54435164
59316740 57506267
59316740 15772916
64761816 20367610
64761816 83468567
52567879 20367610
52567879 83468567
3744186 29156555
3744186 57506267
52541753 23077755
52541753 156722544
52541753 161141082
52541753 54435164
29156555 23077755
29156555 83468567
29156555 57506267
54618407 20367610
54618407 23077755
54618407 57506267
20367610 26095147
20367610 47658109
20367610 64761816
20367610 81377384
20367610 13325439
20367610 11063715
11897151 59317079
11897151 32336253
11897151 23077755
11897151 85915583
11897151 20081922
11897151 20103393
8067874 20367610
8067874 83554556
8067874 8475047
8067874 59317079
8067874 32336253
8067874 23077755
8067874 83468567
8067874 129953078
26095147 20367610
26095147 15772916
32336253 83554556
32336253 8475047
32336253 59317079
32336253 11897151
32336253 23077755
32336253 8067874
32336253 20081922
32336253 45360835
32336253 16647290
32336253 156722544
32336253 57506267
32336253 129953078
32336253 11063715
20103393 20367610
20103393 11897151
20103393 83468567
81377384 20367610
81377384 47658109
81377384 83468567
