57068014 57069269
57068014 57070128
57068014 29473239
57068014 8670498
57068014 166569788
57068014 57068835
54309322 57070323
54309322 52609064
29473239 57069453
299534631 166569788
61770751 73534313
61770751 15037875
57070422 57070323
57070422 15037875
57070422 581385684
57070422 57070357
57070422 57069269
57070422 73534313
57070422 57070128
57070422 57068778
57070422 57068014
57070422 738311548
57070422 56941171
57070422 57068835
163888573 57068778
57070323 54309322
57070323 15037875
57070323 152727061
57070323 57070357
57070323 57070128
57070323 57068778
57070323 29473239
57070323 57068014
57070323 302060542
57070323 665952526
57070323 52609064
57070323 57494657
57070323 8670498
57070323 166569788
57070323 57068835
24678021 73534313
57068778 163888573
57068778 57070323
57068778 57070422
57068778 57070357
57068778 57070128
57068778 57494657
57068778 500992544
57068778 52608532
57068778 29473239
57069269 29473239
57069269 57068014
57069269 31783943
57069269 500992544
57069269 52609064
57069269 57069453
57069269 166569788
57069269 8670498
500992544 57069269
500992544 57068778
500992544 52609064
5712953 73534313
155024379 5712953
155024379 73534313
108282570 31783943
58072521 73534313
57494657 15037875
57494657 57069453
57494657 57068835
57494657 57068616
836611286 299677050
61485865 163888709
61485865 15037875
61485865 73534313
61485865 57070128
61485865 29473239
61485865 31783943
61485865 302060542
61485865 139456197
61485865 166569788
31783943 73534313
58513149 73534313
38904526 73534313
57181185 73534313
57181185 57070128
57181185 24678021
536976019 73534313
57070357 57070323
57070357 15037875
57070357 57070422
57070357 73534313
57070357 57068778
57070357 52609064
57070357 57494657
57070357 8670498
417434319 73534313
166569788 57070323
166569788 15037875
166569788 299534631
166569788 581385684
166569788 57069269
166569788 73534313
166569788 57070128
166569788 29473239
166569788 57068014
166569788 61485865
166569788 302060542
166569788 57494657
166569788 57069453
166569788 57068835
166569788 8670498
32532008 128514893
536862814 73534313
52609064 163888709
52609064 54309322
52609064 15037875
52609064 29473239
52609064 500992544
52609064 57068835
52609064 57069453
69387905 486098175
69387905 73534313
45484653 29473239
45484653 31783943
581385684 166569788
581385684 57494657
15037875 738311548
15037875 302060542
15037875 166569788
15037875 8670498
199938331 15037875
199938331 57181185
199938331 57068835
199938331 302060542
199938331 526560637
57069453 29473239
57069453 299677050
233748440 73534313
57068903 57070128
56964408 16800168
56964408 73534313
56964408 31783943
52608532 15037875
52608532 73534313
52608532 57070128
52608532 57068778
52608532 29473239
52608532 57068014
52608532 302060542
52608532 52609064
52608532 57068835
52608532 8670498
500973458 73534313
242349042 73534313
738311548 54309322
738311548 15037875
738311548 57070422
738311548 57068778
738311548 57070128
302060542 57070323
302060542 15037875
302060542 52608532
302060542 166569788
302060542 57068835
57068835 57070323
57068835 57070422
57068835 73534313
57068835 57070128
57068835 57068014
57068835 302060542
57068835 52609064
57068835 57494657
57068835 166569788
486098175 69387905
163888709 29473239
163888709 61485865
163888709 52609064
177058242 73534313
177058242 15037875
57470515 29473239
128514893 73534313
128514893 32532008
299677050 57069453
299677050 836611286
57225646 73534313
57225646 31783943
139456197 61485865
329595219 73534313
54637801 73534313
526560637 199938331
57070128 57070323
57070128 57068778
57070128 57068014
57070128 57068903
57070128 738311548
57070128 8670498
57070128 166569788
57170972 73534313
666022162 8670498
8670498 163888573
8670498 57070323
8670498 15037875
8670498 299534631
8670498 57070357
8670498 57069269
8670498 57070128
8670498 666022162
8670498 57068014
8670498 52608532
8670498 166569788
