200005115 127173093
80912611 127173093
200196097 42084176
72063897 127173093
436152015 127173093
676230001 127173093
200068579 127173093
836614642 127173093
49188471 127173093
140073244 98763414
12150248 127173093
12150248 60301624
42084176 127173093
42084176 200196097
22341313 127173093
23126617 21626816
23126617 14659501
23126617 127173093
452767885 127173093
452767885 97716276
57494503 127173093
436175182 127173093
98763414 107279765
98763414 140073244
98763414 127173093
103302891 127173093
114904747 127173093
57808775 127173093
199945680 21626816
357625532 127173093
156518200 127173093
50853718 127173093
97716276 127173093
97716276 804914454
97716276 452767885
148087951 127173093
804914454 97716276
804914454 452767885
49178254 21626816
49178254 60301624
13112785 127173093
133367541 127173093
65291932 127173093
73824170 127173093
200054927 127173093
34248972 127173093
57740019 127173093
200024849 127173093
103461178 127173093
107279765 127173093
107279765 98763414
60301624 49178254
60301624 127173093
55241075 127173093
83515018 127173093
83515018 129556787
11776598 127173093
11797955 127173093
86085797 57068519
50838486 127173093
200278244 127173093
76281801 200196097
76281801 127173093
822346970 127173093
777391486 127173093
166848982 127173093
129556787 127173093
129556787 83515018
155013494 127173093
93926325 127173093
498275718 127173093
225323824 639755461
225323824 127173093
39616084 200196097
39616084 127173093
39616084 83515018
206108127 127173093
21626816 49178254
21626816 199945680
21626816 23126617
21626816 14659501
21626816 127173093
57068519 127173093
585768617 127173093
5581017 28329009
225308359 127173093
28329009 5581017
200125620 127173093
65317172 127173093
2460724 127173093
86185169 127173093
639755461 225323824
14659501 32909958
14659501 23126617
14659501 21626816
14659501 127173093
32909958 14659501
32909958 127173093
638425310 127173093
