230165021 6257118
230165021 57563727
230165021 7321780
230165021 57563756
230165021 127370171
7321780 57563756
7321780 6257118
7321780 230165021
7321780 57563727
7321780 127370171
7321780 128636054
57563756 6257118
57563756 57563727
57563756 127370171
833468865 6257118
833468865 57563727
833468865 127370171
6257118 833468865
6257118 113445826
6257118 57563756
6257118 7321780
6257118 128636054
6257118 127370171
6257118 57563727
6257118 230165021
52391095 127370171
52391095 57563756
113445826 6257118
113445826 127370171
128636054 6257118
128636054 57563727
128636054 127370171
127370171 113445826
127370171 57563756
127370171 6257118
127370171 833468865
127370171 57563727
7329140 6257118
7329140 127370171
57563727 7321780
57563727 57563756
57563727 128636054
57563727 127370171
57563727 6257118
57563727 230165021
143651613 6257118
143651613 57563756
143651613 57563727
