152729252 152579171
130404755 12735716
225550971 12735716
225550971 30337522
797910801 161803782
797910801 12735716
107669296 132238275
107669296 12735716
107669296 130404755
54410484 130404755
54410484 30337522
54410484 12735716
192305194 12735716
224315888 12735716
224315888 30337522
806240782 12735716
132238275 253935717
132238275 12735716
57188768 12735716
250461711 12735716
250461711 30337522
250461711 109542290
60282871 12735716
60282871 30337522
603512202 12735716
49599761 12735716
30337522 760524039
30337522 654293858
30337522 225550971
30337522 109542290
30337522 60282871
30337522 12735716
109542290 250461711
109542290 30337522
109542290 12735716
33465159 12735716
833625280 12735716
654293858 12735716
654293858 30337522
654293858 163805014
163805014 12735716
163805014 654293858
253935717 132238275
12735716 107669296
12735716 250461711
12735716 130404755
12735716 54028315
12735716 109542290
12735716 132238275
12735716 30337522
12735716 654293858
54028315 132238275
54028315 30337522
54028315 12735716
161803782 12735716
161803782 130404755
152579171 152729252
760524039 30337522
760524039 12735716
791437428 12735716
