152898782 152579270
152898782 152732542
152898782 152820752
278888431 152820752
58297954 152820752
580911851 834053857
580911851 152820752
580911851 61087661
52388777 128732497
52388777 152820752
152907509 31826324
152907509 61087661
152907509 152820752
152907509 152579270
152722225 61087661
836610687 152820752
833455356 152820752
833455356 152673471
152723219 152820752
152541236 152820752
601854511 152820752
756498220 201525459
756498220 152820752
756498220 82738483
152820752 152480099
152820752 128732497
152820752 580883346
152820752 834053857
152820752 570617257
152820752 834025474
152820752 105159206
152820752 6321666
152820752 152815869
152820752 806237247
152820752 756498220
152820752 831040136
152820752 58297954
152820752 152541236
152820752 152732542
152820752 6791986
152820752 61087661
152820752 174264412
152820752 530384306
152820752 152888819
152820752 52388777
152820752 58376659
152820752 152723219
152820752 210257809
152820752 152673170
152820752 28672520
152820752 44758809
152820752 745184014
152820752 601854511
152820752 758037017
152820752 833297687
152820752 152812397
152820752 836610687
152820752 18035898
152820752 559410219
152820752 152577304
152820752 31826324
152820752 152898782
152820752 52195170
152820752 152897720
152820752 152797362
152820752 152907509
152820752 580911851
152820752 27979258
27970954 152820752
152888819 152820752
152888819 28672520
57649139 152820752
57649139 101696159
758037017 152820752
580880425 152820752
580880425 27979258
161538978 152820752
152498848 152820752
52195170 101696159
52195170 152820752
77387236 201525459
77387236 152820752
6791986 152820752
6791986 28672520
6791986 27979258
580883346 152820752
833297687 152820752
101696159 152732542
101696159 152820752
101696159 28672520
27979258 61087661
27979258 6791986
27979258 28672520
27979258 833322383
27979258 152820752
27979258 18035898
27979258 580880425
701106068 152820752
18035898 152820752
745184014 788843284
745184014 152820752
745184014 152673170
745184014 148032525
31826324 61087661
31826324 210257809
31826324 152820752
31826324 152907509
152579270 152898782
152579270 152907509
28672520 128732497
28672520 61087661
28672520 152820752
152732542 152820752
152732542 152897720
148032525 745184014
82738483 152732542
82738483 61087661
82738483 152820752
210257809 152820752
210257809 152673471
210257809 31826324
788843284 152498848
788843284 61087661
788843284 745184014
152815869 61087661
152815869 152820752
174264412 61087661
174264412 152820752
61087661 152815869
61087661 174264412
61087661 152820752
61087661 28672520
61087661 152577304
61087661 31826324
152577304 61087661
152577304 152820752
58313696 61087661
58313696 152820752
105159206 128732497
105159206 52388777
105159206 152820752
201525459 152541236
201525459 152732542
201525459 77387236
559410219 214288187
559410219 152820752
44758809 152820752
152797362 152820752
152480099 152820752
58376659 152820752
758004926 152820752
834053857 580911851
834053857 152820752
128732497 52388777
152897720 152820752
152673471 833455356
152673471 6791986
152673471 210257809
812476675 152820752
812476675 18035898
530384306 152820752
152673170 82738483
152673170 745184014
152673170 152820752
5890315 152820752
806237247 152820752
833322383 27979258
834025474 152820752
152812397 152820752
152812397 18035898
6321666 152820752
831040136 152820752
214288187 559410219
152578732 152820752
128948245 152820752
128948245 28672520
