80880418 76400614
80880418 15739453
129025623 129901203
129025623 127191035
129025623 31677199
129025623 16618057
129025623 39370149
129025623 11151934
129025623 76400614
129025623 2610512
54619440 28287330
9976537 16618057
9976537 11151934
9976537 39370149
9976537 18844310
9976537 23765168
129901203 129025623
129901203 127191035
129901203 31677199
129901203 16618057
129901203 81601064
129901203 39370149
129901203 28287330
129901203 11151934
129901203 23765168
129901203 76400614
129901203 19501081
129901203 2610512
321096158 36313053
39370149 30227444
39370149 16618057
39370149 36221452
39370149 57224565
127191035 129025623
127191035 10501396
127191035 129901203
127191035 31677199
127191035 27206662
127191035 16618057
127191035 14127043
127191035 17601645
127191035 81601064
127191035 39370149
127191035 28287330
127191035 11151934
127191035 23765168
127191035 172677751
127191035 76400614
127191035 15739453
127191035 19501081
11151934 129025623
11151934 10501396
11151934 61533359
11151934 129901203
11151934 127191035
11151934 31677199
11151934 27206662
11151934 16618057
11151934 14127043
11151934 17601645
11151934 81601064
11151934 39370149
11151934 28287330
11151934 23765168
11151934 76400614
11151934 15739453
11151934 15621756
11151934 2610512
11151934 9976537
11151934 57224565
31091984 127191035
31091984 31677199
31091984 16618057
31091984 28287330
31091984 76400614
54335126 15739453
54335126 36221452
30227444 39370149
30227444 15739453
30227444 15621756
30227444 36221452
30227444 57224565
36313053 39370149
36313053 321096158
76400614 129901203
76400614 127191035
76400614 31677199
76400614 16618057
76400614 39370149
76400614 11151934
76400614 11617149
76400614 57224565
28111413 127191035
28111413 16618057
28111413 39370149
28111413 76400614
11617149 127191035
11617149 76400614
28287330 129901203
28287330 127191035
28287330 31677199
28287330 39370149
28287330 11151934
28287330 76400614
28287330 15739453
28287330 15621756
28287330 36221452
15739453 30227444
15739453 18844310
15739453 14127043
15739453 54335126
15739453 28287330
15739453 57224565
35589378 15739453
35589378 39370149
2610512 129025623
2610512 129901203
2610512 127191035
2610512 31677199
2610512 16618057
2610512 39370149
2610512 11151934
2610512 76400614
55644563 18844310
55644563 39370149
31677199 10501396
31677199 127191035
31677199 16618057
31677199 14127043
31677199 81601064
31677199 39370149
31677199 28287330
31677199 11151934
31677199 76400614
57224565 15739453
57224565 15621756
57224565 11151934
57224565 30227444
57224565 36221452
57224565 76400614
57224565 39370149
57224565 18844310
172677751 127191035
172677751 16618057
18844310 30227444
18844310 26628138
18844310 127191035
18844310 16618057
18844310 14127043
18844310 39370149
18844310 15739453
18844310 9976537
18844310 57224565
55900028 39370149
19501081 129901203
19501081 127191035
19501081 76400614
19501081 28287330
19501081 39370149
19501081 16618057
27206662 127191035
27206662 31677199
27206662 16618057
27206662 17601645
27206662 81601064
27206662 11151934
27206662 23765168
27206662 76400614
14127043 10501396
14127043 127191035
14127043 16618057
14127043 39370149
14127043 76400614
14127043 15739453
81601064 129025623
81601064 129901203
81601064 127191035
81601064 31677199
81601064 27206662
81601064 16618057
81601064 76400614
81601064 23765168
81601064 11151934
81601064 28287330
81601064 39370149
81601064 17601645
23765168 129025623
23765168 129901203
23765168 127191035
23765168 31677199
23765168 27206662
23765168 16618057
23765168 81601064
23765168 39370149
23765168 28287330
23765168 9976537
23765168 76400614
23765168 11151934
10501396 129901203
10501396 127191035
10501396 18844310
10501396 31677199
10501396 16618057
10501396 14127043
10501396 17601645
10501396 39370149
10501396 28287330
10501396 76400614
59801835 129025623
59801835 127191035
59801835 31677199
59801835 16618057
59801835 11151934
16618057 129025623
16618057 129901203
16618057 127191035
16618057 31677199
16618057 27206662
16618057 14127043
16618057 39370149
16618057 28287330
16618057 11151934
16618057 23765168
16618057 76400614
16618057 15739453
16618057 2610512
16618057 9976537
16618057 57224565
36576390 14127043
36576390 39370149
36576390 76400614
36576390 15739453
17601645 10501396
17601645 127191035
17601645 31677199
17601645 27206662
17601645 16618057
17601645 39370149
17601645 28287330
17601645 11151934
17601645 76400614
17601645 11617149
36221452 30227444
36221452 16618057
36221452 54335126
36221452 39370149
36221452 28287330
36221452 15739453
36221452 15621756
36221452 57224565
15621756 30227444
15621756 16618057
15621756 39370149
15621756 28287330
15621756 11151934
15621756 15739453
15621756 36221452
15621756 57224565
