674485932 421533389
674485932 127293502
448651566 127293502
263349875 127293502
299110949 127293502
674790277 127293502
233512962 127293502
448134835 127293502
835931626 127293502
155024761 127293502
642603227 127293502
762253240 127293502
155604873 742734588
155604873 127293502
836613869 127293502
459796232 127293502
299168974 127293502
13992250 127293502
13992250 144540285
448136596 674352323
673706 127293502
234130522 127293502
536318003 127293502
367103347 127293502
448408816 127293502
742734588 155604873
742734588 127293502
741683570 307102751
741683570 421461928
741683570 289175599
741683570 689447093
54988536 127293502
836613119 127293502
299179280 127293502
5293568 127293502
578747061 303494220
578747061 127293502
747106094 127293502
299863531 127293502
182083238 127293502
815490821 127293502
400281331 127293502
745786571 127293502
59665710 127293502
307102751 289175599
307102751 127293502
307102751 741683570
421461928 127293502
54234073 127293502
674352323 127293502
674352323 448136596
701090017 127293502
647566405 127293502
163811045 127293502
163811045 673706
562756510 127293502
159867585 127293502
689447093 127293502
21233329 127293502
25220857 127293502
5155488 127293502
144540285 13992250
144540285 127293502
12710265 421533389
12710265 127293502
182075759 127293502
457832473 127293502
465095490 127293502
38079177 127293502
578920674 578747061
578920674 155024761
30733366 127293502
217131163 127293502
674418383 127293502
260522507 127293502
10759610 127293502
447943554 127293502
53503794 127293502
289175599 307102751
289175599 833706209
289175599 741683570
289175599 155024761
289175599 303494220
289175599 689447093
836613398 127293502
833706209 127293502
578723671 127293502
232796217 127293502
124954771 127293502
216071018 127293502
766407825 127293502
28267372 127293502
299095578 127293502
578730963 127293502
364068679 127293502
163886980 127293502
421533389 674485932
421533389 127293502
134707860 127293502
303494220 127293502
303494220 578747061
