44961147 129986136
44961147 193361571
44961147 127171191
44919571 49047566
44919571 129986136
44919571 193362422
44919571 49066497
44919571 127171191
44919571 48704974
44919571 19187115
44919571 54262414
44919571 49048417
49047566 127171191
44624835 127171191
80685028 127171191
80685028 130218625
510982174 129986136
510982174 230971162
510982174 127171191
43806805 44951086
43806805 127171191
44793452 127171191
44793452 54262414
96199765 127171191
49044132 127171191
49044132 19187115
49044132 54262414
49044132 49048417
49044132 252168196
68949180 127171191
68949180 89068491
68949180 6857501
230971162 510982174
230971162 127171191
65390664 193362422
65390664 127171191
48705980 132206154
48705980 193362422
48705980 127171191
48705980 54262414
48705980 45063510
44262474 127171191
44262474 54262414
54262414 132206154
54262414 49047566
54262414 44120906
54262414 157774593
54262414 129986136
54262414 44919571
54262414 68949180
54262414 48383895
54262414 193361571
54262414 44414475
54262414 6186308
54262414 230935726
54262414 193362422
54262414 49066497
54262414 48705980
54262414 127171191
54262414 44793452
54262414 48751150
54262414 49321807
54262414 115347071
54262414 48704974
54262414 19187115
54262414 49044132
54262414 130218625
54262414 130058979
54262414 50905414
54262414 49048417
54262414 252168196
54262414 45063510
54262414 6857501
54262414 44262474
44351913 127171191
44414475 127171191
44414475 49321807
44414475 54262414
48532214 129986136
48532214 127171191
48462788 127171191
44951086 130218625
45003231 127171191
49048417 44919571
49048417 127171191
49048417 54262414
193362422 65390664
193362422 231200376
193362422 44919571
193362422 49066497
193362422 48705980
193362422 127171191
193362422 54262414
44627865 44436485
44627865 127171191
44627865 130218625
44627865 89068491
252168196 127171191
252168196 49044132
252168196 54262414
89068491 68949180
89068491 127171191
89068491 44627865
130058979 127171191
130058979 48751150
130058979 54262414
75374377 127171191
6186308 127171191
6186308 54262414
48751150 127171191
48751150 54262414
45063510 48705980
45063510 127171191
45063510 54262414
45063510 130218625
44942689 127171191
50905414 127171191
50905414 54262414
663074078 130218625
663074078 127171191
91662487 127171191
217137284 127171191
115347071 127171191
115347071 54262414
306432999 127171191
48383895 127171191
48383895 54262414
156547110 127171191
156547110 130218625
230935726 54262414
230935726 127171191
231200376 193362422
231200376 127171191
49321807 132206154
49321807 129986136
49321807 193361571
49321807 44414475
49321807 49066497
49321807 127171191
49321807 800389268
49321807 54262414
49321807 6857501
44120906 127171191
44120906 54262414
48704974 129986136
48704974 127171191
48704974 54262414
45381783 127171191
800389268 127171191
800389268 49321807
19187115 44919571
19187115 44436485
19187115 127171191
19187115 49044132
19187115 54262414
19187115 6857501
130218625 217190233
130218625 44517736
130218625 43841102
130218625 80685028
130218625 37961684
130218625 44436485
130218625 663074078
130218625 156547110
130218625 127171191
130218625 44951086
130218625 54262414
130218625 44627865
130218625 45063510
130218625 6857501
37676452 127171191
193361571 129986136
193361571 44961147
193361571 127171191
193361571 49321807
193361571 54262414
319196736 127171191
6857501 129986136
6857501 68949180
6857501 6186308
6857501 49066497
6857501 127171191
6857501 49321807
6857501 19187115
6857501 54262414
6857501 130218625
49066497 132206154
49066497 129986136
49066497 44919571
49066497 193362422
49066497 44436485
49066497 127171191
49066497 49321807
49066497 54262414
49066497 6857501
44517736 127171191
44517736 130218625
756498360 127171191
132206154 49066497
132206154 48705980
132206154 127171191
132206154 49321807
132206154 54262414
129986136 44919571
129986136 44961147
129986136 510982174
129986136 193361571
129986136 44436485
129986136 49066497
129986136 127171191
129986136 49321807
129986136 54262414
129986136 6857501
129986136 48532214
44094115 127171191
44828538 127171191
193421397 127171191
37961684 127171191
37961684 130218625
44436485 129986136
44436485 49066497
44436485 127171191
44436485 19187115
44436485 130218625
44436485 44627865
44755999 127171191
157774593 127171191
157774593 54262414
45223484 127171191
217190233 127171191
217190233 130218625
25327519 127171191
43841102 127171191
43841102 130218625
