55897253 23334704
42130116 11434616
42130116 23334704
216087842 23334704
216087842 27671900
11434616 10248267
11434616 144814968
51571742 27671900
51571742 23334704
130466110 23334704
3368394 27671900
3368394 23334704
11052554 10248267
11052554 11434616
61878502 23334704
30896419 27671900
30896419 23334704
27671900 91155591
27671900 10248267
27671900 10406198
27671900 11434616
27671900 220318108
27671900 61878502
27671900 11873341
27671900 30896419
27671900 51571742
27671900 12135937
27671900 121574457
27671900 3368394
27671900 216087842
27671900 23334704
121574457 27671900
121574457 23334704
11873341 10248267
11873341 11434616
11873341 23334704
91155591 27671900
91155591 23334704
144814968 10248267
144814968 11434616
144814968 27671900
144814968 23334704
220318108 27671900
220318108 23334704
20845787 23334704
28718807 23334704
5855744 23334704
268577356 23334704
31827632 23334704
48683185 23334704
49262214 23334704
10248267 11434616
10248267 27671900
10248267 144814968
10248267 23334704
10406198 27671900
10406198 23334704
23334704 14582113
23334704 5855744
23334704 20845787
23334704 28718807
23334704 10248267
23334704 12135937
23334704 268577356
23334704 11434616
23334704 61878502
23334704 11052554
23334704 130466110
23334704 27671900
23334704 31112440
23334704 31827632
23334704 144814968
23334704 11873341
23334704 91155591
23334704 23088547
23334704 216087842
23334704 3368394
23334704 220318108
23334704 55897253
23334704 49262214
23334704 48683185
23334704 42130116
23334704 10406198
23334704 121574457
23334704 30896419
23334704 51571742
14582113 23334704
12135937 27671900
12135937 23334704
31112440 23334704
23088547 10248267
23088547 11434616
23088547 23334704
