166768977 117975677
166768977 144537577
166768977 520949041
166768977 37800854
166768977 40500745
166768977 36633304
434676954 117975677
32115079 117975677
32115079 127546280
163980582 40500745
163980582 144537577
163980582 117975677
163980582 36633304
59532490 127323754
59532490 117975677
461700198 127323754
461700198 117975677
216720830 127323754
216720830 117975677
216720830 37800854
216720830 36633304
520949041 127323754
156084325 117975677
156084325 40500745
156084325 37800854
156084325 127546280
56537255 127323754
56537255 117975677
761313284 36633304
761313284 384551041
761313284 144537577
761313284 216720830
761313284 38317061
761313284 117975677
761313284 40500745
667118111 127323754
667118111 117975677
302846344 127323754
302846344 117975677
38317061 117975677
38317061 127546280
38317061 37800854
38317061 40500745
38317061 216720830
38317061 36633304
38317061 761313284
384551041 117975677
384551041 40500745
384551041 144537577
384551041 36633304
384551041 37800854
289197997 117975677
289197997 37800854
34281949 127323754
34281949 117975677
36397661 37800854
36397661 36633304
166771068 117975677
144537577 32883193
144537577 117975677
144537577 127323754
144537577 36633304
102926689 37800854
71409912 127323754
8006095 117975677
32883193 127323754
32883193 117975677
32883193 144537577
32883193 37800854
62010198 117975677
40500745 156084325
40500745 384551041
40500745 117975677
40500745 32115079
40500745 299476735
40500745 166768977
40500745 144537577
40500745 833875545
40500745 37800854
40500745 216720830
40500745 761313284
40500745 163980582
40500745 36633304
127546280 117975677
37432183 117975677
37800854 102926689
37800854 117975677
37800854 216720830
37800854 127546280
37800854 127323754
37800854 36633304
117975677 38317061
117975677 127323754
117975677 127546280
117975677 166768977
117975677 302846344
117975677 37800854
117975677 216720830
117975677 39464999
117975677 36633304
51872176 117975677
51872176 127546280
51872176 127323754
217176457 127323754
217176457 117975677
217176457 127546280
39464999 127323754
39464999 117975677
127323754 117975677
395948627 117975677
47134727 117975677
163986276 127323754
328170296 127323754
328170296 117975677
47572651 117975677
47572651 127323754
8410814 117975677
8410814 520949041
300080435 117975677
300080435 127323754
299476735 117975677
299476735 40500745
299476735 36633304
299476735 37800854
364301178 117975677
36633304 37800854
36633304 127546280
36633304 117975677
36633304 144537577
36633304 216720830
36633304 761313284
734451184 127323754
734451184 117975677
182799673 127323754
306648152 117975677
