17666875 114622527
17666875 19515439
833520229 138984997
67797937 114622527
67797937 138984997
67797937 72993263
67797937 217183314
101428255 289181768
101428255 114622527
101428255 258214277
101428255 298805765
101428255 72993263
101428255 155551004
101428255 298809061
60368836 114622527
165159653 109122352
165159653 114622527
165159653 217183314
165159653 59702557
532635199 114622527
747530972 129060908
747530972 114622527
33381780 114622527
156181005 129060908
156181005 114622527
156181005 72993263
121052453 72051416
121052453 114622527
121052453 199938174
121052453 98422694
121052453 171440228
3290015 747530972
72993263 369049035
72993263 16835560
72993263 114622527
72993263 13253919
72993263 101428255
72993263 453231155
72993263 67797937
72993263 258214277
72993263 299645033
72993263 54210476
72993263 761313284
72993263 298809061
155551004 258214277
155551004 50624000
155551004 44857833
155551004 298805765
155551004 72993263
155551004 101428255
155551004 72051416
155551004 661232903
155551004 299645033
155551004 16835560
155551004 21257662
155551004 747530972
155551004 54210476
155551004 761313284
199938174 114622527
144545366 159844244
216080176 114622527
216080176 546065757
298683501 109122352
298683501 114622527
98422694 741690325
298805393 159844244
836610950 129060908
322992323 78842359
322992323 109122352
44857833 50624000
44857833 155551004
129060908 836610950
129060908 128501942
129060908 747530972
761313284 72993263
761313284 299645033
761313284 114622527
761313284 50624000
546065757 216080176
171440228 299645033
258214277 155551004
258214277 72993263
258214277 101428255
59665867 114622527
59665867 159844244
258838382 19515439
161093862 19515439
40500643 109122352
453308913 114622527
217183314 289181768
217183314 109122352
217183314 19515439
217183314 67797937
217183314 165159653
217183314 144545366
166534297 129060908
166534297 114622527
166534297 3290015
166534297 72993263
298809061 114622527
298809061 101428255
78842359 322992323
299645033 761313284
299645033 72993263
289181768 114622527
289181768 101428255
289181768 159844244
289181768 217183314
231919528 299645033
231919528 114622527
75372836 114622527
369049035 72993263
369049035 114622527
453231155 129060908
449797902 109122352
350431095 114622527
741690325 138984997
741690325 98422694
13095993 138984997
138984997 369049035
138984997 741690325
138984997 114622527
138984997 67797937
138984997 833520229
298805765 155551004
298805765 101428255
298805765 114622527
36739983 114622527
54210476 114622527
72051416 155551004
215530408 129060908
50624000 114622527
50624000 761313284
50624000 155551004
50624000 44857833
114622527 289181768
114622527 661232903
114622527 109122352
114622527 369049035
114622527 216080176
114622527 50624000
114622527 26987763
114622527 298683501
114622527 350431095
114622527 19515439
114622527 101428255
114622527 60368836
114622527 138984997
114622527 67797937
114622527 199938174
114622527 17666875
114622527 165159653
114622527 258214277
114622527 166534297
114622527 36739983
114622527 298805765
114622527 75372836
114622527 532635199
114622527 217183314
114622527 128501942
114622527 453308913
114622527 747530972
114622527 156181005
114622527 59665867
114622527 72993263
114622527 33381780
114622527 54210476
114622527 761313284
114622527 298809061
661232903 114622527
128501942 129060908
128501942 114622527
109122352 40500643
109122352 322992323
109122352 114622527
109122352 449797902
109122352 165159653
109122352 217183314
59702557 19515439
59702557 165159653
26987763 114622527
26987763 199938174
159844244 289181768
159844244 59665867
19515439 161093862
19515439 114622527
19515439 17666875
19515439 217183314
19515439 258838382
19515439 59702557
21257662 155551004
