152531079 57646010
152912919 5341817
225067413 5341817
57646010 152630878
57646010 833347678
57646010 49578245
57646010 298835738
57646010 152670631
57646010 128501305
57646010 152941950
57646010 582287460
57646010 42104662
57646010 44758756
57646010 130048054
57646010 57645905
57646010 152957582
57646010 581004091
57646010 57648251
57646010 173121498
57646010 152688774
57646010 210196467
57646010 136692423
57646010 57588633
57646010 152531079
57646010 57645764
57646010 57652361
57646010 25357501
57646010 57646504
57646010 44874615
57646010 101696785
57646010 152890232
57646010 152478248
57646010 210197567
57646010 57609669
57646010 210187749
57646010 57644471
57646010 31415083
57646010 230926775
57646010 107496003
57646010 57651675
57646010 152571397
57646010 128504578
19841344 5341817
26339355 455890786
26339355 303195433
26339355 5341817
26339355 57588633
26339355 31415083
128501305 57646010
128501305 152957582
128501305 152688774
128501305 25357501
128501305 57644471
128501305 5341817
128501305 57588633
128501305 44758756
128501305 57645764
128501305 31415083
128501305 57652361
128501305 107496003
128501305 57646504
128501305 57648251
128501305 44874615
128501305 128504578
210187749 57646010
210187749 210197567
210187749 5341817
25225404 152957582
25225404 5341817
834264806 581004091
834264806 5341817
57609669 57646010
57609669 155844205
57609669 5341817
806280071 5341817
833347678 42104662
833347678 57646010
833347678 5341817
833347678 31415083
152688774 128501305
152688774 42104662
152688774 57646010
152688774 130048054
152688774 31415083
152688774 107496003
152688774 5341817
728466451 5341817
728466451 31415083
728466451 833658470
152621577 5341817
580911134 5341817
580908209 5341817
582287460 57646010
582287460 54196013
582287460 5341817
155844205 20961665
155844205 57609669
155844205 5341817
152890232 49578245
152890232 57646010
152890232 130048054
152890232 107496003
152890232 5341817
152890232 44874615
581975505 5341817
57645905 57646010
57645905 44758756
57645905 31415083
152591699 5341817
229045009 5341817
57646504 57646010
57646504 136692423
57646504 152572622
57646504 5341817
57646504 44758756
57646504 57645764
57646504 128501305
57646504 31415083
57646504 57652361
57646504 107496003
57646504 57648251
152571397 5341817
152571397 57646010
152571397 152670631
152941950 42104662
152941950 57646010
152941950 44874615
152941950 5341817
303195433 26339355
303195433 107496003
303195433 19841344
581222199 5341817
455890786 26339355
455890786 107496003
25357501 128501305
25357501 57646010
25357501 5341817
44463066 5341817
57588633 152630878
57588633 57646010
57588633 130048054
57588633 111615111
57588633 101696785
57588633 5341817
57588633 26339355
57588633 44758756
57588633 128501305
57588633 31415083
57588633 107496003
57588633 57648251
57588633 128504578
152670631 57646010
152670631 298830630
152670631 31415083
152670631 5341817
152670631 152571397
298835738 42104662
298835738 57646010
298835738 5341817
425284167 5341817
101696785 57646010
101696785 57588633
101696785 57644471
101696785 5341817
173121498 57646010
173121498 5341817
20961665 155844205
20961665 5341817
136692423 25225404
136692423 57646010
136692423 44758756
136692423 738308471
136692423 5341817
834437426 5341817
111615111 5341817
833658470 31415083
581004091 57646010
581004091 101696785
581004091 5341817
49578245 57646010
49578245 152890232
49578245 5341817
49578245 44874615
49578245 128504578
163259536 5341817
31415083 152670631
31415083 42104662
31415083 57646010
31415083 728466451
31415083 152688774
31415083 210196467
31415083 210197567
31415083 57644471
31415083 5341817
31415083 26339355
31415083 44758756
31415083 833347678
31415083 57645905
31415083 128501305
31415083 833658470
31415083 57652361
31415083 107496003
31415083 57646504
31415083 57648251
210196467 57646010
210196467 57652361
210196467 31415083
210196467 57651675
210196467 128504578
581165535 152957582
581165535 5341817
57651675 57646010
57651675 5341817
11226320 128504578
57652361 42104662
57652361 57646010
57652361 210196467
57652361 5341817
57652361 128501305
57652361 31415083
57652361 57646504
298830630 152670631
298830630 44758756
298830630 5341817
230926775 57646010
130048054 42104662
130048054 57646010
130048054 152688774
130048054 57588633
130048054 57645764
130048054 152890232
130048054 107496003
130048054 5341817
130048054 128504578
57645764 152630878
57645764 57646010
57645764 130048054
57645764 57644471
57645764 5341817
57645764 44758756
57645764 128501305
57645764 107496003
57645764 57646504
57645764 44874615
57645764 128504578
152503335 5341817
152572622 44758756
152572622 57646504
152572622 5341817
152630878 42104662
152630878 57646010
152630878 57648251
152630878 57588633
152630878 57645764
152630878 5341817
44758756 42104662
44758756 57646010
44758756 136692423
44758756 298830630
44758756 152572622
44758756 5341817
44758756 57588633
44758756 57645905
44758756 57645764
44758756 128501305
44758756 31415083
44758756 107496003
44758756 57646504
44758756 44874615
152735858 5341817
738308471 136692423
210197567 57646010
210197567 210187749
210197567 57611889
210197567 31415083
152478248 42104662
152478248 57646010
152478248 5341817
44874615 152941950
44874615 42104662
44874615 57646010
44874615 155844205
44874615 57644471
44874615 5341817
44874615 44758756
44874615 57645764
44874615 128501305
44874615 107496003
44874615 128504578
57648251 152630878
57648251 57646010
57648251 5341817
57648251 57588633
57648251 128501305
57648251 31415083
57648251 57646504
57644471 57646010
57644471 57645764
57644471 44874615
57644471 101696785
57644471 31415083
57644471 107496003
57644471 5341817
54196013 582287460
54196013 5341817
128504578 57588633
128504578 152807728
128504578 130048054
128504578 5341817
128504578 11226320
128504578 49578245
128504578 57646010
128504578 44874615
128504578 42104662
128504578 57645764
128504578 128501305
128504578 210196467
128504578 107496003
107496003 455890786
107496003 42104662
107496003 57646010
107496003 130048054
107496003 152957582
107496003 152688774
107496003 152890232
107496003 57644471
107496003 303195433
107496003 57588633
107496003 44758756
107496003 57645764
107496003 128501305
107496003 31415083
107496003 57646504
107496003 44874615
107496003 128504578
152957582 128501305
152957582 57646010
152957582 107496003
152957582 5341817
152957582 581165535
57611889 155844205
57611889 210197567
57611889 5341817
581577295 5341817
42104662 152630878
42104662 833347678
42104662 298835738
42104662 152941950
42104662 44758756
42104662 130048054
42104662 152807728
42104662 152688774
42104662 57652361
42104662 44874615
42104662 152890232
42104662 152478248
42104662 57609669
42104662 31415083
42104662 107496003
42104662 5341817
42104662 128504578
33922007 5341817
152807728 42104662
152807728 5341817
152807728 128504578
