19149523 124087500
166593739 124087500
83920561 124087500
83920561 3651689
34235421 124087500
772327954 124087500
772327954 73891667
189170009 124087500
60326944 124087500
3651689 124087500
73891667 124087500
73891667 772327954
152660370 124087500
124087500 152532861
124087500 152660370
124087500 166593739
124087500 73891667
124087500 377282420
124087500 189170009
124087500 19149523
124087500 60326944
124087500 83920561
124087500 772327954
124087500 34235421
124087500 3651689
124087500 5467493
5467493 124087500
152532861 124087500
54409095 124087500
377282420 124087500
