7283140 127168324
7283140 208393813
38741863 65287414
704641887 127168324
704641887 55247208
704641887 52026909
56862896 127168324
137103559 127168324
46938557 127168324
22373710 127168324
349568535 79506515
349568535 127168324
349568535 55247208
349568535 52026909
349568535 36986765
25455321 127168324
130017177 65287414
130017177 606138365
54408471 127168324
54408471 36986765
301682307 127168324
57738957 127168324
634775226 127168324
704661116 14562873
704661116 79506515
704661116 127168324
704661116 55247208
11286999 127168324
11286999 65287414
45476094 127168324
130006787 127168324
56863499 95216212
56863499 52029650
56863499 79506515
56863499 20958995
56863499 127168324
56863499 147681380
56863499 36986765
56863499 208457013
107706943 14562873
107706943 52029650
107706943 79506515
107706943 127168324
107706943 58528703
107706943 56863499
107706943 95235565
107706943 55247208
107706943 52026909
107706943 36986765
107706943 208457013
52029650 127168324
52029650 107706943
52029650 833305756
52029650 56863499
52029650 39066440
52029650 52026909
65287414 127168324
65287414 130017177
65287414 38741863
65287414 606138365
58528703 127168324
58528703 55247208
58528703 52026909
58528703 34923482
58528703 147681380
36656058 127168324
55621617 127168324
231761622 127168324
73674028 79506515
73674028 127168324
73674028 58528703
29218702 127168324
20958995 60284609
20958995 187020463
20958995 127168324
20958995 56863499
20958995 543241
20958995 55247208
20958995 79506515
20958995 34923482
128001709 127168324
128001709 208457013
81420685 127168324
81379307 127168324
543241 20958995
543241 127168324
543241 36986765
543241 208457013
52026909 60284609
52026909 52029281
52026909 40060471
52026909 14562873
52026909 52029650
52026909 127168324
52026909 28798698
52026909 58528703
52026909 107706943
52026909 55247208
52026909 36986765
52026909 208457013
52026909 79506515
52026909 34923482
52026909 536021461
208393813 50642881
208393813 14562873
208393813 302001030
208393813 7283140
208393813 187020463
208393813 536021461
208393813 79506515
208393813 58528703
208393813 95235565
208393813 55247208
208393813 34923482
208393813 36986765
14562873 704661116
14562873 127168324
14562873 208393813
14562873 107706943
14562873 52026909
14562873 36986765
60284609 14562873
60284609 187020463
60284609 79506515
60284609 127168324
60284609 28798698
60284609 14800817
60284609 34923482
836614066 127168324
95235565 127168324
95235565 208393813
95235565 107706943
95235565 34923482
28798698 60284609
28798698 95216212
28798698 127168324
302001030 40060471
302001030 127168324
302001030 55247208
56540789 127168324
72075040 127168324
34923482 127168324
34923482 55247208
34923482 79506515
34923482 95235565
606138365 65287414
54373054 127168324
8700388 127168324
605202867 127168324
158169368 127168324
158169368 79506515
836614061 127168324
836614061 58528703
38347495 127168324
300759951 127168324
754761220 127168324
697513724 127168324
34327633 127168324
18775979 127168324
36986765 60284609
36986765 52029281
36986765 95216212
36986765 50642881
36986765 14562873
36986765 7283140
36986765 79506515
36986765 20958995
36986765 127168324
36986765 28798698
36986765 208393813
36986765 107706943
36986765 833305756
36986765 349568535
36986765 14800817
36986765 543241
36986765 55247208
36986765 155316127
36986765 52026909
36986765 54408471
14800817 60284609
14800817 127168324
14800817 36986765
14800817 208457013
39310845 127168324
536021461 127168324
536021461 208393813
536021461 55247208
536021461 34923482
536021461 52026909
95216212 50642881
95216212 20958995
95216212 127168324
95216212 28798698
95216212 56863499
95216212 55247208
95216212 36986765
129925095 127168324
833305756 50642881
833305756 52029650
833305756 127168324
833305756 36986765
187020463 60284609
187020463 50642881
187020463 79506515
187020463 20958995
187020463 127168324
187020463 58528703
187020463 208393813
187020463 56863499
187020463 55247208
187020463 34923482
135650422 127168324
52022981 127168324
147681380 302001030
147681380 127168324
147681380 28798698
147681380 58528703
147681380 56863499
147681380 55247208
147681380 79506515
4063252 127168324
251192600 127168324
251192600 208393813
251192600 55247208
251192600 36656058
155316127 127168324
155316127 55247208
37293656 127168324
208457013 127168324
208457013 107706943
208457013 56863499
208457013 14800817
208457013 543241
208457013 52026909
208457013 34923482
748341012 65287414
50642881 95216212
50642881 187020463
50642881 79506515
50642881 127168324
50642881 208393813
50642881 833305756
50642881 55247208
50642881 36986765
387156058 127168324
52029281 14562873
52029281 20958995
52029281 127168324
52029281 58528703
52029281 55247208
52029281 52026909
52029281 34923482
54390439 127168324
833527031 127168324
79506515 60284609
79506515 704661116
79506515 73674028
79506515 50642881
79506515 127168324
79506515 208393813
79506515 107706943
79506515 56863499
79506515 39066440
79506515 81420685
79506515 158169368
79506515 36986765
79506515 34923482
79506515 147681380
79506515 52026909
208387136 127168324
299274261 127168324
638898488 127168324
55247208 704661116
55247208 52029281
55247208 55621617
55247208 40060471
55247208 302001030
55247208 187020463
55247208 536021461
55247208 79506515
55247208 20958995
55247208 127168324
55247208 208393813
55247208 107706943
55247208 155316127
55247208 52026909
55247208 34923482
55247208 147681380
55247208 36986765
40060471 55621617
40060471 302001030
40060471 79506515
40060471 127168324
40060471 55247208
40060471 52026909
40060471 36986765
39066440 40060471
39066440 79506515
39066440 127168324
39066440 231761622
