4424104 30326566
4424104 8166653
4424104 128688644
4424104 64947836
4424104 27500083
4424104 18098730
4424104 82653131
4424104 27340756
4424104 45505931
4424104 65371602
4424104 79272727
4424104 3444246
4424104 82513902
4424104 37459275
4424104 129076619
4424104 65362313
4424104 1773428
4424104 77214451
4424104 61576941
4424104 23857805
4424104 4930177
4424104 6897064
4424104 67202085
4424104 14851345
4424104 231706947
4424104 7273413
4424104 30491054
4424104 34581769
4424104 10970890
4424104 65488599
4424104 102484701
4424104 127196645
4424104 31311939
4424104 65467671
4424104 128370525
4424104 61239759
4424104 25392447
4424104 61721125
218664359 64947836
136797516 61721125
14851345 30326566
14851345 127448281
14851345 64947836
14851345 27500083
14851345 65371602
14851345 37459275
14851345 1773428
14851345 77214451
14851345 23857805
14851345 4930177
14851345 7273413
14851345 44348391
14851345 4424104
14851345 10970890
14851345 67243551
14851345 65488599
14851345 84254051
14851345 127196645
14851345 31311939
14851345 65467671
14851345 128370525
14851345 61721125
120988064 64947836
120988064 27500083
120988064 127937263
120988064 67243551
120988064 25392447
120988064 61721125
61239759 56611865
61239759 64700424
61239759 64947836
61239759 65371997
61239759 60784450
61239759 79272727
61239759 37459275
61239759 1773428
61239759 77214451
61239759 4424104
61239759 65467671
61239759 61721125
43968378 23857805
43968378 61721125
128688644 64947836
128688644 61721125
128688644 4424104
128688644 30491054
128688644 128875537
7273413 64947836
7273413 77214451
7273413 30491054
7273413 4424104
7273413 10970890
7273413 65467671
7273413 128370525
7273413 27500083
7273413 61721125
23857805 56611865
23857805 30326566
23857805 64947836
23857805 44037298
23857805 65371997
23857805 82653131
23857805 3444246
23857805 37459275
23857805 65362313
23857805 1773428
23857805 25266384
23857805 24779741
23857805 43968378
23857805 14851345
23857805 231706947
23857805 127386137
23857805 30491054
23857805 4424104
23857805 34581769
23857805 67243551
23857805 84254051
23857805 65467671
23857805 79272727
23857805 4930177
23857805 27500083
23857805 25392447
23857805 61721125
231706947 8166653
231706947 79272727
231706947 77214451
231706947 23857805
231706947 4424104
231706947 61721125
231706947 65467671
127196645 127448281
127196645 64947836
127196645 27500083
127196645 37459275
127196645 6897064
127196645 14851345
127196645 4424104
127196645 10970890
127196645 67243551
127196645 65467671
127196645 61721125
95458003 61721125
44037298 64947836
44037298 23857805
44037298 10970890
44037298 61721125
277073979 61721125
43854172 127298864
45015115 61721125
10970890 56611865
10970890 64947836
10970890 27500083
10970890 37459275
10970890 129076619
10970890 4930177
10970890 25266384
10970890 30491054
10970890 4424104
10970890 65467671
10970890 61721125
25266384 64700424
25266384 127448281
25266384 64947836
25266384 27500083
25266384 65371997
25266384 37459275
25266384 129076619
25266384 23857805
25266384 14851345
25266384 10970890
25266384 31311939
25266384 128370525
25266384 61721125
128875537 128688644
128875537 64947836
128875537 127298864
128875537 61721125
82653131 27340756
82653131 82513902
82653131 37459275
82653131 1773428
82653131 23857805
82653131 4424104
82653131 34581769
82653131 10970890
82653131 61721125
102484701 127448281
102484701 64947836
102484701 61721125
102484701 4424104
84254051 8166653
84254051 127448281
84254051 64947836
84254051 27500083
84254051 65371997
84254051 65371602
84254051 37459275
84254051 77214451
84254051 23857805
84254051 4930177
84254051 6897064
84254051 14851345
84254051 65488599
84254051 65467671
84254051 61721125
127386137 79272727
127386137 37459275
127386137 77214451
127386137 23857805
127386137 30491054
127386137 10970890
127386137 61721125
49047546 64947836
44638886 45222443
44638886 10970890
44638886 61721125
148747230 64947836
148747230 61721125
6897064 56611865
6897064 127448281
6897064 64947836
6897064 27500083
6897064 18098730
6897064 79272727
6897064 37459275
6897064 77214451
6897064 67202085
6897064 4424104
6897064 10970890
6897064 84254051
6897064 127196645
6897064 31311939
6897064 65467671
6897064 61721125
97407279 64947836
97407279 65488599
97407279 61721125
67202085 64947836
67202085 6897064
67202085 4424104
67202085 10970890
67202085 61721125
67202085 65467671
67202085 31311939
56611865 64947836
56611865 37459275
56611865 1773428
56611865 23857805
56611865 10970890
56611865 31311939
56611865 61721125
65371602 127448281
65371602 64947836
65371602 120988064
65371602 65371997
65371602 45505931
65371602 37459275
65371602 129076619
65371602 77214451
65371602 14851345
65371602 4424104
65371602 10970890
65371602 67243551
65371602 84254051
65371602 31311939
65371602 65467671
65371602 65488599
65371602 27500083
65371602 61721125
30326566 64700424
30326566 27500083
30326566 1773428
30326566 23857805
30326566 4930177
30326566 14851345
30326566 4424104
30326566 34581769
30326566 31311939
30326566 65467671
30326566 128370525
60784450 127448281
60784450 10970890
60784450 67243551
60784450 127298864
60784450 128370525
60784450 61239759
60784450 61721125
37459275 56611865
37459275 64700424
37459275 64947836
37459275 27500083
37459275 65371997
37459275 129076619
37459275 1773428
37459275 77214451
37459275 23857805
37459275 4930177
37459275 25266384
37459275 43968378
37459275 6897064
37459275 14851345
37459275 7273413
37459275 30491054
37459275 4424104
37459275 10970890
37459275 67243551
37459275 127196645
37459275 31311939
37459275 65467671
37459275 128370525
37459275 61239759
37459275 61721125
60890508 4930177
60890508 10970890
60890508 61721125
127448281 27500083
127448281 65371602
127448281 77214451
127448281 6897064
127448281 31311939
127448281 128370525
127448281 61721125
69320230 64947836
69320230 45222443
69320230 61721125
82513902 127448281
82513902 27500083
82513902 4424104
82513902 10970890
82513902 61721125
44348391 64947836
44348391 27500083
44348391 37459275
44348391 14851345
44348391 10970890
44348391 61721125
44348391 128370525
44348391 65467671
44348391 31311939
27340756 64947836
27340756 65371997
27340756 82653131
27340756 4424104
27340756 65467671
27340756 61721125
34581769 30326566
34581769 8166653
34581769 64947836
34581769 27500083
34581769 18098730
34581769 82653131
34581769 79272727
34581769 129076619
34581769 65362313
34581769 77214451
34581769 23857805
34581769 4424104
34581769 10970890
34581769 31311939
34581769 65467671
34581769 128370525
34581769 61721125
128370525 30326566
128370525 127448281
128370525 64947836
128370525 27500083
128370525 65371997
128370525 65371602
128370525 79272727
128370525 37459275
128370525 77214451
128370525 25266384
128370525 14851345
128370525 7273413
128370525 61721125
24779741 64700424
24779741 64947836
24779741 27500083
24779741 65371997
24779741 23857805
24779741 14851345
24779741 10970890
24779741 84254051
24779741 31311939
24779741 65467671
24779741 61721125
61721125 61576941
61721125 7273413
61721125 65467671
61721125 25392447
61721125 37459275
61721125 84254051
61721125 31311939
61721125 8166653
61721125 23857805
61721125 79272727
61721125 128370525
61721125 65488599
61721125 67243551
61721125 127448281
61721125 10970890
61721125 43979985
61721125 34581769
61721125 27500083
61721125 77214451
61721125 127298864
61721125 65371997
61721125 14851345
61721125 128875537
61721125 60890508
61721125 129076619
61721125 64947836
61721125 61239759
61721125 27340756
61721125 65362313
61576941 77214451
61576941 4930177
61576941 60890508
61576941 4424104
61576941 25392447
61576941 61721125
65371997 27500083
65371997 27340756
65371997 65371602
65371997 79272727
65371997 37459275
65371997 129076619
65371997 65362313
65371997 23857805
65371997 25266384
65371997 24779741
65371997 10970890
65371997 67243551
65371997 65488599
65371997 84254051
65371997 128370525
65371997 61239759
65371997 61721125
30491054 8166653
30491054 128688644
30491054 64947836
30491054 37459275
30491054 77214451
30491054 23857805
30491054 7273413
30491054 127386137
30491054 4424104
30491054 10970890
30491054 128370525
30491054 61721125
1773428 56611865
1773428 30326566
1773428 127448281
1773428 64947836
1773428 120988064
1773428 27500083
1773428 18098730
1773428 82653131
1773428 79272727
1773428 37459275
1773428 129076619
1773428 65362313
1773428 23857805
1773428 4930177
1773428 43979985
1773428 67202085
1773428 14851345
1773428 4424104
1773428 10970890
1773428 31311939
1773428 65467671
1773428 128370525
1773428 61239759
1773428 61721125
83761017 45505931
83761017 61721125
79272727 56611865
79272727 64947836
79272727 65371997
79272727 37459275
79272727 129076619
79272727 65362313
79272727 1773428
79272727 6897064
79272727 231706947
79272727 127386137
79272727 4424104
79272727 34581769
79272727 10970890
79272727 67243551
79272727 127298864
79272727 128370525
79272727 61239759
79272727 23857805
79272727 4930177
79272727 27500083
79272727 61721125
18098730 56611865
18098730 64947836
18098730 27500083
18098730 37459275
18098730 1773428
18098730 77214451
18098730 6897064
18098730 4424104
18098730 34581769
18098730 128370525
18098730 61721125
65415853 64947836
65415853 61721125
139330995 61721125
139330995 65467671
139330995 77214451
129076619 56611865
129076619 64700424
129076619 64947836
129076619 27500083
129076619 65371997
129076619 79272727
129076619 37459275
129076619 65362313
129076619 4424104
129076619 10970890
129076619 61721125
129076619 25392447
4930177 30326566
4930177 8166653
4930177 64700424
4930177 127448281
4930177 64947836
4930177 3444246
4930177 37459275
4930177 65362313
4930177 1773428
4930177 77214451
4930177 61576941
4930177 14851345
4930177 60890508
4930177 4424104
4930177 10970890
4930177 127196645
4930177 31311939
4930177 65467671
4930177 23857805
4930177 79272727
4930177 61721125
127298864 61721125
64700424 30326566
64700424 64947836
64700424 27500083
64700424 37459275
64700424 129076619
64700424 4930177
64700424 25266384
64700424 10970890
64700424 65467671
64700424 61239759
64700424 61721125
67243551 65371997
67243551 37459275
67243551 14851345
67243551 127196645
67243551 61721125
67243551 65467671
67243551 127298864
43979985 64947836
43979985 61721125
43979985 127298864
3444246 8166653
3444246 64947836
3444246 23857805
3444246 4930177
3444246 4424104
3444246 34581769
3444246 31311939
127937263 61721125
77214451 127448281
77214451 64947836
77214451 27500083
77214451 18098730
77214451 60784450
77214451 82513902
77214451 37459275
77214451 65362313
77214451 61576941
77214451 4930177
77214451 25266384
77214451 6897064
77214451 14851345
77214451 231706947
77214451 7273413
77214451 127386137
77214451 4424104
77214451 34581769
77214451 10970890
77214451 84254051
77214451 65467671
77214451 128370525
77214451 61239759
77214451 61721125
65362313 56611865
65362313 64947836
65362313 65371997
65362313 79272727
65362313 37459275
65362313 129076619
65362313 1773428
65362313 77214451
65362313 23857805
65362313 4930177
65362313 4424104
65362313 34581769
65362313 10970890
65362313 65467671
65362313 61721125
44806533 61721125
64947836 56611865
64947836 64700424
64947836 128688644
64947836 27500083
64947836 18098730
64947836 27340756
64947836 79272727
64947836 37459275
64947836 129076619
64947836 23857805
64947836 25266384
64947836 4424104
64947836 10970890
64947836 127196645
64947836 65467671
64947836 128370525
64947836 61721125
97367612 127937263
45222443 44638886
45222443 69320230
65488599 8166653
65488599 127448281
65488599 65371997
65488599 97407279
65488599 136797516
65488599 14851345
65488599 4424104
65488599 84254051
65488599 65467671
65488599 65371602
65488599 27500083
65488599 61721125
25392447 4424104
25392447 120988064
25392447 129076619
25392447 27500083
25392447 61721125
45505931 64947836
45505931 65371602
45505931 57126458
45505931 4424104
45505931 83761017
45505931 277073979
45505931 61721125
61099278 127298864
65467671 56611865
65467671 30326566
65467671 64700424
65467671 127448281
65467671 64947836
65467671 27500083
65467671 27340756
65467671 65371602
65467671 37459275
65467671 65362313
65467671 1773428
65467671 77214451
65467671 23857805
65467671 4930177
65467671 139330995
65467671 24779741
65467671 6897064
65467671 67202085
65467671 14851345
65467671 231706947
65467671 7273413
65467671 44348391
65467671 4424104
65467671 10970890
65467671 65488599
65467671 84254051
65467671 127196645
65467671 31311939
65467671 61239759
65467671 61721125
27500083 30326566
27500083 8166653
27500083 64700424
27500083 127448281
27500083 64947836
27500083 120988064
27500083 18098730
27500083 65371997
27500083 37459275
27500083 129076619
27500083 1773428
27500083 77214451
27500083 25266384
27500083 24779741
27500083 6897064
27500083 14851345
27500083 44348391
27500083 4424104
27500083 10970890
27500083 84254051
27500083 127196645
27500083 65467671
27500083 128370525
27500083 65371602
27500083 23857805
27500083 65488599
27500083 79272727
27500083 25392447
27500083 61721125
31311939 56611865
31311939 30326566
31311939 127448281
31311939 65371602
31311939 3444246
31311939 37459275
31311939 1773428
31311939 4930177
31311939 25266384
31311939 24779741
31311939 6897064
31311939 67202085
31311939 14851345
31311939 44348391
31311939 4424104
31311939 34581769
31311939 65467671
31311939 61721125
57126458 64947836
57126458 45505931
57126458 37459275
57126458 61721125
8166653 127448281
8166653 27500083
8166653 79272727
8166653 3444246
8166653 37459275
8166653 4930177
8166653 231706947
8166653 30491054
8166653 4424104
8166653 34581769
8166653 10970890
8166653 65488599
8166653 84254051
8166653 61721125
93455588 61721125
