833534854 815262567
833534854 489179644
20609392 11319532
521859328 489179644
60322454 489179644
164390778 74829159
164390778 18704018
164390778 521859328
301956613 11319532
301956613 833534854
301956613 18704018
815262567 98737351
815262567 489179644
815262567 833534854
815262567 59741458
815262567 11319532
815262567 74829159
11319532 815262567
11319532 74829159
11319532 59741458
11319532 301956613
11319532 489179644
11319532 98737351
11319532 20609392
11319532 18704018
489179644 833534854
489179644 11319532
489179644 74829159
489179644 59741458
489179644 815262567
489179644 98737351
18704018 98737351
18704018 268792796
18704018 301956613
18704018 833371636
18704018 142809320
18704018 11319532
18704018 41275879
18704018 521859328
18704018 60322454
142809320 489179644
694773354 815262567
833371636 833534854
74829159 815262567
74829159 489179644
74829159 11319532
98737351 11319532
98737351 815262567
98737351 833534854
98737351 489179644
98737351 59741458
98737351 18704018
59741458 815262567
59741458 489179644
