836612297 127310929
836612849 127310929
219667760 158527285
836613189 127310929
236368760 127310929
173594559 158527285
320545589 127310929
836614369 127310929
828490054 127310929
604332801 127310929
57070103 500954976
836614417 127310929
747188300 127310929
491079887 151710989
491079887 127310929
600326539 127310929
836614326 127310929
747151556 127310929
52608755 127310929
89860687 127310929
273304147 127310929
787852997 127310929
500936565 127310929
54253280 127310929
500951762 127310929
501025362 127310929
517179424 127310929
500955848 127310929
608288496 127310929
445692779 158527285
836613596 158527285
151710989 491079887
29258109 127310929
197442176 434634253
500960015 127310929
426556184 127310929
57069195 127310929
130021119 173594559
836614950 127310929
539819036 127310929
506894946 127310929
506894946 158527285
369399984 158527285
814868792 127310929
501009859 127310929
498201457 158527285
805736747 127310929
836613479 127310929
12630540 127310929
836612638 127310929
20832818 127310929
836614465 127310929
665949225 127310929
836614534 127310929
178553038 127310929
537951687 127310929
124033594 127310929
747252363 127310929
401977041 127310929
836185470 127310929
602527682 127310929
665947875 127310929
836614112 500954976
836614112 127310929
21697981 127310929
172721676 127310929
500954976 836614112
500954976 127310929
444057758 127310929
200015384 127310929
200068718 127310929
200068718 158527285
747078905 127310929
158527285 127310929
500961076 127310929
360821518 127310929
61268224 127310929
836612234 158527285
241253094 127310929
92591610 127310929
508097644 158527285
