32124757 28831811
32124757 34659802
32124757 23853847
39808034 8437378
100904131 8437378
23598073 8437378
205093426 8437378
58409851 8437378
58409851 39808034
133746410 8437378
24679236 8437378
152627667 8437378
512365034 8437378
23853847 32124757
23853847 28831811
23853847 57650568
23853847 152914419
23853847 85054213
23853847 34659802
23853847 49212320
23853847 152919551
23853847 36687373
23853847 58247775
23853847 8437378
23853847 152671213
23853847 58488737
700585768 8437378
8437378 129442791
8437378 39808034
8437378 4833492
152927103 8437378
152927103 152934974
156669654 8437378
57640908 8437378
305674406 8437378
733125 514013945
39282993 8437378
834026695 8437378
391971352 8437378
58034192 8437378
74459839 8437378
131123567 8437378
58287093 8437378
364243082 8437378
96753650 8437378
558989017 8437378
422624568 8437378
34659802 32124757
34659802 8437378
34659802 23853847
152702450 8437378
49212320 58178836
49212320 8437378
49212320 23853847
152797447 8437378
152797447 152627667
152797447 754856749
58384939 8437378
514013945 733125
58247775 8437378
58247775 23853847
4833492 8437378
580984181 8437378
152932854 8437378
421499566 8437378
680273732 8437378
566862309 8437378
833660026 8437378
152914419 8437378
152914419 23853847
152671213 8437378
152671213 23853847
49252887 8437378
152449011 8437378
129442791 58178836
129442791 8437378
14689302 23853847
14689302 8437378
17803279 8437378
98567842 8437378
477856693 8437378
152833792 8437378
28574819 8437378
152669603 8437378
32932906 8437378
50101162 8437378
50101162 129442791
152628477 8437378
754856749 152797447
754856749 8437378
313014660 733125
192302534 8437378
58488737 8437378
58488737 23853847
30408272 8437378
58011569 8437378
152912132 8437378
95647433 8437378
28831811 32124757
28831811 23853847
36687373 85054213
36687373 8437378
348260115 8437378
57650568 23853847
836345221 8437378
566584844 8437378
58383043 8437378
125795883 8437378
58178836 8437378
201060591 8437378
152934974 8437378
152934974 152927103
85054213 8437378
85054213 36687373
85054213 23853847
58282664 8437378
210187712 8437378
16282105 8437378
33667245 8437378
152919551 8437378
152919551 23853847
