833366451 134591608
833366451 771560495
833366451 833298800
833366451 771560492
833366451 771560494
833366451 833366458
224242791 134591608
224242791 771560495
434669576 134591608
434669576 771560492
434669576 833298800
434669576 771560494
434669576 156067716
434669576 667118807
434669576 199750227
434669576 59672420
434669576 19761607
833366458 134591608
833366458 833366451
833366458 833298800
833366458 771560492
833366458 771560494
13604223 134591608
13604223 771560494
8047670 771560494
8047670 734451329
833574106 134591608
833574106 542595670
833574106 833298800
833574106 734451329
833574106 771560494
771560495 542595670
771560495 771560494
771560495 833298800
771560495 134591608
771560495 771560492
771560495 833366341
771560495 734451329
771560495 306648151
771560495 19761607
674499467 134591608
833492518 134591608
833492518 36815257
306648151 833366451
306648151 833298800
306648151 134591608
306648151 156067716
306648151 833392068
306648151 734451329
306648151 19761607
306648151 771560495
306648151 36815257
306648151 542595670
306648151 833366341
809474823 218473612
809474823 771560495
809474823 833366341
809474823 771560492
809474823 734451329
809474823 771560494
809474823 833366458
578908401 833298800
578908401 833366451
578908401 542595670
578908401 306648151
578908401 771560494
578908401 771560492
578908401 833366341
578908401 134591608
578908401 833366458
578908401 734451329
578908401 19761607
578908401 771560495
833392180 19761607
833392180 771560495
833392180 134591608
218473612 134591608
218473612 19761607
218473612 771560495
218473612 36815257
218473612 542595670
218473612 306648151
218473612 833298800
218473612 771560492
218473612 734451329
218473612 771560494
218473612 809474823
587990127 542595670
587990127 306648151
199675315 771560492
199675315 134591608
199675315 19761607
254460801 134591608
833392200 134591608
833392200 771560495
833392200 833366341
833392200 734451329
833392200 771560494
22244356 771560495
22244356 166531643
22244356 542595670
22244356 134591608
134591608 771560495
134591608 833298800
134591608 771560492
134591608 771560494
134591608 833366458
134591608 833366451
199750227 833366458
199750227 134591608
199750227 19761607
199750227 771560495
199750227 306648151
199750227 833298800
199750227 771560492
199750227 734451329
199750227 156067716
199750227 771560494
689362530 134591608
689362530 771560495
395187832 199675315
395187832 134591608
395187832 833298800
395187832 542595670
395187832 771560495
771560492 771560494
771560492 134591608
771560492 833366458
771560492 833366451
771560492 833298800
118323095 300013878
118323095 771560494
118323095 771560492
118323095 734451329
118323095 833366341
118323095 833392068
118323095 246591328
118323095 134591608
118323095 833298800
118323095 833492569
118323095 833366451
118323095 833366458
118323095 306648151
118323095 542595670
118323095 19761607
118323095 771560495
118323095 36815257
734451329 833366458
734451329 771560494
734451329 134591608
734451329 8047670
734451329 833366451
734451329 19761607
734451329 771560495
734451329 36815257
734451329 542595670
734451329 833366341
734451329 306648151
734451329 833298800
734451329 771560492
544116660 134591608
544116660 833298800
544116660 771560492
638436587 134591608
638436587 771560495
833298800 833366451
833298800 771560492
833298800 771560494
833298800 134591608
833298800 833366458
833298800 771560495
833298800 542595670
300013878 833366451
300013878 833366458
300013878 771560494
300013878 833492569
300013878 199750227
300013878 134591608
300013878 19761607
300013878 771560495
300013878 36815257
300013878 118323095
300013878 59672420
300013878 542595670
300013878 833366341
300013878 306648151
300013878 833298800
300013878 771560492
300013878 833392068
300013878 734451329
300013878 156067716
771560494 833366451
771560494 134591608
771560494 833366458
771560494 771560495
771560494 542595670
771560494 833366341
771560494 306648151
771560494 833298800
771560494 771560492
771560494 734451329
833392068 833366458
833392068 833492569
833392068 771560495
833392068 542595670
833392068 306648151
19761607 833366341
19761607 734451329
19761607 771560495
19761607 833366451
19761607 134591608
19761607 771560494
19761607 833298800
19761607 306648151
19761607 199750227
19761607 300013878
19761607 542595670
19761607 833366458
19761607 36815257
19761607 771560492
19761607 156067716
579340786 734451329
579340786 134591608
579340786 771560494
740597979 734451329
740597979 771560494
740597979 542595670
740597979 134591608
740597979 833298800
156067716 300013878
156067716 833366458
156067716 134591608
156067716 199750227
156067716 19761607
156067716 22244356
156067716 434669576
156067716 771560495
156067716 59672420
156067716 542595670
156067716 306648151
156067716 833298800
156067716 199675315
156067716 771560492
156067716 734451329
542595670 306648151
542595670 166531643
542595670 833298800
542595670 771560492
542595670 833492569
542595670 134591608
542595670 771560494
542595670 833392068
542595670 833366341
542595670 734451329
542595670 19761607
542595670 771560495
218348781 134591608
218348781 771560492
218348781 734451329
218348781 771560495
833366341 833366458
833366341 306648151
833366341 771560494
833366341 134591608
833366341 833298800
833366341 734451329
833366341 19761607
833366341 771560495
833366341 542595670
59672420 300013878
59672420 833366458
59672420 156067716
59672420 134591608
59672420 771560492
59672420 19761607
59672420 434669576
59672420 771560495
155777879 134591608
155777879 833366458
155777879 771560494
155777879 19761607
155777879 771560495
155777879 833298800
155777879 771560492
667118807 771560492
667118807 156067716
667118807 134591608
667118807 542595670
667118807 833366458
667118807 306648151
667118807 19761607
667118807 434669576
667118807 771560495
36815257 134591608
36815257 833298800
36815257 833392068
36815257 542595670
36815257 306648151
36815257 833492518
36815257 833366341
36815257 118323095
36815257 300013878
36815257 734451329
36815257 166531643
36815257 833366451
36815257 833492569
36815257 771560492
36815257 771560494
36815257 19761607
36815257 771560495
166531643 134591608
166531643 771560495
166531643 542595670
246591328 734451329
246591328 771560492
246591328 134591608
246591328 771560494
246591328 833366458
246591328 833366451
246591328 19761607
246591328 771560495
246591328 118323095
246591328 833366341
246591328 306648151
246591328 833298800
