58265014 4114116
58265014 298849520
58265014 58184117
58265014 130388857
58265014 52450783
7963908 199836633
7963908 298849520
7963908 37080791
7963908 58184117
7963908 130388857
7963908 52450783
298849520 298834423
298849520 29189018
298849520 58265014
298849520 4114116
298849520 7963908
298849520 58184117
298849520 421455511
298849520 833297876
298849520 130388857
130388857 833297876
130388857 298849520
130388857 58184117
130388857 7963908
130388857 85172520
130388857 421455511
130388857 29189018
130388857 199836633
130388857 152593797
130388857 58265014
130388857 52450783
163886861 52450783
29189018 58265014
29189018 298849520
29189018 130388857
29189018 52450783
96044 130388857
96044 52450783
199836633 7963908
199836633 130388857
349769334 58265014
74940676 52450783
85172520 58184117
85172520 130388857
421455511 58184117
421455511 298849520
421455511 21926415
421455511 52450783
421455511 130388857
37080791 7963908
37080791 638323402
37080791 58184117
37080791 130388857
37080791 52450783
298834423 52450783
298834423 58184117
298834423 298849520
4114116 58265014
4114116 298849520
4114116 130388857
89084485 152593797
833297876 7963908
833297876 298849520
833297876 58184117
833297876 52450783
833297876 130388857
152593797 130388857
152593797 89084485
638323402 37080791
298848587 58184117
298848587 130388857
298848587 52450783
58184117 4114116
58184117 7963908
58184117 37080791
58184117 58265014
58184117 298849520
58184117 421455511
58184117 85172520
58184117 833297876
58184117 58246036
58184117 130388857
58184117 52450783
58246036 58184117
58246036 52450783
52450783 81377304
52450783 58184117
52450783 130388857
52450783 298834423
21926415 58265014
21926415 58184117
21926415 421455511
21926415 130388857
21926415 52450783
