4922308 84572928
50691429 127484890
74862124 127484890
74862124 130716451
1246283 127484890
34624019 127484890
51832292 127484890
144519504 127484890
144519504 289192632
144519504 225415661
144519504 303242167
51620945 127484890
67613979 127484890
103268 637926592
103268 303362188
204191882 127484890
81784034 127484890
161099246 660876888
449520172 127484890
142889727 127484890
350210613 127484890
114409441 12360679
114409441 127484890
637926592 155578662
637926592 103268
637926592 692139392
835922320 127484890
72142157 127484890
103338341 127484890
103338341 12207513
84572928 4922308
130716451 127484890
130716451 12207513
130716451 74862124
384208044 127484890
749532585 127484890
96562550 127484890
693455759 127484890
660876888 546606438
660876888 161099246
140211586 127484890
154247475 127484890
98825697 127484890
144539363 144519504
203504747 127484890
94840150 127484890
12207513 130716451
22167264 127484890
155727118 127484890
289192632 144519504
12360679 114409441
155578662 637926592
138644683 127484890
382955723 127484890
163855477 127484890
384653199 127484890
546606438 660876888
148143253 127484890
771699173 127484890
34291046 127484890
303242167 144519504
453526057 127484890
303362188 103268
32978622 127484890
692139392 637926592
631291013 127484890
225415661 144519504
47317149 127484890
225291188 127484890
