32320213 18108921
421483745 18108921
421483745 11847053
39335481 52450783
39335481 13789716
39335481 11847053
575625835 364191578
575625835 11847053
575625835 58381306
217337622 110413446
55249062 58381306
55249062 11847053
36201744 13789716
36201744 52450783
36201744 58381306
36201744 11847053
18108921 52450783
18108921 49258002
18108921 58381306
18108921 11847053
110413446 217337622
110413446 13789716
110413446 11847053
110413446 39335481
55237472 11847053
208420170 13789716
833270686 11847053
50627668 52450783
50627668 11847053
36098081 11847053
11185604 11847053
11847053 605041131
11847053 575625835
11847053 421483745
11847053 36098081
11847053 758004696
11847053 11185604
11847053 833313429
11847053 49258002
11847053 13789716
11847053 37932887
11847053 6780216
11847053 36201744
11847053 52450783
11847053 58381306
11847053 72475360
11847053 18108921
11847053 61087031
11847053 833270686
11847053 581006198
11847053 50627668
11847053 110413446
11847053 55249062
11847053 58004018
11847053 39335481
758004696 11847053
758004696 58381306
605041131 11847053
605041131 52450783
61087031 11847053
61087031 52450783
49258002 52450783
49258002 11847053
49258002 58381306
35338465 18108921
35338465 52450783
35338465 58381306
35338465 11847053
833313429 11847053
72475360 11847053
13789716 18108921
13789716 36201744
13789716 52450783
13789716 208420170
13789716 58381306
13789716 11847053
13789716 39335481
581006198 11847053
6780216 52450783
6780216 11847053
52450783 13789716
52450783 58381306
52450783 11847053
52450783 39335481
58381306 52450783
58381306 18108921
58381306 13789716
58381306 758004696
58381306 11847053
37932887 11847053
364191578 18108921
364191578 575625835
364191578 55249062
364191578 11847053
364191578 58381306
58004018 11847053
