527548591 300049382
527548591 127396945
36625092 127396945
52399981 115797436
52399981 127396945
186570191 115797436
186570191 674314198
186570191 127396945
154233010 127396945
154233010 115797436
59506261 127396945
57451708 182311026
57451708 115797436
57451708 127396945
56138674 127396945
176075073 127396945
33078111 127396945
144539018 182311026
144539018 263463749
144539018 115797436
144539018 127396945
61258241 127396945
300049382 29834580
300049382 127396945
57452748 127396945
115797436 154233010
115797436 182311026
115797436 144539018
115797436 127396945
182311026 115797436
238536675 127396945
118898917 159796006
263463749 144539018
455751438 127396945
131807155 127396945
269700500 115797436
269700500 127396945
2255008 127396945
2255008 29834580
299283469 127396945
44959774 127396945
809488268 115797436
48542170 127396945
135851274 127396945
135851274 115797436
29834580 17407378
29834580 578734597
29834580 2255008
29834580 115797436
29834580 300049382
29834580 238332412
29834580 127396945
190176451 127396945
307783434 127396945
182310982 127396945
6362865 127396945
307693964 201119305
303434805 290506702
303434805 127396945
231972950 127396945
578829284 127396945
545757876 127396945
545757876 115797436
14753418 127396945
45385205 127396945
57456867 127396945
261559244 127396945
159829039 300987049
55569535 115797436
55569535 127396945
300987049 127396945
300987049 159829039
2048386 127396945
578734597 29834580
578734597 127396945
578734597 238332412
578734597 300049382
142681501 127396945
17407378 2255008
17407378 45385205
17407378 29834580
17407378 127396945
17407378 300049382
232708152 127396945
578811981 127396945
201119305 307693964
201119305 182310982
201119305 127396945
283494782 115797436
283494782 127396945
29508485 115797436
277295503 127396945
159796006 118898917
159796006 127396945
578774145 127396945
449776117 115797436
579311618 127396945
50711838 115797436
18680872 127396945
24879390 127396945
55020949 127396945
578792784 127396945
34953225 127396945
395891383 127396945
160303335 127396945
23722165 127396945
527810443 115797436
290506702 127396945
449034011 127396945
578734699 127396945
238332412 2255008
238332412 17407378
238332412 300049382
238332412 29834580
238332412 527548591
238332412 127396945
2254816 127396945
674314198 186570191
578723729 127396945
579230194 127396945
579230194 29834580
460421665 127396945
460421665 115797436
579097386 127396945
60412610 127396945
60412610 115797436
58345663 127396945
58345663 115797436
235414466 127396945
364579964 127396945
