28803903 20424670
28803903 127619362
127619362 127886997
23650563 127727666
57125149 130482058
50905662 27752466
20933488 10580491
20933488 4797050
20933488 6366696
28906690 127886997
28906690 35145278
6073099 3614275
3873697 23650563
780134287 127886997
128285049 127886997
128285049 127727666
48454646 127886997
48454646 20424670
27752466 50905662
27752466 61240207
16731377 127886997
16731377 36095563
4797050 20933488
72146632 20424670
72146632 129620825
72146632 127619362
26521058 129572786
203828091 127886997
112353417 20424670
192470205 61240207
10580491 20315593
10580491 20933488
5039023 127886997
61240207 27752466
61240207 134009627
61240207 192470205
61240207 57408943
20424670 72146632
20424670 129620825
20424670 127619362
57127415 35145278
57408943 127886997
57408943 61240207
57408943 46483252
54401600 46483252
129620825 72146632
129620825 127886997
129620825 20424670
129620825 127619362
129620825 127414041
129572786 26521058
58108629 127886997
104535849 35145278
127727666 127886997
127727666 23650563
128173736 127414041
36373465 127414041
36373465 127727666
36373465 23650563
607200464 20424670
36095563 16731377
35145278 104535849
6366696 20933488
83120056 128688879
127886997 20424670
127886997 127619362
19816490 127886997
49052342 99720442
3614275 6073099
52548981 20424670
127414041 127886997
44670255 127886997
128688879 48921367
99720442 49052342
130482058 57125149
134009627 127886997
299395822 127886997
48921367 128688879
12392273 20424670
75351468 127886997
