72188474 2700040
72188474 200113587
72188474 469959053
72188474 667311451
72188474 50115053
416446742 2700040
416446742 364067289
35489589 2700040
50115053 99009571
50115053 46956199
50115053 2700040
50115053 55025399
50115053 836611123
50115053 366035342
50115053 547342692
50115053 469959053
50115053 163888727
50115053 302970428
50115053 5870512
50115053 72188474
50115053 746035999
50115053 21223656
50115053 434669214
200113587 72188474
532632865 99009571
134143582 388700455
17310530 2700040
99009571 2700040
99009571 532632865
99009571 50115053
163970205 2700040
469959053 50115053
469959053 72188474
547342692 50115053
547342692 10646373
456403329 99111667
98913738 2700040
98913738 138771370
55025399 2700040
55025399 138771370
55025399 50115053
46956199 50115053
667311451 833598856
667311451 388700455
667311451 72188474
138771370 388700455
149261157 2700040
2700040 835804500
2700040 50115053
2700040 163970205
364067289 416446742
364067289 2700040
37605664 135691004
163888727 2700040
77387653 2700040
302970428 50115053
302970428 2700040
163963230 2700040
50729694 833683773
10646373 547342692
434669214 50115053
434669214 2700040
835804500 21223656
835804500 2700040
453149913 79140067
836611123 50115053
836611123 61899173
99111667 456403329
833683773 50729694
79140067 453149913
72873677 2700040
135691004 37605664
68547208 388700455
388700455 667311451
388700455 138771370
833598856 667311451
61899173 836611123
21223656 56173716
21223656 2700040
21223656 835804500
366035342 50115053
746035999 50115053
