130229455 127166676
546874843 127166676
833533408 127166676
517444137 127166676
337577463 127166676
54316999 127166676
58048252 127166676
152897859 152711135
152897859 127166676
152897859 57645542
32353737 127166676
152954552 127166676
128986329 127166676
582338724 127166676
152573449 127166676
152516743 127166676
833349129 127166676
50757592 127166676
27547055 152896236
27547055 12958114
27547055 127166676
27547055 421538058
27547055 57645861
27547055 152797069
27547055 57645542
229008056 127166676
152633918 152711135
152633918 12958114
152633918 127166676
566564616 127166676
582718273 127166676
833308047 57645542
210228364 97087859
210228364 12958114
210228364 127166676
55045565 127166676
50854847 127166676
50854847 57645542
581682430 127166676
581780542 127166676
152725893 127166676
421538058 27547055
421538058 32645679
421538058 127166676
421538058 517444137
152797069 127166676
152797069 27547055
152797069 149527164
152797069 57645542
581037403 127166676
152711135 127166676
49073097 97087859
49073097 127166676
49073097 128986329
49073097 57645542
582359555 127166676
633951436 127166676
210213434 127166676
581271424 127166676
152896236 27547055
152896236 127166676
581119980 127166676
58403619 127166676
58403619 57645542
60996282 127166676
12958114 152797069
12958114 210228364
12958114 27547055
12958114 728413884
12958114 97087859
12958114 57645861
12958114 152574854
12958114 127166676
12958114 57645542
54180693 229008056
54180693 127166676
54180693 57645542
581457638 127166676
57645861 12958114
57645861 152574854
57645861 127166676
57645861 27547055
57645861 57645542
152574854 57645861
152574854 12958114
152574854 127166676
152574854 57645542
147393457 127166676
210200138 127166676
215757273 127166676
32645679 97087859
32645679 127166676
32645679 421538058
32645679 57645542
152812543 127166676
54488471 127166676
54488471 57645542
601628012 127166676
833896088 127166676
728413884 12958114
152938304 127166676
152938304 57645542
199401030 127166676
97087859 210228364
97087859 49073097
97087859 32645679
97087859 12958114
97087859 127166676
97087859 57645542
152931738 127166676
152931738 57645542
277571647 127166676
149527164 127166676
149527164 152797069
149527164 57645542
833337027 127166676
54233034 127166676
626239119 127166676
57645542 50854847
57645542 27547055
57645542 32645679
57645542 57645861
57645542 152938304
57645542 152574854
57645542 54180693
57645542 149527164
57645542 152797069
57645542 833308047
57645542 58048252
57645542 127166676
57645542 152931738
57645542 54488471
57645542 225688329
29804898 127166676
582455587 127166676
299249096 127166676
38388130 127166676
201374915 127166676
229069350 127166676
