37294880 138067281
37294880 128936033
37294880 128661434
37294880 127353524
37294880 23605361
187243268 127353524
132172306 127353524
98933484 163951273
529091596 127353524
312275655 127353524
56841357 128936033
56841357 128661434
56841357 23605361
56841357 161502473
56841357 127353524
56841357 58043019
72524815 127654579
72524815 128661434
72524815 58043019
72524815 127353524
72524815 23605361
78213027 23605361
161502473 515324959
161502473 128661434
161502473 58043019
161502473 56841357
161502473 23605361
440904929 84986467
440904929 127353524
359489643 296617755
220539792 127353524
388141143 128661434
296472207 127353524
296472207 461291258
662363105 138067281
71300314 58043019
56075493 58043019
56075493 127353524
56075493 23605361
305560510 296617755
56889764 128661434
56889764 23605361
56889764 127353524
128597006 127353524
128597006 299307308
308969824 127353524
308969824 58043019
79778162 138067281
79778162 128936033
79778162 515324959
79778162 128661434
79778162 58043019
79778162 127353524
79778162 23605361
130276548 58043019
138067281 23605361
138067281 538501808
138067281 79778162
138067281 127654579
8545563 128661434
515324959 128936033
515324959 296617755
515324959 58043019
515324959 127353524
515324959 23605361
446001189 127353524
446001189 23605361
80364038 128936033
80364038 79778162
80364038 515324959
80364038 128661434
80364038 58043019
80364038 538501808
80364038 127353524
80364038 23605361
71198605 84986467
71198605 127353524
71198605 118074680
71198605 23605361
519182475 138067281
519182475 296617755
519182475 538501808
566031258 127353524
128936033 23605361
128936033 127353524
128936033 515324959
446185916 800457196
800457196 296617755
800457196 446185916
164829811 127353524
164829811 296617755
192748036 127353524
296617755 128661434
296617755 163951273
296617755 127353524
296617755 23605361
9857656 128936033
9857656 296472207
9857656 128661434
9857656 23605361
54423639 296617755
54423639 127353524
514007026 127353524
127353524 56889764
127353524 56075493
127353524 128936033
127353524 296472207
127353524 296617755
127353524 136444861
127353524 128661434
127353524 58043019
127353524 72524815
127353524 312275655
127353524 128597006
127353524 71198605
127353524 50626548
127353524 164829811
127353524 23605361
127353524 514007026
127353524 440904929
538501808 138067281
165160268 127353524
23605361 78299831
23605361 56889764
23605361 56075493
23605361 138067281
23605361 128936033
23605361 138427673
23605361 79778162
23605361 515324959
23605361 296617755
23605361 128661434
23605361 58043019
23605361 127353524
23605361 161502473
23605361 71198605
23605361 80364038
23605361 56841357
23605361 9857656
174660141 127353524
174660141 50626548
174660141 23605361
547020748 127353524
547020748 299307308
724691876 127353524
528743743 127353524
130227514 127353524
78299831 128936033
78299831 23605361
836614514 296617755
118074680 128661434
118074680 127353524
118074680 71198605
210989987 138067281
210989987 71198605
210989987 127353524
203751124 127353524
203751124 71198605
161479047 128661434
299923017 23605361
299923017 58043019
299923017 128661434
296463815 128661434
296463815 127353524
58043019 138067281
58043019 130276548
58043019 515324959
58043019 128661434
58043019 127353524
58043019 23605361
685413542 296617755
136444861 127353524
84986467 71198605
84986467 440904929
139135781 296617755
163951273 98933484
163951273 296617755
163951273 23605361
285387006 127353524
164377422 127353524
243311847 127353524
836337178 296472207
50626548 174660141
50626548 127353524
50626548 23605361
461291258 296472207
461291258 128661434
461291258 127353524
138427673 58043019
138427673 127353524
138427673 23605361
127654579 138067281
127654579 515324959
128661434 58043019
128661434 127353524
128661434 23605361
