107674605 127471447
836612774 127471447
148536608 127471447
160302784 127471447
38207359 127471447
297727133 127471447
393253450 127471447
241070421 127471447
25282945 127471447
206009668 127471447
217175269 127471447
54306266 127471447
147979313 127471447
57224755 127471447
57224755 128660610
152093852 127471447
134998105 128660610
134998105 297120503
134998105 127471447
134998105 138560607
244151891 128660610
244151891 127471447
241127992 127471447
152668273 127471447
217131525 127471447
62216654 127471447
328429184 127471447
257436987 297120503
132491610 127471447
239890114 127471447
239838364 127471447
292632439 127471447
107668500 127471447
15981848 127471447
289443458 127471447
244625841 127471447
267176522 127471447
56935940 297120503
56935940 127471447
166903022 127471447
266231678 127471447
128660610 297120503
128660610 127471447
128660610 57224755
128660610 206009668
128660610 138560607
128660610 134998105
279069370 127471447
286669474 127471447
54209795 127471447
54209795 242043708
216087840 107668500
150306522 127471447
242043708 127471447
62148229 127471447
75286322 128660610
64425405 127471447
130595303 127471447
68932932 127471447
297120503 127471447
297120503 257436987
297120503 128660610
228962904 147979313
228962904 127471447
57190220 127471447
217151667 127471447
234083760 127471447
836614191 127471447
207355729 127471447
132445442 127471447
244708767 127471447
244708767 128660610
263440629 127471447
23882759 127471447
296455778 297120503
228354900 127471447
228354900 533908535
38804421 127471447
36129579 127471447
232486135 127471447
246521192 127471447
160304555 127471447
160304555 128660610
278457295 127471447
295794943 127471447
533908535 228354900
242495413 127471447
