21079493 70090544
21079493 31085043
21079493 129261868
21079493 28902827
21079493 16751515
21079493 349611700
21079493 49802102
21079493 128394319
21079493 24284070
38653858 129261868
38653858 31085043
38653858 28902827
38653858 37718213
36020845 57847524
27661377 836556746
27661377 129261868
27661377 11259329
27661377 131087311
50651698 217741080
50651698 129261868
50651698 70090544
50651698 349611700
50651698 98248290
50651698 19561338
50651698 58103864
50651698 36955642
50651698 499317667
50651698 50623551
50651698 107585973
50651698 28902827
50651698 49802102
50651698 131087311
50651698 16751515
50651698 4050444
50651698 53933417
50651698 499319649
50651698 49340204
50651698 27439274
50651698 10102116
50651698 37718213
50651698 45223019
50651698 45222993
50651698 169145524
16751515 129261868
16751515 28902827
16751515 19561338
16751515 31085043
16751515 21079493
16751515 134344864
16751515 36955642
16751515 50623551
16751515 44526700
16751515 454829548
16751515 499319649
16751515 169145524
16751515 4050444
16751515 499317667
16751515 154361690
16751515 58103864
16751515 349611700
16751515 49802102
16751515 199958655
16751515 65477686
16751515 49340204
16751515 128394319
16751515 33829567
16751515 108032732
16751515 131087311
16751515 58149328
16751515 50651698
16751515 563215982
16751515 10102116
16751515 24242956
16751515 37718213
16751515 45223019
16751515 45222993
16751515 57847524
16751515 24284070
17859703 129261868
16656642 24721005
16656642 129261868
16656642 31085043
16656642 28902827
16656642 47982078
24242956 129261868
24242956 349626945
24242956 50623551
24242956 16751515
24242956 107585973
24242956 27661377
24242956 28902827
24242956 108032732
24242956 4050444
24242956 45222993
24242956 57847524
24242956 70090544
24242956 24360234
24242956 37718213
24242956 131087311
24242956 31085043
24242956 107585864
131087311 16751515
131087311 28902827
131087311 45223019
131087311 50651698
24721005 31085043
24721005 70090544
24721005 343858602
24721005 16656642
24721005 45223019
24721005 169145524
108032732 129261868
108032732 16751515
108032732 57847524
58149328 131087311
58149328 154361690
58149328 19561338
58149328 28902827
58149328 129261868
58149328 129834724
58149328 45223019
58149328 57847524
10102116 129261868
10102116 70090544
10102116 4050444
10102116 31085043
10102116 19561338
10102116 58103864
10102116 49802102
10102116 349611700
10102116 217741080
10102116 53933417
10102116 349626945
10102116 50651698
10102116 16751515
10102116 28902827
10102116 37718213
10102116 169145524
49051818 49802102
4050444 70090544
4050444 31085043
4050444 129261868
4050444 349611700
4050444 49802102
4050444 50651698
4050444 10102116
4050444 37718213
4050444 45222993
4050444 169145524
49415055 4050444
49415055 49802102
49415055 349611700
49415055 45222993
49415055 169145524
75197651 129261868
75197651 125509001
219765919 129261868
219765919 70090544
98248290 49802102
98248290 129261868
98248290 152927808
98248290 101696665
24360234 31085043
24360234 28902827
24360234 349611700
24360234 37718213
24360234 24242956
44526700 129261868
44526700 47982078
44526700 349611700
44526700 58103864
129261868 31085043
129261868 24721005
129261868 24360234
129261868 11259329
129261868 21542583
129261868 27439274
129261868 70090544
129261868 107585864
129261868 53933417
129261868 21079493
129261868 36955642
129261868 50623551
129261868 38653858
129261868 28902827
129261868 19561338
129261868 16751515
129261868 499317667
129261868 349611700
129261868 49802102
129261868 101696665
129261868 82118236
129261868 65477686
129261868 49340204
129261868 16656642
129261868 125509001
129261868 131087311
129261868 107585973
129261868 50651698
129261868 75197651
129261868 10102116
129261868 24284070
129261868 24242956
129261868 37718213
129261868 45222993
129261868 169145524
129261868 57847524
123589535 129261868
499317667 129261868
499317667 169145524
199925445 129261868
199925445 19561338
199925445 36955642
199925445 229034862
563215982 16751515
563215982 129261868
563215982 49802102
563215982 108032732
563215982 57847524
563215982 45222993
40107018 70090544
40107018 129261868
40107018 31085043
454829548 11259329
33829567 31085043
33829567 16751515
49802102 58103864
49802102 349611700
49802102 349626945
49802102 16751515
49802102 36955642
49802102 19561338
49802102 50623551
49802102 31085043
49802102 21079493
49802102 499319649
49802102 4050444
49802102 28902827
49802102 129261868
49802102 53933417
49802102 101696665
49802102 217741080
49802102 98248290
49802102 128394319
49802102 798152371
49802102 50651698
49802102 563215982
49802102 47982078
49802102 49051818
49802102 10102116
49802102 37718213
49802102 49415055
49802102 45223019
49802102 45222993
49802102 169145524
49802102 57847524
798153983 31085043
152927808 98248290
21542583 31085043
21542583 129261868
21542583 27661377
21542583 37718213
44896697 129261868
50623551 129261868
50623551 31085043
50623551 36955642
50623551 19561338
50623551 16751515
50623551 349611700
50623551 49802102
50623551 50651698
50623551 47982078
50623551 24242956
50623551 45222993
50623551 169145524
152733988 129261868
152733988 101696665
15986380 125509001
70090544 129261868
70090544 31085043
70090544 219765919
70090544 24721005
70090544 21079493
70090544 28902827
70090544 19561338
70090544 4050444
70090544 49340204
70090544 37718213
70090544 169145524
148070402 125509001
148070402 129261868
82118236 70090544
82118236 19561338
82118236 31085043
82118236 499317667
82118236 129261868
47982078 19561338
47982078 21542583
47982078 349611700
47982078 49802102
47982078 28902827
47982078 49340204
47982078 343858602
47982078 154361690
47982078 50623551
47982078 499317667
47982078 44526700
47982078 16656642
47982078 70090544
47982078 37718213
47982078 45223019
47982078 45222993
53933417 31085043
53933417 107585864
53933417 70090544
53933417 129261868
53933417 28902827
53933417 19561338
53933417 58103864
53933417 349611700
53933417 49802102
53933417 101696665
53933417 108032732
53933417 50651698
53933417 563215982
53933417 10102116
53933417 37718213
53933417 45222993
53933417 169145524
53933417 57847524
101696665 129261868
101696665 53933417
101696665 107585864
101696665 31085043
101696665 49802102
101696665 36955642
101696665 152733988
101696665 98248290
101696665 45223019
349626945 31085043
349626945 28902827
349626945 24242956
349626945 10102116
349626945 49802102
31085043 21542583
31085043 24721005
31085043 24360234
31085043 40107018
31085043 11259329
31085043 65290772
31085043 27439274
31085043 129261868
31085043 70090544
31085043 107585864
31085043 53933417
31085043 21079493
31085043 50623551
31085043 38653858
31085043 28902827
31085043 4050444
31085043 349626945
31085043 16751515
31085043 499317667
31085043 154361690
31085043 49802102
31085043 101696665
31085043 82118236
31085043 65477686
31085043 49340204
31085043 128394319
31085043 16656642
31085043 33829567
31085043 131087311
31085043 107585973
31085043 798153983
31085043 10102116
31085043 37718213
31085043 129834724
31085043 45223019
31085043 45222993
31085043 57847524
31085043 169145524
31085043 19561338
31085043 24242956
128394319 65290772
128394319 31085043
128394319 129261868
128394319 49802102
128394319 16751515
11259329 31085043
11259329 27661377
11259329 454829548
11259329 24284070
37718213 70090544
37718213 10102116
37718213 24360234
37718213 4050444
37718213 65477686
37718213 31085043
37718213 38653858
37718213 28902827
37718213 21542583
37718213 19561338
37718213 349611700
37718213 50651698
37718213 16751515
37718213 107585864
37718213 129261868
37718213 58103864
37718213 50623551
37718213 27439274
37718213 49802102
37718213 45223019
37718213 45222993
37718213 169145524
37718213 24242956
154361690 31085043
154361690 70090544
154361690 16751515
19561338 28902827
19561338 50623551
19561338 129261868
19561338 21079493
19561338 40107018
19561338 70090544
19561338 53933417
19561338 24721005
19561338 4050444
19561338 16751515
19561338 349611700
19561338 49802102
19561338 82118236
19561338 131087311
19561338 107585973
19561338 58149328
19561338 50651698
19561338 47982078
19561338 10102116
19561338 37718213
19561338 45222993
19561338 169145524
19561338 31085043
19561338 24284070
349611700 107585864
349611700 499317667
349611700 70090544
349611700 21079493
349611700 36955642
349611700 53933417
349611700 129261868
349611700 24360234
349611700 50623551
349611700 44526700
349611700 4050444
349611700 154361690
349611700 19561338
349611700 16751515
349611700 49802102
349611700 82118236
349611700 217741080
349611700 65477686
349611700 49340204
349611700 98248290
349611700 798152371
349611700 131087311
349611700 50651698
349611700 47982078
349611700 169145524
349611700 57847524
349611700 45222993
349611700 49415055
349611700 37718213
349611700 10102116
49340204 129261868
49340204 31085043
49340204 349611700
49340204 81765205
49340204 28902827
49340204 499317667
49340204 70090544
49340204 107585864
49340204 50651698
49340204 45222993
49340204 169145524
65290772 31085043
65290772 129261868
65290772 128394319
65290772 24284070
217741080 349611700
217741080 49802102
217741080 10102116
217741080 50651698
24284070 11259329
24284070 65290772
24284070 19561338
49341627 129261868
134344864 28902827
229034862 199925445
83255650 28902827
83255650 129261868
83255650 45222993
58103864 28902827
58103864 16751515
58103864 129261868
58103864 70090544
58103864 108032732
58103864 37718213
58103864 57847524
57847524 98248290
57847524 154361690
57847524 563215982
57847524 53933417
57847524 44194958
57847524 45222993
57847524 499319649
57847524 258000041
57847524 108032732
57847524 131087311
57847524 58103864
57847524 16751515
57847524 349611700
57847524 58149328
57847524 129261868
57847524 45223019
57847524 169145524
27439274 129261868
27439274 28902827
27439274 50651698
27439274 37718213
44960204 169145524
258000041 28902827
258000041 129261868
258000041 57847524
258000041 58103864
199958655 65290772
199958655 129261868
199958655 58103864
199958655 28902827
499319649 129261868
499319649 28902827
499319649 50651698
499319649 49802102
499319649 16751515
125509001 129261868
169145524 19561338
169145524 107585864
169145524 129261868
169145524 57847524
169145524 70090544
169145524 10102116
169145524 31085043
107585864 45222993
107585864 349611700
107585864 28902827
28902827 70090544
28902827 31085043
28902827 27439274
28902827 129261868
28902827 24360234
28902827 38653858
28902827 53933417
28902827 107585864
28902827 134344864
28902827 19561338
28902827 499319649
28902827 349626945
28902827 16751515
28902827 499317667
28902827 58103864
28902827 49802102
28902827 199958655
28902827 128394319
28902827 16656642
28902827 131087311
28902827 50651698
28902827 24242956
28902827 38324590
28902827 45223019
28902827 45222993
836556746 27661377
225623392 125509001
38324590 28902827
44194958 57847524
45222993 107585973
45222993 4050444
45222993 129261868
45222993 16751515
45222993 50623551
45222993 563215982
45222993 37718213
45222993 107585864
45222993 47982078
45222993 49802102
45222993 24242956
45222993 28902827
45222993 50651698
45222993 349611700
45222993 499319649
45222993 19561338
45222993 169145524
45222993 83255650
45223019 108032732
45223019 49802102
45223019 129261868
45223019 50651698
45223019 31085043
45223019 28902827
45223019 47982078
45223019 36955642
45223019 58149328
45223019 131087311
45223019 37718213
45223019 24721005
45223019 16751515
45223019 57847524
107585973 107585864
107585973 129261868
107585973 19561338
107585973 70090544
107585973 50651698
107585973 45222993
36955642 129261868
36955642 107585864
36955642 50623551
36955642 16751515
36955642 199925445
36955642 349611700
36955642 49802102
36955642 101696665
36955642 50651698
36955642 45223019
65477686 31085043
798152371 349611700
798152371 49802102
