160384439 27439105
57451246 44056124
4036503 515373175
44056124 57451246
92818520 40460180
181598855 40460180
103089624 40460180
127777133 40460180
45117223 40460180
515373175 4036503
2453454 40460180
128557759 69377186
82102057 40460180
58028153 155483204
127407794 40460180
50908964 40460180
83120842 40460180
532449004 27439105
69377186 40460180
805397103 40460180
19404812 4036503
127627340 40460180
37659616 69377186
45010082 40460180
45139571 40460180
12216067 40460180
5639844 40460180
155483204 58028153
72143428 36027911
72143428 40460180
13343523 27439105
40460180 127627340
85840186 69377186
127434600 40460180
36027911 72143428
60192195 40460180
418471715 40460180
111078659 40460180
