187267664 132640282
187267664 44595531
216074226 129055243
216074226 35082427
132640282 208448841
132640282 44120626
208448841 28406727
208448841 107237031
208448841 44120626
208448841 132640282
208448841 208567677
208448841 57225346
208448841 301961881
208448841 20374136
208448841 12879946
208448841 127200385
208448841 171771729
208448841 75383360
208448841 48660636
28662524 208448841
57225346 28406727
57225346 11009956
57225346 96198531
57225346 208448841
57225346 42384153
57225346 187267664
57225346 44120626
57225346 447950575
57225346 132640282
57225346 44595531
57225346 208456681
57225346 301961881
57225346 305428790
57225346 62290392
57225346 8201479
57225346 20374136
57225346 12879946
57225346 44808021
57225346 97531528
57225346 127200385
57225346 171771729
57225346 48660636
57225346 75383360
57225346 230925848
44595531 28406727
44595531 107237031
44595531 96198531
44595531 208448841
44595531 187267664
44595531 301961881
44595531 127200385
44595531 75383360
14125675 127200385
96198531 208448841
96198531 555497301
96198531 301961881
96198531 48660636
96198531 127200385
831905965 208448841
62290392 13615183
62290392 20374136
62290392 127200385
62290392 34754250
555497301 127200385
394218107 127200385
13615183 62290392
13615183 20374136
171771729 28406727
171771729 208448841
171771729 42384153
171771729 132640282
171771729 208567677
171771729 57225346
171771729 301961881
171771729 48660636
166662156 127200385
56163502 127200385
536158082 12879946
2238049 127200385
638145290 129055243
638145290 127200385
638145290 35082427
155317052 48660636
155317052 305428790
155317052 208448841
20374136 56163502
20374136 28406727
20374136 13615183
20374136 208448841
20374136 42384153
20374136 132640282
20374136 208567677
20374136 57225346
20374136 301961881
20374136 62290392
20374136 127200385
20374136 48660636
107237031 208448841
107237031 44595531
107237031 48660636
683633109 208448841
224582163 127200385
35082427 129055243
35082427 638145290
35082427 127200385
208567677 28406727
208567677 208448841
208567677 132640282
208567677 301961881
208567677 20374136
208567677 48660636
208567677 171771729
219335253 127200385
127200385 129055243
14586184 127200385
48660636 28406727
48660636 107237031
48660636 96198531
48660636 208448841
48660636 42384153
48660636 132640282
48660636 208567677
48660636 57225346
48660636 44595531
48660636 301961881
48660636 20374136
48660636 127200385
48660636 171771729
48660636 155317052
48660636 231382745
129055243 638145290
129055243 127200385
129055243 35082427
129055243 216074226
145691648 127200385
215786386 127200385
97531528 57225346
97531528 127200385
208456681 28406727
208456681 208448841
208456681 57225346
44558833 28406727
44558833 208448841
44558833 301961881
44558833 127200385
321693512 127200385
75383360 208448841
75383360 44595531
75383360 301961881
747279399 127200385
163553680 127200385
305428790 208448841
305428790 57225346
305428790 301961881
305428790 155317052
28406727 44558833
28406727 208448841
28406727 208567677
28406727 57225346
28406727 44595531
28406727 301961881
28406727 20374136
28406727 12879946
28406727 171771729
28406727 48660636
44808021 57225346
8201479 57225346
301961881 44558833
301961881 28406727
301961881 96198531
301961881 208448841
301961881 44120626
301961881 132640282
301961881 208567677
301961881 57225346
301961881 44595531
301961881 305428790
301961881 75383360
301961881 48660636
301961881 171771729
42384153 208448841
42384153 132640282
42384153 555497301
42384153 57225346
42384153 48660636
42384153 171771729
42384153 127200385
42384153 20374136
75319842 127200385
199847680 127200385
156653024 208448841
44120626 28406727
44120626 208448841
44120626 301961881
231382745 208448841
216008582 62290392
230925848 208448841
43787812 127200385
12879946 28406727
12879946 536158082
12879946 208448841
12879946 57225346
