179652986 132838461
68948291 132838461
68948291 30782410
90103804 175205612
601200708 16038112
24256018 132838461
13581544 132838461
509256919 132838461
67930894 132838461
114667445 16038112
23823117 132838461
476324564 132838461
165464979 16038112
138142665 132838461
119921605 16038112
49508295 132838461
130269314 132838461
133159583 132838461
123786295 132838461
44982842 132838461
7375617 132838461
38238640 132838461
112481770 132838461
92099242 132838461
184693460 132838461
184693460 350832568
457068996 132838461
51533179 132838461
350832568 184693460
79161678 132838461
836613576 132838461
228100095 132838461
61631156 132838461
40119930 132838461
40119930 16038112
33835166 132838461
76818373 132838461
51442002 132838461
175205612 132838461
175205612 90103804
72145329 132838461
141800913 132838461
663378641 132838461
131093803 132838461
16038112 114667445
16038112 127586898
16038112 40119930
16038112 119921605
44982403 127586898
127226336 132838461
7331239 132838461
127586898 132838461
127586898 16038112
49061447 132838461
98100973 132838461
3750256 132838461
55004665 132838461
150375290 132838461
514815324 132838461
454356056 132838461
178238670 132838461
113157101 132838461
30782410 68948291
20106684 132838461
260492066 132838461
422932125 132838461
125173242 132838461
129999959 132838461
107256101 132838461
423580637 132838461
174618671 132838461
