39877715 36030906
6812107 84189503
36030906 39877715
36030906 60243784
36030906 84189503
36030906 231023802
36030906 92050804
36030906 37013948
36030906 61078134
36030906 195186452
36030906 317634353
36030906 346890324
36030906 139740103
36030906 84173834
36030906 58045081
36030906 140715671
127723041 69337922
127723041 84189503
127723041 353005172
219612764 84189503
110668988 685401387
110668988 56555681
110668988 195186452
155783478 134155458
155783478 61078134
57184750 685401387
57184750 58045081
131847609 92050804
131847609 206903634
130276552 84189503
130276552 60243784
141545489 84189503
206903634 131847609
206903634 94827187
29630545 231023802
69295259 415367344
136321446 51547157
210998659 582393592
685401387 58260886
685401387 57184750
685401387 60243784
685401387 138894142
685401387 58045081
685401387 56555681
685401387 83419518
685401387 195186452
685401387 32185919
685401387 110668988
685401387 231023802
685401387 84189503
685401387 353005172
32185919 685401387
32185919 127723041
32185919 84189503
32185919 82738604
32185919 195186452
32185919 60288215
32185919 58045081
38020583 353005172
2233811 582393592
2233811 353005172
600117841 127723041
600117841 84189503
600117841 582393592
600117841 83419518
214366582 134450126
83419518 231023802
83419518 600117841
83419518 84189503
83419518 685401387
10803974 60243784
231023802 138894142
231023802 83419518
231023802 60243784
231023802 36030906
231023802 685401387
231023802 58260886
60243784 58260886
60243784 685401387
60243784 36030906
60243784 10803974
60243784 58045081
60243784 92050804
60243784 231023802
60243784 130276552
60243784 84189503
134450126 92050804
134450126 61078134
410364809 353005172
410364809 84189503
47920309 353005172
582393592 84189503
582393592 210998659
138894142 685401387
138894142 32185919
138894142 231023802
138894142 84189503
60288215 32185919
353005172 410364809
353005172 127723041
353005172 84189503
94827187 206903634
61078134 36030906
61078134 84189503
61078134 130276552
61078134 92050804
61078134 195186452
61078134 317634353
61078134 84173834
61078134 206903634
61078134 134450126
37013948 36030906
58260886 685401387
58260886 60243784
58260886 130276552
58260886 231023802
49224358 346890324
133387297 481201711
69337922 127723041
84189503 36030906
84189503 410364809
84189503 60243784
84189503 353005172
84189503 138894142
84189503 6812107
84189503 84173834
84189503 141545489
84189503 83419518
84189503 195186452
84189503 61078134
84189503 92050804
84189503 32185919
84189503 82738604
84189503 130276552
84189503 582393592
56555681 685401387
56555681 231023802
56555681 110668988
56555681 32185919
56555681 195186452
84173834 61078134
84173834 92050804
84173834 717211533
84173834 84189503
58045081 83419518
58045081 32185919
58045081 60243784
58045081 57184750
134155458 155783478
415367344 69295259
346890324 49224358
58250406 69580252
58250406 195186452
58250406 84189503
58250406 353005172
90681533 84189503
317634353 36030906
317634353 127723041
317634353 61078134
317634353 206903634
69580252 58250406
51547157 136321446
92050804 36030906
92050804 134450126
92050804 84173834
92050804 61078134
92050804 84189503
92050804 131847609
92050804 60243784
195186452 685401387
195186452 36030906
195186452 353005172
195186452 127723041
195186452 84189503
195186452 206903634
195186452 56555681
195186452 61078134
195186452 32185919
195186452 110668988
195186452 231023802
195186452 58250406
52232053 582393592
185583165 84189503
82738604 32185919
82738604 84189503
717211533 84173834
