129132984 3370796
129132984 61348148
129132984 62292842
129132984 19471446
61348148 55120853
61348148 22584702
61348148 129132984
61348148 62292842
61348148 19471446
73371808 3370796
73371808 62292842
73371808 19471446
297847409 3370796
24340140 32460743
24340140 62292842
55120853 3370796
55120853 22584702
55120853 61348148
55120853 752301209
55120853 129132984
55120853 62292842
55120853 19471446
62292842 55120853
62292842 127232567
62292842 67502659
62292842 3370796
62292842 22584702
62292842 61348148
62292842 129132984
62292842 32460743
62292842 24340140
62292842 102394880
62292842 19471446
5281438 3370796
5281438 61348148
5281438 19471446
127232567 3370796
132489330 3370796
132489330 19471446
132489330 62292842
132489330 32460743
132489330 61348148
132489330 15882688
3370796 55120853
3370796 127232567
3370796 132489330
3370796 67502659
3370796 22584702
3370796 5281438
3370796 15882688
3370796 752301209
3370796 297847409
3370796 129132984
3370796 32460743
3370796 24340140
3370796 62292842
3370796 102394880
3370796 19471446
67502659 3370796
67502659 61348148
67502659 19471446
681147480 62292842
752301209 55120853
752301209 3370796
752301209 19471446
130712818 19471446
15882688 55120853
15882688 132489330
15882688 3370796
15882688 22584702
15882688 61348148
15882688 129132984
15882688 32460743
15882688 62292842
15882688 19471446
65478283 55120853
65478283 132489330
65478283 3370796
65478283 61348148
65478283 129132984
65478283 129698109
65478283 62292842
65478283 55253931
65478283 19471446
102394880 3370796
102394880 62292842
55253931 55120853
55253931 3370796
55253931 65478283
55253931 61348148
55253931 129698109
55253931 62292842
55253931 19471446
32460743 132489330
32460743 3370796
32460743 61348148
32460743 62292842
19471446 55120853
19471446 3370796
19471446 22584702
19471446 130712818
19471446 61348148
19471446 62292842
22584702 55120853
22584702 61348148
22584702 19471446
