161184896 17210746
156500197 17210746
75735631 127335955
75735631 67296503
75735631 17210746
17210746 127335955
17210746 67296503
17210746 38929081
17210746 49181547
167482480 17210746
649044606 161184896
67296503 127335955
67296503 17210746
534805728 190419852
534805728 17210746
343876078 17210746
127335955 17210746
127335955 49181547
317898504 67296503
317898504 17210746
59512731 67296503
59512731 17210746
445952774 67296503
445952774 17210746
137858781 17210746
190419852 534805728
2610874 127335955
2610874 17210746
467600392 67296503
467600392 17210746
75724357 17210746
49181547 127335955
49181547 17210746
307458711 17210746
38929081 17210746
11652102 67296503
11652102 17210746
155014355 17210746
8451148 17210746
75722551 127335955
75722551 17210746
21747762 17210746
106053276 17210746
75723189 127335955
75723189 17210746
