224426518 10997292
128954014 10790046
65020373 127195425
65020373 10790046
65020373 128368827
142742474 127195425
136530878 127195425
607576773 127195425
58118362 129045109
172724574 127195425
39315153 129045109
127745249 10790046
49062863 127173506
16486821 127195425
60281453 127195425
60281453 67171853
51638670 10997292
97271708 127195425
97271708 65020373
97271708 10790046
97271708 128368827
129045109 10997292
164909570 134183521
164909570 10790046
28144967 10790046
28144967 10997292
50201652 5459024
50201652 10997292
10997292 129045109
10997292 5459024
127173506 10790046
130332963 10790046
5459024 10997292
74618151 67171853
54682216 10790046
39805214 10790046
128368827 65020373
128368827 10790046
10790046 127195425
10790046 65020373
10790046 128368827
368361608 10790046
134183521 164909570
127195425 65020373
127195425 10790046
