56042037 140117739
55054230 421498129
55054230 80878178
55054230 224335787
80878178 32216849
80878178 55054230
4099151 78086724
208440235 72125330
32216849 208488404
32216849 51971205
32216849 46523754
8086444 90635576
208488404 46523754
208488404 922690
208488404 51971205
208488404 32216849
138639159 448793925
11014335 18628800
13899963 72125330
140117739 56042037
695788556 78086724
421476912 80878178
421476912 421498129
33092135 51636472
33092135 421498129
33092135 13139115
56872340 39357276
152535169 13139115
18628800 54435339
253334864 21950461
156105967 136749493
34139944 136749493
127188873 39357276
152677411 13139115
224335787 55054230
421498129 421476912
421498129 33092135
421498129 80878178
421498129 90635576
421498129 55054230
421498129 13139115
81447999 39357276
39869808 78086724
505124333 21950461
72125330 13899963
72125330 57648664
72125330 208440235
46523754 208488404
46523754 32216849
51636472 33092135
51971205 208488404
51971205 32216849
21950461 505124333
21950461 253334864
39357276 127188873
