458790843 475769786
365708518 141372572
85867628 15174911
298849623 207069939
298849623 68001839
302907510 131008031
302907510 16616897
372910528 134555456
372910528 141372572
14930209 15174911
126191432 152926076
126191432 207069939
475769786 77999468
475769786 458790843
136433735 833422710
833422710 136433735
141372572 365708518
141372572 372910528
141372572 134555456
16616897 302907510
68001839 207069939
68001839 298849623
207069939 68001839
207069939 126191432
207069939 298849623
152926076 126191432
51258927 374125550
134555456 141372572
134555456 372910528
15174911 85867628
15174911 144760898
15174911 14930209
77999468 475769786
165379369 165236853
131008031 302907510
144760898 15174911
152811792 152934353
