130255936 61721125
48810006 61721125
6624237 28446736
6624237 22057659
6624237 33444563
6624237 79272727
6624237 61721125
109281632 131467703
109281632 39625976
109281632 35251403
109281632 127543596
109281632 80641661
109281632 61721125
44927647 23703747
60934522 61721125
44627524 61721125
57411937 131733997
57411937 138244093
57411937 69075773
57411937 32830230
57411937 127543596
57411937 38446013
57411937 61721125
131733997 131467703
131733997 57411937
131733997 61721125
9857625 19994300
9857625 38296886
9857625 28270331
9857625 61721125
9857625 32830230
9857625 82664747
138244093 22057659
138244093 57411937
138244093 61721125
32830230 19994300
32830230 22057659
32830230 57411937
32830230 44157316
32830230 9857625
32830230 83577027
32830230 80641661
32830230 38446013
32830230 23703747
32830230 61721125
19994300 22057659
19994300 49053012
19994300 76781224
19994300 28270331
19994300 9857625
19994300 32830230
19994300 61721125
28270331 48810006
28270331 28446736
28270331 22057659
28270331 34535782
28270331 79272727
28270331 49049164
28270331 9857625
28270331 4526439
28270331 61721125
97365128 38860763
97365128 61721125
97365128 24551675
162818552 61721125
82528726 38296886
82528726 22544205
82528726 80641661
82528726 61721125
33444563 131467703
33444563 28446736
33444563 82664747
33444563 61721125
231514913 61721125
38860763 22057659
38860763 49053012
38860763 35251403
38860763 19127363
38860763 97365128
38860763 61721125
82664747 33444563
82664747 96768168
82664747 9857625
82664747 22544205
82664747 61721125
65272522 80641661
65272522 61721125
131467703 61721125
34535782 28270331
34535782 61721125
69076551 61721125
80641661 23703747
80641661 134211693
80641661 39625976
80641661 109281632
80641661 79272727
80641661 48728938
80641661 43902247
80641661 61721125
82640465 61721125
22544205 33444563
22544205 109281632
22544205 6624237
22544205 127379642
22544205 19127363
22544205 82528726
22544205 69075773
22544205 82664747
22544205 4526439
22544205 49340061
22544205 61721125
329505557 61721125
228465224 131196433
228465224 61721125
28446736 131467703
28446736 61721125
37895099 61721125
96768168 82664747
96768168 61721125
44005660 61721125
44005660 80641661
43902247 131467703
43902247 80641661
43902247 61721125
48816565 61721125
131196433 48810006
131196433 228465224
131196433 61721125
83577027 61721125
49053012 19994300
49053012 38860763
49053012 61721125
61721125 84206822
61721125 68947491
61721125 79272727
61721125 35251403
61721125 28446736
61721125 80641661
61721125 39625976
61721125 32830230
61721125 131467703
61721125 19127363
61721125 134211693
61721125 127543596
61721125 33444563
83574702 61721125
79272727 134211693
79272727 131467703
79272727 80641661
79272727 6624237
79272727 61721125
38446013 22057659
38446013 57411937
38446013 32830230
38446013 61721125
24551675 97365128
24551675 61721125
138993755 131467703
138993755 61721125
44071965 61721125
44024100 61721125
47878816 61721125
48728938 80641661
48728938 61721125
69075773 131733997
69075773 39625976
69075773 57411937
69075773 22544205
69075773 61721125
49049164 22057659
49049164 35807265
49049164 28270331
49049164 61721125
76781224 28446736
76781224 19994300
76781224 61721125
46878429 61721125
49051787 60934522
49051787 61721125
5922327 68947491
5922327 61721125
231462518 61721125
25387049 61721125
35251403 38860763
35251403 109281632
35251403 4526439
35251403 61721125
39625976 61721125
39079348 61721125
320975261 61721125
68947491 5922327
68947491 61721125
35807265 49049164
35807265 69075773
19127363 131467703
19127363 38860763
19127363 38296886
19127363 22544205
19127363 61721125
191899908 61721125
191899908 80641661
4526439 35251403
4526439 28270331
4526439 22544205
84206822 61721125
44157316 61721125
44157316 32830230
131138579 131467703
131138579 61721125
22057659 19994300
22057659 38860763
22057659 6624237
22057659 35251403
22057659 138244093
22057659 49049164
22057659 3339173
22057659 28270331
22057659 32830230
22057659 38446013
22057659 61721125
38296886 19127363
38296886 82528726
38296886 9857625
38296886 61721125
16838697 61721125
130482058 69075773
23703747 44927647
23703747 80641661
3339173 22057659
3339173 61721125
127543596 61721125
127379642 61721125
134211693 61721125
134211693 80641661
134211693 79272727
231460204 61721125
