142891685 115751227
142891685 130329019
142891685 49067696
137559005 132206132
44348419 115751227
44348419 14142653
44348419 302767465
44348419 49067696
44348419 14608619
44348419 57452317
59744284 14608619
14608619 15913353
14608619 130087293
24316891 49067696
24316891 14608619
24316891 50840787
24316891 57452317
24316891 28651675
231253180 14608619
48629326 14608619
127215535 26069525
127215535 115751227
127215535 49067696
127215535 60384125
127215535 163830733
35253079 44684236
35253079 163830733
48105507 14608619
60384125 115751227
60384125 14142653
60384125 65398781
60384125 15913353
60384125 49067696
60384125 127215535
60384125 14608619
60384125 82529698
60384125 163830733
60384125 18650787
60384125 12686849
39248961 14608619
115751227 44684236
115751227 44348419
115751227 14142653
115751227 44908351
115751227 45034894
115751227 49067696
115751227 60384125
115751227 8704110
115751227 47859798
115751227 45010064
115751227 127215535
115751227 44218288
115751227 65318354
115751227 142891685
115751227 28651675
115751227 163830733
14142653 44348419
14142653 115751227
14142653 48712452
14142653 49067696
14142653 60384125
14142653 14608619
14142653 163830733
14142653 12686849
37557157 14608619
82529698 5204643
82529698 15913353
82529698 60384125
82529698 14608619
82529698 65318354
82529698 28651675
82529698 18650787
44383023 14608619
44383023 163830733
55059595 14608619
52389600 14608619
52389600 44218288
163830733 44383023
163830733 115751227
163830733 14142653
163830733 35253079
163830733 49067696
163830733 60384125
163830733 127215535
163830733 50840787
163830733 44218288
163830733 65318354
163830733 328289428
163830733 12686849
132206132 137559005
15913353 49067696
15913353 60384125
15913353 14608619
49064411 14608619
9437796 14608619
48743597 14608619
48513525 14608619
54401600 26069525
8704110 115751227
8704110 49067696
8704110 65318354
18650787 65398781
18650787 45034894
18650787 49067696
18650787 60384125
18650787 127215535
18650787 130087293
18650787 14608619
18650787 82529698
18650787 28651675
26069525 45034894
26069525 54401600
26069525 49067696
26069525 127215535
26069525 14608619
48712452 14142653
44782332 49067696
44782332 14608619
65398781 60384125
65398781 18650787
44466611 14608619
130329019 49067696
130329019 142891685
44282227 14608619
5204643 14608619
5204643 82529698
45034894 26069525
45034894 115751227
45034894 127215535
45034894 18650787
17709268 14608619
130087293 14608619
130087293 28651675
50840787 44684236
50840787 24316891
50840787 14608619
50840787 163830733
45010064 115751227
45010064 17709268
45010064 14608619
45010064 18650787
48570197 14608619
50861869 14608619
50861869 49064411
78363636 14608619
57452317 24316891
57452317 14608619
44790715 14608619
61274110 14608619
31354874 14608619
84862897 14608619
231523116 14608619
67833539 14608619
231460704 14608619
44908351 115751227
44908351 54401600
44908351 49067696
18877050 14608619
28651675 115751227
28651675 24316891
28651675 44790715
28651675 49067696
28651675 130087293
28651675 82529698
28651675 18650787
328289428 57452317
328289428 163830733
44218288 52389600
44218288 49067696
44218288 14608619
44218288 163830733
12686849 163830733
12686849 60384125
12686849 14142653
47948766 14608619
49067696 44684236
49067696 26069525
49067696 44348419
49067696 44782332
49067696 115751227
49067696 14142653
49067696 44908351
49067696 130329019
49067696 24316891
49067696 44649325
49067696 60384125
49067696 8704110
49067696 47859798
49067696 127215535
49067696 44218288
49067696 65318354
49067696 142891685
49067696 28651675
49067696 163830733
49067696 18650787
79006984 49067696
54096309 14608619
44916121 14608619
44649325 49067696
44649325 14608619
47859798 49067696
47859798 14608619
130088028 14608619
72593650 14608619
44684236 115751227
44684236 45034894
44684236 35253079
44684236 49067696
44684236 14608619
44684236 50840787
59977385 14608619
65318354 115751227
65318354 49067696
65318354 14608619
65318354 82529698
65318354 163830733
302767465 14608619
44732827 14608619
