36215342 22589771
22591203 82022174
22591203 22589771
217312431 22589771
300584131 22589771
30743421 218692646
30743421 22589771
50625899 22589771
142813322 22589771
45044544 22589771
565279350 22589771
833472531 22589771
218692646 30743421
381677951 22589771
57192416 22589771
65145012 22589771
163731995 22589771
194619633 22589771
301205881 633961337
301205881 22589771
18071605 22589771
61287909 22589771
633961337 301205881
633961337 22589771
454967985 22589771
147874145 22589771
72860661 150334080
72860661 22589771
82022174 22589771
82022174 22591203
89169647 22589771
54306628 22589771
42125323 22589771
