604336646 5079722
152900536 5079722
83633195 5079722
21181754 5079722
665819396 58416542
665819396 5079722
665819396 131680370
140390428 57648028
140390428 5079722
152838656 5079722
349481775 5079722
58416542 665819396
58416542 5079722
291875109 5079722
2331219 5079722
2331219 55054340
2331219 39428520
54722797 5079722
803890962 5079722
12143142 5079722
12143142 39428520
57648028 140390428
57648028 5079722
57648028 25740619
81376949 5079722
131680370 665819396
39428520 5079722
39428520 12143142
67107885 5079722
350131839 5079722
132195758 5079722
7062830 5079722
163890805 5079722
5079722 7062830
5079722 83633195
5079722 57648028
5079722 12143142
5079722 665819396
5079722 58416542
5079722 152838656
5079722 350131839
5079722 210242791
5079722 81376949
5079722 2331219
5079722 25740619
5079722 291875109
5079722 26285018
316454267 5079722
55054340 5079722
55054340 2331219
58265418 5079722
26285018 5079722
264001246 5079722
25740619 57648028
25740619 5079722
210242791 5079722
