57070223 135992925
57070223 127168136
57070223 84077147
57070223 57067799
131041275 135992925
131041275 20943664
131041275 45484653
156054116 127166111
156054116 54422322
134128981 127168136
110381815 135992925
836612552 81919102
84024585 366209548
57067808 135992925
135992925 20943664
135992925 127166111
135992925 127168136
135992925 44336058
70696394 54422322
79846877 132434625
73780910 135992925
142720802 135992925
152595170 57068172
57067799 135992925
57067799 565310272
57067799 7325423
57067799 57068302
57067799 57070223
54422322 70696394
54422322 156054116
95351132 127166111
602510972 135992925
67867038 127166111
366209548 52608932
366209548 135992925
366209548 20943664
366209548 127168136
366209548 84024585
366209548 150305764
366209548 45484653
366209548 44336058
364184076 135992925
84077147 135992925
84077147 127168136
84077147 602552826
84077147 57068302
84077147 57070223
84077147 57068172
14859851 135992925
14859851 127166111
14859851 127168136
14859851 44336058
603536667 135992925
501025869 152728005
150305764 366209548
150305764 135992925
121576738 135992925
35876813 135992925
35876813 127168136
57068302 163890096
57068302 135992925
57068302 127166111
57068302 127168136
57068302 84024585
57068302 565310272
57068302 602529879
57068302 44336058
57068302 57067799
57068932 135992925
12576345 127166111
163890096 602548783
163890096 135992925
57068172 135992925
57068172 127166111
20943664 135992925
20943664 131041275
20943664 127166111
20943664 127168136
20943664 602548783
20943664 45484653
20943664 44336058
7325423 135992925
7325423 20943664
7325423 131041275
7325423 127166111
7325423 44336058
7325423 57067799
7325423 130063215
8518397 127168136
565310272 135992925
565310272 57067799
565310272 57068302
45484653 135992925
45484653 20943664
45484653 131041275
45484653 127168136
45484653 44336058
132434625 135992925
608294548 135992925
302455954 135992925
602529879 57068302
234349923 135992925
602565937 135992925
215977684 127166111
127168136 135992925
127168136 44336058
30521048 127166111
44336058 135992925
665944031 135992925
602552826 135992925
602552826 84077147
57709332 135992925
57709332 127166111
127166111 44336058
602548783 135992925
52608706 127166111
602552917 135992925
212619789 135992925
212619789 44336058
52608932 135992925
52608932 127166111
52608932 57068172
52608932 366209548
127195940 127168136
536335644 135992925
81919102 135992925
59186531 57068172
152728005 501025869
217151154 135992925
48878394 135992925
580020524 135992925
