24253636 92513647
24253636 421485712
24253636 122856547
124064297 203856480
95082348 203856480
701110645 421485712
152730380 498215503
21427820 60897001
152931958 203856480
654601830 203856480
654601830 421485712
50866608 203856480
50866608 498215503
50866608 60897001
48701061 421485712
48701061 60897001
48701061 203856480
298857421 203856480
298857421 421485712
152678122 203856480
152678122 152532473
152678122 498215503
152678122 60897001
372928637 203856480
372928637 421485712
421533756 203856480
666494743 421485712
60897001 122856547
60897001 21427820
60897001 421485712
60897001 152678122
60897001 155007442
60897001 48701061
60897001 298838230
155007442 60897001
498215503 152730380
69199656 6850003
122856547 60897001
298838230 60897001
325067761 421485712
325067761 425419282
425419282 325067761
165092506 421499245
421499245 165092506
421499245 421485712
203856480 298857421
203856480 72592147
203856480 421533756
203856480 152931958
203856480 421485712
203856480 305150797
98719074 203856480
182450904 127425741
72592147 203856480
72592147 305150797
72592147 421485712
92513647 203856480
421485712 325067761
421485712 421499245
421485712 298857421
421485712 372928637
421485712 516883030
421485712 203856480
421485712 666494743
421485712 701110645
421485712 24253636
421485712 60897001
421485712 305150797
305150797 203856480
305150797 152730380
305150797 72592147
305150797 421485712
305150797 60897001
