152565010 57652685
152565010 12136895
152565010 57769228
57587981 27970954
57587981 152819220
57587981 175156367
14071575 97372447
14071575 152656969
14071575 57769228
14071575 129985323
58369229 97372447
58369229 57769228
36732765 57769228
36732765 421483594
58361531 152933989
58361531 57769228
58361531 152816678
58361531 152839422
58361531 30076337
152619821 9310295
152619821 97372447
152619821 152733252
152619821 42153787
152688444 57769228
152930365 57769228
152503673 57769228
833311952 57769228
152933989 27970954
152933989 57769228
152933989 58361531
152933989 175156367
152933989 152955843
152933989 42153787
152596554 97372447
152596554 57769228
9310295 152619821
9310295 57769228
9310295 42153787
9310295 32673929
65428177 57769228
57607529 57769228
37155342 57769228
37155342 175156367
3828162 58441639
3828162 57769228
27970954 152933989
27970954 57587981
27970954 57769228
97372447 14071575
97372447 57769228
97372447 175156367
253899177 57769228
152819220 57769228
223767656 14071575
223767656 57769228
36789569 57769228
58164123 57769228
152955935 175156367
152955935 152819220
152955935 57769228
152955935 152955843
421456590 152726858
421456590 57769228
58152193 57769228
54291206 152879515
54291206 29287825
54291206 152933989
54291206 57769228
152596476 152596554
152596476 57769228
152596476 152816678
152596476 42153787
152906562 138188584
152906562 57769228
152906562 175156367
152934781 97372447
152934781 138188584
152934781 57769228
152934781 175156367
152726858 421456590
152726858 57769228
806321390 57769228
152713565 57769228
152816678 152619119
152816678 57769228
152816678 57650259
152816678 103123651
152816678 833422538
152816678 97372447
42153787 97372447
42153787 152816678
175156367 57587981
175156367 57652685
175156367 152511882
175156367 37155342
175156367 57650259
175156367 58424289
175156367 152934781
175156367 152879515
175156367 44845489
175156367 97372447
175156367 152623387
175156367 152933989
175156367 12136895
175156367 149527164
175156367 152955935
57769228 97372447
57769228 37155342
57769228 14071575
57769228 58082958
12136895 58403619
12136895 152565010
12136895 57650259
12136895 83551958
12136895 175156367
12136895 152955843
57652685 152565010
57652685 175156367
421483594 152788720
421483594 152816678
421483594 36732765
215740867 57769228
58441639 57769228
102657621 138188584
102657621 57769228
152955843 12136895
152955843 138188584
152955843 152933989
152955843 580993138
152955843 152955935
152955843 42153787
152879515 54291206
152879515 44845489
152879515 175156367
152879515 152955935
57650259 12136895
57650259 175156367
57650259 152816678
32673929 9310295
138188584 57769228
58424289 57769228
58424289 175156367
169563015 57769228
58403619 12136895
58403619 57769228
42080428 57769228
152839422 57769228
152839422 97372447
152839422 58361531
44845489 152879515
44845489 97372447
44845489 57769228
44845489 175156367
44845489 152816678
44845489 152955843
152726403 57769228
152726403 12136895
152726403 152623387
580993138 152955843
152656969 14071575
152656969 57769228
152788720 57769228
152788720 97372447
152788720 14071575
152788720 421483594
152788720 42153787
152788720 152816678
83551958 12136895
83551958 57769228
129985323 57769228
129985323 14071575
129985323 30076337
152576324 152816678
152576324 57769228
58081360 57769228
103123651 57769228
103123651 152816678
152511882 57769228
152511882 175156367
152733252 57769228
152576892 57769228
152808772 57769228
167800421 57769228
152932780 57769228
30076337 57769228
30076337 129985323
152623387 97372447
152623387 57769228
152623387 175156367
152623387 152726403
149527164 57769228
149527164 175156367
149527164 42153787
58082958 57769228
29287825 54291206
29287825 57769228
152481665 57769228
254993545 57769228
192259759 57769228
152687046 57769228
152603634 57769228
833422538 152816678
27731971 152619119
27731971 57769228
76026810 14071575
76026810 57769228
