148033647 114775504
181050494 114775504
581894491 114775504
252275559 114775504
582608490 114775504
581110368 114775504
349568535 114775504
149751681 114775504
734995946 114775504
31465395 58162980
31465395 114775504
152927767 114775504
151660853 114775504
65396524 114775504
582693257 114775504
582245873 114775504
58163560 114775504
92156329 114775504
225470045 114775504
40320338 32091926
40320338 114775504
298856036 114775504
152899992 114775504
52787915 114775504
52787915 210187127
581483053 114775504
581920352 114775504
152722985 114775504
152722985 32091926
152722985 57652144
58162980 31465395
58162980 217835227
58162980 114775504
58162980 32091926
174196651 114775504
497784891 114775504
44758931 114775504
44758931 13807249
90187997 114775504
152684973 210187127
152684973 114775504
57070590 793305512
57070590 114775504
58184220 57652144
58184220 114775504
581905497 114775504
581804731 114775504
210187127 152684973
210187127 52787915
32091926 163817261
32091926 57652144
32091926 40320338
32091926 57393854
32091926 217835227
32091926 114775504
32091926 58162980
32091926 152722985
152932873 114775504
298855977 114775504
582626718 114775504
217835227 58162980
217835227 32091926
217835227 114775504
701235739 114775504
152811988 114775504
806307858 114775504
152882166 114775504
120413360 114775504
152602849 114775504
57652144 58184220
57652144 32091926
57652144 114775504
57652144 152722985
166591963 114775504
298855745 114775504
136593315 114775504
13807249 114775504
13807249 44758931
471831389 114775504
473160071 114775504
60617006 114775504
412402487 114775504
154929105 114775504
15732178 163817261
15732178 114775504
152702794 114775504
582526071 114775504
163817261 32091926
163817261 15732178
163817261 114775504
541446745 114775504
57393854 32091926
57393854 114775504
581046018 114775504
581022016 114775504
541453088 114775504
834277842 114775504
101696298 114775504
210196295 210187127
210196295 114775504
582268684 114775504
210240813 114775504
152603884 174196651
152603884 114775504
10889786 114775504
10889786 298855977
501139606 114775504
114775504 60617006
114775504 210240813
686583459 114775504
58105572 114775504
