32367793 127205666
710818615 127205666
45013060 127205666
32880732 127205666
8931940 76445512
90811877 127205666
687030892 127205666
35221935 127205666
35221935 32367793
21009511 127205666
269261735 30623881
175151808 210268886
24574455 127205666
8841554 127205666
109338422 127205666
215892975 127205666
84568117 127205666
177197023 127205666
86234616 127205666
32879915 5384300
200058431 127205666
299403627 127205666
48734687 127205666
75620766 8931940
15154380 6877911
15154380 76445512
107668371 370164501
107668371 32367793
24563239 76445512
30623881 21009511
30623881 127205666
30623881 32367793
839512 32367793
142788142 127205666
96469042 127205666
83648599 127205666
8408007 127205666
34235421 83782592
4744500 127205666
8065221 127205666
97959199 127205666
31320466 127205666
155026657 127205666
155026657 370164501
155026657 32367793
40440503 127205666
26498484 127205666
52392342 21009511
52392342 127205666
52392342 32367793
57769544 127205666
57769544 32367793
16276043 127205666
599683704 127205666
44188859 127205666
218729818 127205666
218729818 32367793
23178817 127205666
39964158 127205666
116342475 127205666
229016902 127205666
262786885 127205666
57402994 127205666
57402994 32367793
61183517 127205666
57070562 127205666
268053304 249223750
199783708 127205666
370164501 97959199
370164501 127205666
370164501 386676566
370164501 40440503
370164501 57604915
370164501 32367793
370164501 24574455
370164501 218729818
370164501 57402994
370164501 155026657
370164501 710818615
370164501 107668371
5384300 32879915
6877911 127205666
6877911 15154380
76445512 8931940
57604915 127205666
57604915 370164501
165438084 127205666
44592429 127205666
56968274 127205666
30981347 127205666
386676566 127205666
221219959 127205666
217761211 127205666
83782592 34235421
210268886 175151808
