266108073 127235782
128492408 13959797
298561526 127235782
421627635 13959797
219776330 13959797
296589810 13959797
160297968 127235782
160297968 13959797
531450775 127235782
421000049 127235782
12186436 127235782
137029491 127235782
129607324 13959797
740985366 127235782
740985366 13959797
102749875 127235782
756732665 127235782
756732665 13959797
154946589 127235782
299109695 127235782
299109695 13959797
84757274 127235782
84757274 13959797
320248216 127235782
85046398 127235782
85046398 13959797
92378407 127235782
92378407 13959797
58290420 127235782
830211795 127235782
228028914 127235782
228028914 13959797
239002192 127235782
239002192 13959797
295786699 127235782
236687280 127235782
239911381 127235782
388657041 127235782
740972894 244009674
740972894 13959797
544351784 127235782
293411585 127235782
57485756 127235782
44984986 127235782
44984986 13959797
244009674 127235782
244009674 740985366
244009674 296589810
244009674 44984986
244009674 740972894
244009674 129607324
244009674 13959797
316407663 127235782
830347328 127235782
830347328 13959797
513092129 127235782
228009038 127235782
711391286 127235782
49272351 127235782
815657994 127235782
815657994 13959797
298750018 127235782
229116035 13959797
57191451 127235782
297596114 127235782
279650279 127235782
140116584 127235782
140116584 13959797
347132822 127235782
285707782 127235782
57189572 127235782
57189572 13959797
344420006 127235782
344420006 13959797
344420006 322951579
91886550 127235782
265731432 127235782
197910800 127235782
197910800 13959797
322951579 127235782
322951579 344420006
136182776 127235782
226823132 127235782
232951370 127235782
232951370 13959797
607199276 127235782
202401317 127235782
85954527 127235782
758339919 127235782
253550293 127235782
70940525 127235782
107666721 127235782
226825412 127235782
226825412 13959797
261121322 127235782
395214670 127235782
395214670 13959797
153506634 127235782
256870230 127235782
129166312 127235782
129166312 13959797
215965971 127235782
215965971 13959797
215965971 316407663
201878275 127235782
291734174 127235782
280437244 127235782
235843240 127235782
235843240 13959797
237418069 127235782
278001289 127235782
722825961 127235782
830208626 127235782
218099909 127235782
13959797 127235782
151604101 127235782
133944874 13959797
133944874 127235782
263755828 127235782
263755828 13959797
237240558 13959797
93250398 127235782
93250398 13959797
25434342 127235782
25434342 13959797
127235782 13959797
296888282 127235782
406021519 127235782
406021519 13959797
