607739662 18061626
108324838 18061626
165018567 55576060
165018567 18061626
50865944 55576060
50865944 18061626
179753359 50863889
179753359 211269234
179753359 18061626
22873185 18061626
22873185 57078070
57078070 50864193
57078070 55576060
57078070 165018567
57078070 18061626
57078070 18693908
231755124 18061626
55576060 130439170
55576060 50864193
55576060 18061626
55576060 44581603
50864193 55576060
50864193 18061626
50864193 57078070
607678523 694656926
607678523 18061626
162739829 211269234
162739829 18061626
544132747 18061626
179554271 18061626
130439170 18061626
130439170 44581603
130439170 55576060
836612001 55576060
836612001 18061626
139111368 18061626
11004956 130439170
11004956 694656926
11004956 211269234
11004956 55576060
11004956 44581603
11004956 18061626
11004956 57078070
18693908 40081517
18693908 39063151
18693908 50864193
18693908 211269234
18693908 55576060
18693908 18061626
18693908 10212909
18693908 57078070
18693908 28671748
28671748 130439170
28671748 39063151
28671748 55576060
28671748 44581603
28671748 18061626
28671748 18693908
44822327 50864193
44822327 55576060
44822327 18061626
18061626 130439170
18061626 55576060
18061626 44581603
50863889 18061626
22088053 18061626
211269234 18693908
211269234 18061626
607642667 18061626
484040042 18061626
57441269 18061626
44581603 130439170
44581603 55576060
44581603 18061626
10212909 55576060
10212909 18061626
10212909 18693908
678920176 55576060
678920176 18061626
40081517 18061626
17325848 18061626
39063151 130439170
39063151 55576060
39063151 18061626
39063151 28671748
103845619 18061626
352375497 18061626
200624524 18061626
44982673 18061626
114301975 130439170
114301975 55576060
114301975 18061626
114301975 10212909
114301975 18693908
50885997 694656926
50885997 18061626
79860341 114301975
79860341 18061626
