11379246 163967801
11379246 130383692
11379246 689468283
11379246 213963542
11379246 134012461
11379246 106610467
11379246 31160402
11379246 258838382
11379246 638425283
303003378 65736072
30642044 115797389
268423544 224308734
268423544 138598361
268423544 106610467
268423544 258838382
268423544 155565858
298811251 130312008
62216582 9742544
62216582 40462036
62216582 32981435
532614472 65736072
7997187 741700870
27291565 4836365
27291565 40462036
58477147 57471528
58477147 65736072
130312008 109615891
130312008 24662822
317157617 65736072
213963542 133201653
213963542 34802652
213963542 11379246
60686997 65736072
741700870 133231508
65736072 60485574
31160402 139408890
31160402 65736072
31160402 11379246
163967801 130383692
163967801 11379246
216079081 34802652
216079081 268423544
258838382 11379246
258838382 268423544
57373357 155565858
130383692 163967801
130383692 11379246
40462036 62216582
40462036 65736072
40462036 32981435
9742544 65736072
155565858 57373357
155565858 268423544
60485574 65736072
224308734 133231508
224308734 268423544
199963440 65736072
54680367 689468283
54680367 65736072
133201653 213963542
133201653 34802652
32981435 4836365
32981435 62216582
114402465 65736072
388525367 65736072
139648403 109615891
8065221 133231508
667116949 538711030
667116949 34802652
667116949 268423544
33543281 65736072
71300017 133231508
71300017 139408890
71300017 312061057
71300017 65736072
57315706 33543281
57315706 65736072
312061057 71300017
4836365 62216582
4836365 30642044
4836365 27291565
4836365 32981435
689468283 102922066
689468283 54680367
689468283 213963542
689468283 11379246
689468283 65736072
109615891 139648403
109615891 130312008
57157171 27291565
57157171 32981435
57157171 60485574
14678788 65736072
135170932 34802652
44490203 65736072
56823605 65736072
56823605 32981435
139408890 57157171
139408890 65736072
139408890 71300017
138598361 268423544
638425283 11379246
815171294 65736072
35549378 65736072
106610467 268423544
57471528 57157171
57471528 58477147
57471528 65736072
57471528 268423544
24662822 34802652
24662822 130312008
24662822 65736072
22119438 133231508
2743429 57157171
2743429 127570811
115797389 30642044
221124347 65736072
34802652 133201653
34802652 24662822
34802652 213963542
34802652 135170932
133231508 22119438
133231508 741700870
133231508 224308734
133231508 71300017
