84546544 129045538
84546544 97086856
84546544 57644609
152662164 127241451
152662164 210216165
152662164 152503458
83250157 50881800
57390263 152925632
57390263 127241451
82002667 127241451
581189965 127241451
57647009 127241451
57647009 97086856
237712009 127241451
559349272 127241451
129045538 127241451
129045538 84546544
129045538 581030764
42160934 57653360
42160934 127241451
42160934 57645106
42160934 152914130
582450593 127241451
58104359 127241451
57653360 42160934
57653360 130631336
57653360 57645106
57653360 97086856
152620454 57645106
152620454 57644609
155534514 127241451
58311697 127241451
560396551 127241451
46899127 127241451
274067557 127241451
130631336 57653360
130631336 152935064
501345078 127241451
273848325 127241451
133003684 127241451
152935064 130631336
169946659 127241451
152565639 127241451
601610540 127241451
163305143 127241451
152930897 581030764
103756620 127241451
152941615 57645106
152600871 127241451
269869755 127241451
155316171 127241451
58154760 127241451
397608195 127241451
215765741 127241451
57645106 42160934
57645106 129045538
57645106 57653360
57645106 152660581
57645106 210216165
57645106 581030764
57645106 58057864
57645106 152620454
57645106 298855728
57645106 97086856
57645106 57644609
152660581 57645106
152503458 152662164
155533966 127241451
540556451 127241451
83258719 97086856
210216165 127241451
210216165 57645106
210216165 152662164
74857670 127241451
58301846 127241451
152914130 42160934
152925632 57390263
57644609 152620454
57644609 229028322
57644609 152935064
57644609 57645106
57644609 152662164
57644609 84546544
166449487 127241451
97086856 84546544
97086856 57647009
97086856 83258719
97086856 57653360
97086856 57645106
534101331 127241451
50881800 83250157
562046696 127241451
581030764 129045538
581030764 127241451
581030764 152930897
558442069 127241451
234749831 127241451
72528358 127241451
58057864 57645106
58057864 84546544
