149093844 127201159
129609051 25081589
129609051 127201159
103963795 69276408
25081589 171121215
25081589 263676865
25081589 105798160
25081589 134208309
25081589 132863415
25081589 836483672
25081589 129609051
25081589 182032019
25081589 475703592
25081589 130188218
25081589 54682714
25081589 132514274
25081589 18941961
25081589 127201159
25081589 529131749
200245203 127201159
56908290 127201159
538361947 25081589
299234027 127201159
47365369 308941031
47365369 84944966
528390065 127201159
197337240 127201159
49235367 25081589
31132118 25081589
31132118 127201159
199718855 25081589
199718855 127201159
143159507 127201159
143159507 182691823
107476681 263676865
107476681 127201159
742732217 127201159
182345795 127201159
182345795 129609051
182345795 25081589
836483672 25081589
51850422 25081589
51850422 127201159
30575690 127201159
130147335 127201159
57171746 182691823
98930829 129609051
98930829 127201159
499793187 182032019
499793187 127201159
499793187 69276408
499793187 84944966
187147862 127201159
187147862 25081589
58097619 25081589
58097619 127201159
77382194 127201159
119831638 127201159
465599948 47365369
465599948 127201159
18941961 25081589
18941961 127201159
50616845 25081589
50616845 127201159
54682714 127201159
130188218 25081589
130188218 127201159
159828985 127201159
475703592 76898780
475703592 25081589
475703592 127201159
505259272 127201159
171121215 25081589
171121215 127201159
138894142 127201159
69276408 499793187
69276408 105798160
132514274 129609051
47368341 127201159
220544539 25081589
182032019 25081589
182032019 499793187
546515453 127201159
260521318 183270257
182691823 143159507
182691823 57171746
182691823 127201159
45262141 25081589
45262141 127201159
31085343 25081589
31085343 129609051
31085343 127201159
84944966 499793187
84944966 47365369
509125081 127201159
701008143 127201159
263676865 25081589
86222047 25081589
86222047 127201159
210981597 25081589
210981597 529131749
210981597 127201159
163886952 25081589
163886952 127201159
26178753 134208309
72057309 35988647
72057309 25081589
72057309 127201159
72057309 529131749
383027644 127201159
383027644 129609051
383027644 25081589
183270257 260521318
183270257 127201159
836613659 127201159
529131749 210981597
529131749 127201159
105798160 25081589
105798160 69276408
743466511 127201159
199678808 25081589
199678808 127201159
298804309 25081589
298804309 129609051
298804309 127201159
76898780 475703592
211001106 25081589
211001106 127201159
211001106 18941961
70006162 127201159
132863415 25081589
166582705 127201159
21092530 25081589
21092530 210981597
21092530 127201159
216081820 25081589
216081820 129609051
216081820 127201159
216081820 529131749
35988647 129609051
35988647 127201159
