210251990 254993545
210251990 57959458
148042168 58089618
54154269 42856315
54154269 58089618
90780406 57959458
48701061 57959458
48701061 58089618
298848686 58089618
298848686 57959458
298848686 149533023
298848686 149526857
57959458 90780406
57959458 254993545
57959458 58089618
57959458 833350507
57959458 643623152
57959458 210251990
57959458 145456782
57959458 298848686
58089618 254993545
58089618 149533023
58089618 54154269
58089618 57959458
145456782 57959458
42856315 54154269
149533023 643623152
149533023 349554562
149533023 58089618
149533023 57959458
149533023 298848686
643623152 57959458
349554562 149533023
254993545 58089618
254993545 210251990
254993545 57959458
149526857 298848686
149526857 57959458
