131680602 115191329
131680602 32911389
131680602 54681655
131680602 78510742
131680602 50614512
48708122 49069095
44302196 49069095
70038176 8110316
683738167 50614512
683738167 56817358
89861223 60139476
55011973 55120956
43901486 191857578
78510742 131680602
78510742 50614512
32911389 56817358
32911389 131680602
32911389 49069095
32911389 55120956
32911389 31351753
141062473 49069095
270483838 49069095
107186651 49069095
44350755 43901486
44350755 49069095
49043813 49069095
8110316 65406167
8110316 70038176
8110316 56912661
231588583 67810770
49057751 49069095
191857578 43901486
31351753 32911389
31351753 78510742
31351753 50614512
31351753 131680602
31351753 683738167
55120956 32911389
55120956 115191329
55120956 131680602
55120956 683738167
55120956 55011973
55120956 56817358
55120956 50614512
56817358 683738167
56817358 50614512
115191329 131680602
115191329 55120956
115191329 50614512
115191329 78510742
130691039 49069095
130691039 54681655
50614512 115191329
50614512 56817358
50614512 55120956
50614512 131680602
50614512 31351753
102114664 37451861
49069095 44487046
49069095 56817358
49069095 141062473
49069095 48074152
49069095 44350755
49069095 327050443
49069095 230968599
49069095 75380892
49069095 44919287
49069095 49057751
49069095 32911389
49069095 48708122
49069095 7328279
49069095 37451861
49069095 43785420
49069095 85683672
49069095 636950203
49069095 270483838
49069095 44544971
49069095 43887790
49069095 56912661
49069095 44443714
49069095 40478108
49069095 49043813
49069095 56935814
49069095 43901486
49069095 65348772
49069095 130691039
49069095 44302196
49069095 26028909
49069095 102114664
49069095 67810770
49069095 65347685
49069095 231588583
49069095 54681655
49069095 107186651
49069095 65406167
49069095 57456003
49069095 163956815
84881855 7328279
84881855 15053779
147962834 50614512
37451861 49069095
37451861 102114664
65347685 49069095
7328279 84881855
230968599 49069095
15053779 84881855
44544971 43785420
44544971 49069095
67810770 231588583
54681655 130691039
43785420 44544971
43785420 75375390
65406167 49069095
65406167 8110316
577013964 56912661
26028909 49069095
85683672 49069095
163956815 49069095
44443714 49069095
40478108 49069095
56912661 577013964
56912661 49069095
56912661 8110316
191861859 15053779
56935814 49069095
