45437810 57587960
45437810 61556655
45437810 83554963
45362529 57587960
61556655 161141659
61556655 27398988
130031136 13966003
130031136 83553222
45478066 57587960
45478066 54621891
45478066 83553222
673046026 57587960
44760210 57587960
25534564 161141659
25534564 68599826
25534564 83553222
25534564 27398988
25534564 55252310
25534564 2412606
25534564 52135141
25534564 83554963
69223140 161141659
69223140 57587960
69223140 169528851
69223140 68599826
69223140 161141199
69223140 67041247
69223140 83553222
69223140 83554963
69223140 27398988
69223140 45483084
69223140 52487556
69223140 23045663
69223140 83554936
69223140 15790504
69223140 52135141
69223140 223827630
49824944 67041247
23279026 57587960
23279026 67041247
23279026 83553222
57587960 161141659
57587960 111730688
57587960 54419384
57587960 169528851
57587960 54621891
57587960 68599826
57587960 13966003
57587960 45478066
57587960 33359974
57587960 67041247
57587960 54910298
57587960 27398988
57587960 45362529
57587960 673046026
57587960 31021822
57587960 27849135
57587960 69223140
57587960 45483084
57587960 169530662
57587960 54431356
57587960 23279026
57587960 135324248
57587960 14892559
57587960 45437810
57587960 904404
57587960 110548927
57587960 52487556
57587960 501421736
57587960 2412606
57587960 83554936
57587960 15790504
57587960 31728388
57587960 52549778
57587960 52135141
57587960 223827630
57587960 44760210
57587960 58077051
161141487 161141659
161141487 111464730
161141487 161141199
161141487 67041247
161141487 54910298
161141487 45458362
161141487 45483084
161141487 169530662
161141487 54404892
161141487 52135141
35684447 169528851
35684447 83554963
23045663 161141659
23045663 69223140
135324248 54431356
135324248 57587960
54431356 110583115
54431356 161141659
54431356 57587960
54431356 52549778
54431356 83553222
54431356 45458362
54431356 135324248
54431356 52135141
54431356 25534564
54431356 83554963
73586196 54621891
110548927 57587960
110548927 54621891
110548927 83553222
110548927 31021822
83554963 83553222
83554963 27398988
83554963 25534564
83554963 161141659
83554963 52549778
83554963 35684447
83554963 111464730
83554963 54431356
83554963 52135141
169549878 67041247
161141199 161141659
161141199 69223140
161141199 161141487
161141199 2412606
76015798 13966003
76015798 83553222
27398988 110583115
27398988 161141659
27398988 57587960
27398988 61556655
27398988 83553222
27398988 69223140
27398988 55252310
27398988 2412606
27398988 25534564
27398988 52135141
27398988 83554963
54389994 83553222
45483084 161141659
45483084 57587960
45483084 54621891
45483084 55110458
45483084 83553222
45483084 54910298
45483084 69223140
45483084 52487556
45483084 2412606
45483084 161141487
31728388 83553222
31728388 2412606
31728388 161141659
31728388 57587960
31728388 54910298
31728388 54621891
31728388 52135141
31728388 83554963
55110458 54621891
55110458 61556655
55110458 45483084
55110458 2412606
55110458 52135141
55110458 83554963
52135141 111464730
52135141 54431356
52135141 68599826
52135141 15790504
52135141 52549778
52135141 161141659
52135141 55110458
52135141 69223140
52135141 27398988
52135141 25534564
52135141 54621891
52135141 83553222
52135141 31021822
52135141 161141487
52135141 57587960
52135141 31728388
52135141 114013927
52135141 83554963
169530662 57587960
169530662 54910298
169530662 2412606
169530662 161141487
55252310 27398988
55252310 25534564
27849135 57587960
27849135 54621891
27849135 25534564
169528851 161141659
169528851 57587960
169528851 69223140
169528851 35684447
169528851 223827630
114013927 161141659
114013927 83553222
114013927 52135141
31021822 161141659
31021822 57587960
31021822 54621891
31021822 68599826
31021822 13966003
31021822 83553222
31021822 27398988
31021822 110548927
31021822 2412606
31021822 52135141
501421736 57587960
52487556 57587960
52487556 67041247
52487556 83553222
52487556 69223140
52487556 45483084
161141659 57587960
161141659 169528851
161141659 54621891
161141659 61556655
161141659 13966003
161141659 161141199
161141659 67041247
161141659 83553222
161141659 27398988
161141659 31021822
161141659 69223140
161141659 45483084
161141659 114013927
161141659 23045663
161141659 83554936
161141659 161141487
161141659 25534564
161141659 52135141
161141659 83554963
83554936 161141659
83554936 57587960
83554936 83553222
83554936 54910298
83554936 45458362
83554936 69223140
14892559 57587960
14892559 67041247
111464730 161141659
111464730 54621891
111464730 61556655
111464730 13966003
111464730 83553222
111730688 57587960
54433142 161141659
223827630 57587960
223827630 31021822
223827630 55252310
223827630 67041247
223827630 73586196
223827630 169530662
223827630 169528851
223827630 69223140
67041247 161141659
67041247 57587960
67041247 69223140
67041247 54404892
67041247 52487556
67041247 93335259
67041247 161141487
58077051 57587960
54404892 67041247
54404892 161141487
54621891 161141659
54621891 111464730
54621891 57587960
54621891 68599826
54621891 61556655
54621891 55110458
54621891 13966003
54621891 45478066
54621891 83553222
54621891 31021822
54621891 27849135
54621891 45483084
54621891 169530662
54621891 54431356
54621891 54404892
54621891 110548927
54621891 73586196
54621891 2412606
54621891 93335259
54621891 31728388
54621891 52135141
54621891 83554963
52549778 57587960
52549778 83553222
52549778 67041247
52549778 27398988
54910298 161141659
54910298 57587960
54910298 13966003
54910298 161141199
54910298 31021822
54910298 45483084
54910298 169530662
54910298 300133747
54910298 54404892
54910298 83554936
54910298 161141487
54910298 31728388
54910298 52135141
300133747 169530662
2412606 111464730
2412606 57587960
2412606 54621891
2412606 68599826
2412606 61556655
2412606 55110458
2412606 13966003
2412606 161141199
2412606 83553222
2412606 27398988
2412606 31021822
2412606 45483084
2412606 169530662
2412606 25534564
2412606 31728388
110583115 27398988
110583115 54431356
13966003 161141659
13966003 111464730
13966003 57587960
13966003 83553222
13966003 54910298
13966003 130031136
13966003 2412606
13966003 76015798
54419384 57587960
54419384 67041247
15790504 57587960
15790504 45478066
15790504 69223140
15790504 52135141
33359974 57587960
904404 57587960
68599826 57587960
68599826 54621891
68599826 31021822
68599826 69223140
68599826 2412606
68599826 25534564
68599826 52135141
83553222 161141659
83553222 111464730
83553222 54621891
83553222 54389994
83553222 13966003
83553222 45478066
83553222 27398988
83553222 31021822
83553222 130031136
83553222 69223140
83553222 45483084
83553222 54431356
83553222 114013927
83553222 23279026
83553222 110548927
83553222 52487556
83553222 2412606
83553222 76015798
83553222 83554936
83553222 25534564
83553222 31728388
83553222 52549778
83553222 52135141
83553222 83554963
93335259 67041247
