155462806 73911221
23426496 73911221
82642579 73911221
75645970 73911221
152927608 82642579
223840935 73911221
40561671 23426496
5559656 73911221
59865848 73911221
59865848 54411096
72744041 73911221
532626677 21896128
12567276 23426496
44649125 73911221
56473657 73911221
152631277 73911221
149124634 133201662
44915266 73911221
199945790 73911221
705195749 73911221
83072496 73911221
133201662 154099746
133201662 149124634
133201662 434663477
434663477 133201662
54634296 73911221
154099746 133201662
154099746 347647564
199993945 73911221
21896128 532626677
54411096 59865848
54411096 35013957
199867624 73911221
155557949 73911221
14276470 73911221
801321946 73911221
