122505354 248413939
122505354 57185736
122505354 266195874
646987911 273779785
515934726 248413939
199897330 248413939
242229957 248413939
57185736 248413939
234900928 248413939
630264537 76719427
630264537 248413939
288274394 248413939
248439752 248413939
163893042 248413939
261206218 248413939
458000211 248413939
163893989 248413939
313484346 248413939
239973623 248413939
243163835 248413939
788571748 248413939
76719427 248413939
76719427 630264537
90927804 248413939
216681411 248413939
107660674 288274394
273779785 646987911
273779785 248413939
298535563 128417457
298535563 248413939
322955561 248413939
322955561 57185736
322955561 266195874
385901172 248413939
238960712 248413939
298164733 248413939
114236194 248413939
114236194 266195874
86580943 248413939
230403322 248413939
290134806 248413939
233687942 248413939
138080044 248413939
136166500 248413939
515933698 248413939
515933698 266195874
515933698 295334828
298304741 248413939
248902266 248413939
276041341 248413939
54262657 248413939
57409178 248413939
248413939 57185736
228216875 248413939
199716594 248413939
295334828 266195874
295334828 248413939
295334828 515933698
