535155901 5238279
152679224 5238279
152679224 534767238
105464533 5238279
105464533 20961381
105464533 11001659
58016400 5238279
57351666 5238279
582351695 5238279
581302231 5238279
58089422 5238279
152730340 421461369
58029801 5238279
58029801 20961381
152591613 5238279
58062934 5238279
457857668 5238279
11001659 5238279
11001659 60693875
11001659 359369403
11001659 20961381
11001659 65253509
601653948 5238279
298855728 5238279
104903644 5238279
58047094 5238279
785279947 5238279
534903585 5238279
58036273 5238279
58036273 421461369
601695601 5238279
534923524 5238279
170512506 5238279
15319044 5238279
833628002 65253509
58376996 5238279
168952912 5238279
58417855 5238279
58163327 5238279
421461369 57634560
421461369 5238279
421461369 105464533
421461369 20961381
421461369 65253509
421461369 60693875
421461369 152730340
421461369 58036273
421461369 534768027
501667356 5238279
501667356 65253509
52583171 57634560
52583171 5238279
52583171 20961381
60693875 57634560
60693875 5238279
60693875 20961381
60693875 359369403
60693875 65253509
60693875 11001659
324443259 5238279
676764318 5238279
158001285 5238279
158001285 534923524
534766087 5238279
535026800 5238279
534755125 5238279
96058228 5238279
4304983 5238279
534755273 5238279
581523247 5238279
279066407 5238279
736267952 5238279
223262243 5238279
12909278 5238279
558911804 5238279
57634560 421461369
581421334 5238279
20961381 105464533
20961381 60693875
20961381 58029801
20961381 11001659
20961381 52583171
20961381 65253509
20961381 421461369
359369403 5238279
359369403 60693875
359369403 11001659
161492406 5238279
421543181 5238279
157892981 5238279
65253509 5238279
65253509 105464533
65253509 60693875
65253509 833628002
65253509 11001659
65253509 20961381
