19229794 50909035
140035606 40217553
39556379 114146990
160286563 175285955
215836131 608289302
2357343 81874257
2357343 114146990
44697506 114146990
44697506 81874257
40217553 59314472
665673849 175285955
2502285 40217553
37993689 57075279
37993689 81874257
37993689 50909035
37993689 608289302
74863203 114146990
649166259 181786827
81874257 44697506
81874257 59314472
81874257 50909035
81874257 2357343
81874257 58041310
17865723 81874257
17865723 127177158
349401523 127177158
57075279 59314472
57075279 50909035
57075279 127177158
57075279 608289302
211466171 175285955
59314472 57075279
59314472 81874257
59314472 50909035
59314472 58041310
59314472 608289302
59314472 29554575
693891868 175285955
298849641 57075279
298849641 50909035
298849641 29554575
215706857 75853061
215706857 103413248
215706857 175285955
154897723 81874257
82583704 57075279
175285630 665673849
175285630 695793297
175285630 175285955
174454897 75853061
174454897 175285955
174454897 138123886
174454897 652978820
103413248 215706857
175285967 51762155
175285967 175285955
175285967 457018237
50684570 57075279
94954606 75853061
94954606 175285955
94954606 211466171
94954606 138123886
50909035 59314472
50909035 57075279
50909035 81874257
50909035 608289302
608289302 59314472
608289302 81874257
608289302 50909035
695793297 175285630
695793297 813139095
695793297 175285955
272175923 81874257
127177158 57075279
282123085 138123886
181786827 649166259
181786827 175285955
181786827 138123886
175285955 665673849
175285955 138123886
51762155 175285967
51762155 457018237
29554575 59314472
29554575 57075279
29554575 50909035
29554575 298849641
457018237 51762155
457018237 175285967
75853061 175285955
75853061 652978820
174451693 138123886
174451693 652978820
174767337 127177158
49358431 50909035
114146990 44697506
114146990 2357343
114146990 74863203
366103581 127177158
138123886 175285955
508862092 127177158
168621451 40217553
129059165 175285955
579339847 40217553
109135062 57075279
109135062 50909035
33714554 59314472
813139095 695793297
27482433 57075279
58041310 81874257
58041310 50909035
652978820 75853061
81499949 608289302
81499949 50909035
