160303903 57644609
152932211 152906562
581594057 127540765
61349430 298834075
61349430 60696757
61349430 127671324
26213978 127671324
26213978 127540765
580890150 57644609
580890150 127540765
58308970 127540765
152906562 536232990
155830905 127540765
68779948 60696757
68779948 127540765
58155724 127671324
58082975 127540765
58187729 127540765
60696757 61349430
60696757 68779948
60696757 129630290
7220705 57345494
57644609 580890150
57644609 130370096
57644609 160303903
57590920 127540765
59186635 127540765
298866103 127540765
298834075 61349430
298834075 127540765
152679310 127540765
