59547801 4751307
59547801 161101554
57612221 4751307
732662750 4751307
199789059 4751307
390229989 4751307
153167077 67306849
114404169 3492622
104587256 4751307
115326702 256532920
45281050 4751307
199918160 4751307
529818500 4751307
139377027 4751307
148925859 4751307
83473335 4751307
238191189 4751307
299403627 4751307
67783753 4751307
65210326 4751307
65210326 37821520
3492622 114404169
392382287 4751307
17702876 4751307
65437930 67306849
479927275 4751307
14693158 4751307
15849910 4751307
57457468 4751307
57484774 4751307
16325021 4751307
10240202 4751307
160211039 4751307
161101554 59547801
199743648 4751307
423937881 4751307
729229199 4751307
22417904 4751307
14577156 4751307
219819994 67306849
219819994 4751307
350117539 4751307
67306849 4751307
10989398 4751307
322364434 4751307
239721453 4751307
75345016 4751307
256532920 115326702
37821520 4751307
37821520 65210326
