50858204 127166025
50858204 111615062
50858204 115144835
421458186 127166025
421458186 131874890
473839363 127166025
155851760 127166025
215734187 57645471
215734187 127166025
223850896 127166025
152833542 127166025
152833542 58105523
152933107 111615062
152933107 115144835
152933107 210238955
152933107 152478714
152933107 57643661
152933107 127166025
15321464 127166025
15321464 101695610
15321464 115144835
15321464 152933547
40441134 54675575
40441134 57648512
40441134 111615062
40441134 115144835
40441134 14833376
40441134 127166025
40441134 67521635
54168994 127166025
54168994 152686421
54168994 115144835
14833376 127166025
14833376 40441134
152478714 152621200
152478714 4562837
152478714 115144835
152478714 127166025
152478714 152933107
152533638 806170250
152533638 127166025
152533638 57652547
6992488 127166025
6992488 57650713
152939207 298837066
152939207 127166025
152939207 115144835
580893526 127166025
33241137 127166025
754338246 127166025
152686421 127166025
152686421 58105523
152686421 115144835
152686421 54168994
152954990 127166025
152954990 298837066
152954990 115144835
152954990 23515236
210238955 127166025
210238955 58105523
210238955 57648512
210238955 152933107
57643661 57648512
57643661 111615062
57643661 115144835
57643661 581041940
57643661 152710172
57643661 210187288
57643661 57645471
57643661 127166025
57643661 152933107
152581090 127166025
152581090 133003369
152581090 115144835
130229204 127166025
210196980 57645471
210196980 127166025
210196980 58105523
210196980 57648512
210196980 111615062
210196980 67521635
210196980 44759212
133003369 127166025
133003369 152581090
152621200 127166025
152621200 152478714
581015891 127166025
101742742 127166025
298830282 99810425
298830282 120396827
298830282 127166025
298830282 115144835
581041940 210185873
581041940 127166025
581041940 57643661
58155351 127166025
483293904 127166025
483293904 101695610
299344259 127166025
718546363 57648512
718546363 111615062
718546363 210187288
718546363 581669935
718546363 127166025
718546363 58105523
695803034 127166025
58337451 127166025
4562837 152723361
4562837 57645471
4562837 127166025
4562837 58105523
4562837 57648512
4562837 152478714
4562837 111615062
4562837 69002316
4562837 115144835
4562837 23515236
4562837 74956374
631406054 127166025
581060874 127166025
581060874 111615062
152723361 127166025
152723361 57648512
152723361 74956374
152723361 4562837
152723361 115144835
44759212 111615062
44759212 127166025
44759212 57645471
44759212 210196980
44759212 57648512
101699296 130229204
101699296 127166025
228990213 127166025
130527697 127166025
152565192 459372821
152565192 127166025
54675575 127166025
54675575 40441134
54675575 101699296
54675575 111615062
57648512 152723361
57648512 581669935
57648512 718546363
57648512 57645471
57648512 127166025
57648512 58105523
57648512 40441134
57648512 111615062
57648512 57650713
57648512 210196980
57648512 69002316
57648512 4562837
57648512 115144835
57648512 210238955
57648512 57643661
57648512 101695610
57648512 44759212
155858870 127166025
152673808 57645471
152673808 127166025
823912220 127166025
152933547 127166025
152933547 15321464
67521635 127166025
67521635 40441134
67521635 111615062
67521635 115144835
67521635 210196980
58100228 127166025
57652547 127166025
57652547 152533638
459372821 152565192
459372821 127166025
459372821 152564705
459374739 127166025
581669935 57648512
581669935 127166025
210187288 582172726
210187288 57643661
210187288 718546363
210187288 57645471
210187288 127166025
69002316 127166025
69002316 58105523
69002316 57648512
69002316 111615062
69002316 4562837
758763929 210185873
758763929 57645471
758763929 127166025
212643696 130495439
120396827 298830282
120396827 127166025
74956374 152723361
74956374 127166025
74956374 115144835
74956374 4562837
582172726 210187288
582172726 127166025
130495439 212643696
130094174 152833542
130094174 127166025
130094174 101695610
131874890 421458186
131874890 127166025
298837066 127166025
298837066 152939207
806170250 127166025
806170250 152533638
806170250 101695610
581985875 127166025
115144835 152723361
115144835 99810425
115144835 298830282
115144835 57645471
115144835 127166025
115144835 58105523
115144835 40441134
115144835 57648512
115144835 152939207
115144835 152478714
115144835 111615062
115144835 74956374
115144835 4562837
115144835 152686421
115144835 152581090
115144835 54168994
115144835 152933107
115144835 50858204
115144835 57643661
115144835 101695610
115144835 67521635
115144835 152954990
115144835 15321464
58105523 57648512
58105523 111615062
58105523 210196980
58105523 69002316
58105523 4562837
58105523 152686421
58105523 115144835
58105523 210238955
58105523 101695610
58105523 718546363
58105523 57645471
58105523 127166025
57645471 215734187
57645471 152673808
57645471 57648512
57645471 111615062
57645471 758763929
57645471 210196980
57645471 4562837
57645471 115144835
57645471 210187288
57645471 57643661
57645471 127166025
57645471 58105523
57645471 44759212
216027808 127166025
152710172 127166025
152710172 57643661
152710172 44759212
210185873 758763929
210185873 581041940
77387265 127166025
113654199 127166025
113654199 23515236
111615062 54675575
111615062 99810425
111615062 718546363
111615062 57645471
111615062 127166025
111615062 58105523
111615062 40441134
111615062 57648512
111615062 210196980
111615062 74956374
111615062 69002316
111615062 4562837
111615062 115144835
111615062 581060874
111615062 152933107
111615062 50858204
111615062 57643661
111615062 152533638
111615062 101695610
111615062 67521635
111615062 15321464
111615062 44759212
581962868 127166025
99810425 298830282
99810425 115144835
99810425 127166025
50763129 127166025
57650713 6992488
57650713 57648512
57650713 127166025
101695610 806170250
101695610 127166025
101695610 58105523
101695610 57648512
101695610 111615062
101695610 115144835
101695610 483293904
101695610 15321464
23515236 127166025
23515236 4562837
23515236 152954990
152564705 459372821
152564705 127166025
155816128 127166025
