163137488 19176397
163137488 9379110
754417815 9379110
44245162 9379110
20869025 9379110
36404199 9379110
44999109 9379110
17900183 127385889
17900183 9379110
15709603 9379110
636498624 9379110
48492366 9379110
476545290 9379110
64906395 44845961
64906395 9379110
64906395 38697838
64906395 49066983
48744697 172441520
11924500 9379110
192224498 9379110
49060940 9379110
49060940 49066983
38697838 3635859
38697838 127385889
38697838 130487072
38697838 64906395
44845961 9379110
44845961 64906395
91251448 9379110
638628783 9379110
33092321 9379110
836614558 9379110
49058526 9379110
19176397 163137488
19176397 9379110
127385889 17900183
55234961 9379110
13426420 9379110
24731045 9379110
177104390 9379110
792539530 9379110
3635859 9379110
3635859 38697838
22927085 9379110
319512830 9379110
461402096 9379110
68951156 9379110
230971356 9379110
305451682 9379110
130597038 9379110
643382985 9379110
231566812 194458234
25098355 9379110
457835468 9379110
194458234 231566812
194458234 9379110
129344785 9379110
716998866 9379110
92362190 9379110
243759396 9379110
130277114 9379110
237074358 9379110
54190374 9379110
130487072 9379110
130487072 38697838
49479828 9379110
43998687 9379110
83704179 9379110
44571697 9379110
127220544 9379110
836612743 9379110
49066983 49060940
49066983 9379110
81801727 9379110
207855173 9379110
