538687967 119945436
604420544 836610567
119945436 538687967
15157349 13631859
15157349 140183236
78316824 581529438
78316824 99636344
78316824 833329727
78316824 460149259
78316824 81955913
78316824 9340722
78316824 580869413
78316824 58321544
78316824 20101857
152713317 298859026
152713317 299131696
152713317 78316824
58321544 78316824
93624750 452735007
836610567 604420544
73124385 123725233
581529438 78316824
580869413 78316824
746471778 742628300
13631859 15157349
40119577 78316824
160329884 144529070
140183236 15157349
452735007 93624750
159902717 72807257
298859026 152713317
50637673 78316824
50637673 299131696
50637673 580869413
4078174 496924390
460149259 78316824
144529070 160329884
9340722 78316824
72807257 159902717
72807257 159843154
460100692 78316824
81955913 78316824
833329727 78316824
99636344 78316824
12314514 123725233
123725233 73124385
123725233 12314514
836610962 742628300
20101857 78316824
742628300 836610962
742628300 746471778
833958265 78316824
298851199 152713317
