4727809 129438384
58360724 69302428
34112784 69302428
5030533 68947644
5030533 72916252
48743371 35320233
85051185 442221526
58107702 69302428
72916252 192544656
72916252 67730448
72916252 5030533
112477284 166556731
192544656 72916252
236465831 69302428
364213320 69302428
298032965 69302428
44225444 44991553
35320233 68947644
35320233 48743371
500356655 69302428
58318363 69302428
44501142 68947644
44501142 129438384
111581718 69302428
166524929 129438384
61885034 69302428
61885034 669095693
68947644 35320233
68947644 48742433
68947644 67730448
68947644 5030533
731345493 69302428
69302428 111581718
69302428 85810135
669095693 61885034
44991553 44225444
85810135 69302428
85810135 129438384
158076462 69302428
135824418 78138123
166556731 112477284
166556731 59513924
67730448 68947644
67730448 72916252
78138123 135824418
42130728 69302428
48742433 68947644
48742433 69302428
499715831 69302428
59513924 166556731
