49354158 76781928
14892229 127167266
112126929 48588183
112126929 136238920
112126929 44711555
345168836 127167266
136238920 112126929
136238920 48588183
85804595 127167266
555083658 127167266
106237660 127167266
44989791 200069406
44989791 56956866
44989791 127167266
322783919 133180332
139686395 127167266
44711555 112126929
57708434 127167266
48588183 112126929
48588183 136238920
15744608 80104209
167745952 127167266
260814372 127167266
48717289 127167266
24796333 127167266
228841246 127167266
80104209 15744608
80104209 127167266
8136662 127167266
738522450 127167266
129999143 44586767
29864668 128018814
74804422 127167266
128699166 127167266
56956866 44989791
56956866 14892229
56956866 200069406
56956866 127167266
605188767 127167266
200069406 44989791
200069406 56956866
2221746 127167266
149009138 127167266
15173484 127167266
364132013 127167266
549089649 127167266
44586767 129999143
37943174 127167266
497561175 127167266
742313790 127167266
665955647 127167266
518399770 127167266
300523977 127167266
131671921 127167266
112551434 61277652
61277652 112551434
61277652 127167266
12398365 127167266
450232968 127167266
54624505 127167266
13232457 127167266
155132364 127167266
83604691 127167266
76781928 14892229
76781928 49354158
130187781 127167266
156563320 14892229
350186772 127167266
353818266 127167266
200070408 127167266
21324670 127167266
57453643 127167266
