52549347 299333064
298858320 130014281
298858320 52572803
298858320 45163640
298858320 16743532
73103345 57646568
58163035 57646568
58493004 45163640
692807534 45163640
152592093 45163640
36628337 45163640
58292255 45163640
130014281 298858320
130014281 16743532
58006459 45163640
58006459 16743532
205885498 45163640
14669660 57646568
534751414 45163640
677165027 45163640
299333064 52549347
299333064 45163640
45163640 130014281
45163640 692807534
45163640 298858320
45163640 205885498
45163640 52572803
45163640 36628337
45163640 831703724
45163640 16743532
45163640 677165027
45163640 56939147
45163640 298851078
45163640 58292255
45163640 58006459
45163640 152592093
57646568 56939147
57646568 298851078
57646568 73103345
57646568 58163035
57646568 14669660
57646568 298858320
831703724 45163640
2347984 16743532
16743532 130014281
16743532 298858320
16743532 52572803
16743532 45163640
16743532 2347984
16743532 58006459
52572803 45163640
52572803 16743532
56939147 45163640
56939147 57646568
298851078 45163640
298851078 57646568
