64824110 127181160
52236452 127181160
21797939 127181160
145507915 127181160
546577986 127181160
123069114 127181160
182117507 127181160
306534288 127181160
304076289 127181160
133788955 127181160
215916775 127181160
836613319 127181160
165918255 127181160
163036144 127181160
147960398 127181160
233610906 127181160
501282481 127181160
90060033 127181160
217512446 211939407
363475180 127181160
529882111 127181160
61245455 127181160
211939407 127181160
211939407 217512446
432407240 127181160
31086381 127181160
76439995 127181160
304966158 127181160
218382706 127181160
137616248 127181160
657056952 127181160
51363152 127181160
77381404 127181160
176449060 127181160
132716222 127181160
85895370 127181160
128123562 127181160
80515993 127181160
383266082 127181160
297000170 127181160
452139342 127181160
263308083 127181160
123536633 127181160
163056289 127181160
95625002 127181160
139093333 127181160
217816828 127181160
142995442 127181160
233655516 127181160
80039483 127181160
