49239628 55474621
49239628 153693080
49239628 19682846
19682846 9220091
19682846 64606015
19682846 153693080
19682846 43853790
19682846 49239628
19682846 14698317
19682846 55474621
19682846 836610502
55474621 19682846
55474621 153693080
55474621 49239628
55474621 76739839
76739839 55474621
149532859 55474621
153693080 55474621
153693080 49239628
153693080 19682846
62161121 55474621
64606015 55474621
836610502 19682846
4757677 55474621
9220091 55474621
9220091 19682846
749060574 55474621
43853790 19682846
43853790 55474621
14698317 64606015
14698317 19682846
14698317 55474621
