55908638 30333390
10014045 20215243
10014045 38993743
57995939 58423784
57995939 20215243
45037520 128750069
45037520 20215243
34213346 6400513
166546685 20215243
162004662 13777963
30014798 20215243
134144793 13777963
436163953 20215243
582447643 13777963
58485392 643624237
606842447 20215243
107290880 20215243
107290880 679480666
536395011 20215243
688090127 20215243
54652504 20215243
54681726 20215243
20215243 38993743
16549150 20215243
16549150 13777963
133297645 20215243
13777963 217175326
228668871 20215243
69095582 20215243
15037089 30333390
68354460 13777963
200147854 20215243
74746602 13777963
43763686 13777963
17739865 20215243
38993743 30333390
38993743 20215243
38993743 14507577
50871052 20215243
50871052 13777963
14507577 20215243
58025687 582447643
58025687 20215243
58025687 13777963
30333390 15037089
30333390 38993743
30333390 20215243
58174242 13777963
23774987 104241470
23774987 20215243
60286987 20215243
29857398 20215243
128750069 20215243
82113387 20215243
217175326 13777963
679480666 107290880
679480666 20215243
305911567 20215243
58019368 13777963
836614002 20215243
37821520 13777963
5358531 152575729
5358531 20215243
836614623 20215243
643624237 58485392
130187193 20215243
