591824155 39929481
700703417 39929481
497239661 30245101
497239661 39929481
497319488 39929481
700958403 39929481
666841464 39929481
52563462 6856863
156787964 39929481
427968316 39929481
148107524 39929481
12368208 39929481
565572547 30245101
565572547 325737681
565572547 39929481
836614019 39929481
713437910 39929481
815627150 39929481
137198784 325737681
137198784 39929481
836611903 39929481
6856863 52563462
6856863 39929481
413106586 39929481
30245101 39929481
112629392 39929481
40484699 722792232
700824893 39929481
224419515 127390879
26770982 39929481
280990929 39929481
700708675 39929481
756699995 39929481
279295468 39929481
527813599 39929481
262048095 39929481
756713022 39929481
323061324 39929481
629628832 39929481
144760825 39929481
39929481 325737681
39929481 6856863
39929481 30245101
322075445 39929481
774653893 39929481
199328031 39929481
836614609 39929481
700934802 39929481
325737681 39929481
325737681 127390879
17169519 30245101
17169519 39929481
742550644 39929481
836613059 39929481
636356875 39929481
785800736 39929481
836614024 39929481
722792232 39929481
722792232 40484699
836612253 39929481
701193404 39929481
39504132 39929481
15512680 39929481
15512680 497341352
700758495 39929481
518643940 39929481
701528342 39929481
54146445 39929481
701049187 39929481
497341352 15512680
497341352 39929481
155462553 39929481
836612230 39929481
143082625 39929481
497184951 262048095
497184951 39929481
127390879 30245101
127390879 39929481
167289261 30245101
167289261 39929481
836614847 39929481
509458380 39929481
747610789 39929481
