58120551 31807702
205685136 81539842
693673809 4751814
39587128 81539842
39587128 5611351
836019592 25458161
223848637 61610024
223848637 81539842
223848637 16525761
223848637 20485105
223848637 4751814
223848637 8878646
223848637 105693905
223848637 22744711
223848637 33733451
16525761 25458161
16525761 4751814
16525761 223848637
16525761 22744711
25508772 81539842
25508772 4751814
25508772 22744711
105693905 81539842
105693905 22744711
29189018 14221425
29189018 81539842
29189018 4751814
29189018 25458161
29189018 22744711
218303503 179548660
218303503 81539842
218303503 4751814
218303503 40128173
212809052 4751814
212809052 81539842
377282046 5633293
377282046 33733451
223834263 81539842
223834263 4751814
50651867 31807702
836612766 81539842
836612766 4751814
727485427 81539842
727485427 4751814
22925613 81539842
81539842 33821200
81539842 20485105
81539842 560319409
81539842 31807702
81539842 52452237
81539842 61610024
81539842 128399435
81539842 8878646
81539842 212809052
81539842 163920668
81539842 105693905
81539842 25458161
81539842 155063229
81539842 22925613
81539842 4751814
81539842 130931954
81539842 5611351
81539842 834221470
81539842 205685136
81539842 40128173
81539842 223848637
81539842 29189018
81539842 28058172
81539842 22744711
58162818 4751814
58162818 9023080
58162818 28058172
132193789 40128173
58165616 31807702
58165616 16913628
514627825 22744711
514627825 4751814
514627825 81539842
23178845 8878646
23178845 25458161
23178845 81539842
23178845 5611351
23178845 40128173
23178845 4751814
23178845 163920668
23178845 9023080
22840775 31807702
22840775 52452237
22840775 8878646
22840775 179548660
22840775 81539842
22840775 4751814
22840775 130931954
22840775 5611351
22840775 49185566
22840775 40128173
22840775 223848637
22840775 22744711
81599737 9023080
57309653 4751814
18052102 81539842
18052102 25895439
377332871 4751814
32264344 31807702
9023080 40128173
9023080 4751814
9023080 28058172
9023080 81539842
9023080 23178845
9023080 81599737
9023080 73507307
8878646 18052102
8878646 52452237
8878646 61610024
8878646 128399435
8878646 35435829
8878646 52450767
8878646 105693905
8878646 81539842
8878646 22925613
8878646 4751814
8878646 130931954
8878646 22840775
8878646 5611351
8878646 40128173
8878646 223848637
8878646 29189018
8878646 22744711
49185566 20485105
49185566 81539842
49185566 22840775
49185566 73507307
834221470 31807702
834221470 81539842
834221470 4751814
152573948 31807702
35435829 8878646
35435829 81539842
35435829 22744711
58125345 4751814
58125345 81539842
541487595 31807702
28058172 40128173
28058172 4751814
28058172 81539842
28058172 58162818
28058172 9023080
28058172 22744711
73507307 4751814
73507307 52452237
73507307 49185566
73507307 5633293
73507307 33733451
73507307 9023080
73507307 22744711
5633293 25458161
5633293 377282046
5633293 4751814
5633293 73507307
560319409 25458161
560319409 81539842
560319409 4751814
20485105 8878646
20485105 163920668
20485105 81539842
20485105 4751814
20485105 49185566
20485105 40128173
20485105 223848637
20485105 22744711
421483675 5611351
14221425 33821200
14221425 4751814
14221425 17556008
14221425 105693905
14221425 22744711
14221425 29189018
130931954 8878646
130931954 81539842
130931954 693673809
130931954 4751814
490446845 4751814
58288046 31807702
58288046 28058172
13529657 22744711
13529657 4751814
13529657 81539842
217253236 31807702
298856709 31807702
649953970 81539842
649953970 22744711
179548660 218303503
179548660 4751814
58354677 25458161
58354677 40128173
58354677 4751814
58354677 81539842
25458161 33821200
25458161 560319409
25458161 81539842
25458161 4751814
25458161 25895439
76974022 4751814
76974022 81539842
17556008 61610024
17556008 81539842
17556008 14221425
17556008 4751814
17556008 223848637
17556008 22744711
31807702 81539842
31807702 4751814
25895439 18052102
25895439 25458161
16913628 31807702
161491224 81539842
161491224 4751814
163920668 81539842
163920668 4751814
163920668 22744711
4751814 298851406
4751814 31807702
4751814 61610024
4751814 8878646
4751814 179548660
4751814 25458161
4751814 514633285
4751814 16525761
4751814 81539842
4751814 5611351
4751814 377332871
4751814 155063229
4751814 23178845
4751814 223834263
4751814 52452237
4751814 130931954
4751814 55064161
4751814 223848637
4751814 22744711
128399435 81539842
128399435 4751814
128399435 5611351
52452237 8878646
52452237 81539842
52452237 4751814
52452237 73507307
514633285 22744711
514633285 4751814
514633285 81539842
61610024 81539842
61610024 223848637
61610024 22744711
152486361 31807702
52450767 130931954
52450767 4751814
52450767 81539842
52450767 8878646
55064161 4751814
55064161 81539842
55064161 163920668
55064161 25458161
33821200 14221425
33821200 25458161
33821200 81539842
33821200 4751814
33821200 22744711
92495984 31807702
92495984 4751814
90958193 4751814
90958193 81539842
91701298 5611351
91701298 4751814
33733451 81539842
33733451 4751814
33733451 223848637
33733451 76974022
33733451 5611351
33733451 40128173
33733451 25458161
33733451 73507307
33733451 22744711
40128173 20485105
40128173 81539842
40128173 4751814
40128173 5633293
40128173 28058172
40128173 22744711
30385151 4751814
22744711 5611351
22744711 8878646
22744711 33821200
22744711 22840775
22744711 22925613
22744711 17556008
22744711 163920668
22744711 514633285
22744711 105693905
22744711 35435829
22744711 13529657
22744711 223848637
22744711 29189018
22744711 73507307
22744711 20485105
22744711 377332871
22744711 81539842
22744711 40128173
22744711 61610024
22744711 33733451
22744711 4751814
22744711 28058172
22744711 16525761
45508857 25458161
5611351 128399435
5611351 81539842
5611351 39587128
5611351 4751814
5611351 22744711
52452221 8878646
52452221 81539842
52452221 4751814
52452221 105693905
298851406 81539842
298851406 4751814
155063229 81539842
155063229 223848637
155063229 4751814
