389536123 127658446
389536123 73025014
835306551 127658446
421465492 421502532
421465492 543619837
421465492 421501762
421465492 421472142
421465492 389336640
421465492 127658446
421465492 421471982
421472240 127658446
421472240 73025014
72291990 389336640
72291990 65307043
72291990 127658446
421474224 127658446
421471982 421501762
421471982 421472142
421471982 127658446
220532252 127658446
835330667 543619837
835330667 127658446
421468999 65307043
421468999 73025014
421468999 127658446
65307043 389336640
65307043 73025014
65307043 127658446
118084105 73025014
118084105 127658446
421474344 127658446
421474344 421471982
369200846 421472142
369200846 127658446
421501762 127658446
421501762 421471982
421501762 421465492
421502532 389336640
421502532 127658446
421472142 389336640
421472142 127658446
834126608 127658446
66428142 73025014
604492757 127658446
389336640 421472142
389336640 421502532
389336640 73025014
389336640 65307043
389336640 127658446
127658446 421502532
421472939 421472142
421472939 421640260
421472939 127658446
543619837 127658446
543619837 73025014
421640260 127658446
421640260 421502532
421640260 73025014
835331421 127658446
73025014 543619837
421471359 127658446
835394734 389336640
835394734 421502532
835394734 127658446
828444591 127658446
