152733899 57645540
57646460 57644714
57646460 82650061
57646460 57643444
57646460 214972316
214972316 57645540
214972316 57646438
214972316 57644714
214972316 57643444
214972316 57646460
760483295 214972316
57645540 152733899
57645540 57646438
57645540 760483295
57645540 214972316
57645540 57644714
57645540 57643444
57646438 57645540
57646438 760483295
57646438 214972316
57646438 57644714
57646438 57643444
57644714 57645540
57644714 57646438
57644714 152914244
57644714 214972316
57644714 57643444
57644714 57646460
57643444 57644714
57643444 57645540
57643444 214972316
57643444 57646438
57643444 57646460
152914244 214972316
152914244 57644714
82650061 57646460
