34029940 29724024
34029940 127169311
9513702 72135106
357511393 29724024
199929781 29724024
535377043 29724024
82400930 29724024
65095299 29724024
836613705 29724024
55607498 29724024
67855276 29724024
48757435 29724024
38145120 29724024
56132239 29724024
26518120 29724024
265699243 29724024
50561407 29724024
19542976 29724024
830216107 29724024
48085626 29724024
49024080 29724024
57436758 29724024
33757632 29724024
321350492 29724024
19694698 29724024
174530698 29724024
60939183 127169311
72135106 9513702
753447261 48085626
49320025 29724024
49051435 29724024
100805619 29724024
33671588 29724024
95515181 29724024
78945673 29724024
37709208 29724024
617213613 29724024
49241417 29724024
