708257339 9468779
302163729 60272549
138861655 9468779
58043816 60272549
128092385 60272549
366430602 60272549
497795055 60272549
166643546 60272549
362982753 60272549
200020225 60272549
374506849 60272549
164504832 142735189
197977994 9468779
2456881 60272549
61016330 56603555
68662585 9468779
363773168 60272549
49280976 60272549
618192615 14310027
618192615 9468779
82398518 60272549
128319958 60272549
434073075 60272549
192261884 142735189
424542332 60272549
374488857 60272549
558708522 60272549
413406673 9468779
33798103 127198501
836614405 60272549
45185530 60272549
35587611 60272549
97959199 60272549
55271805 60272549
166866658 60272549
630312988 60272549
28513025 60272549
497817745 60272549
83889519 60272549
9468779 708257339
9468779 618192615
9468779 138861655
9468779 68662585
836543848 60272549
434079567 60272549
96570938 60272549
630294235 142735189
836613094 60272549
83526744 60272549
671816200 60272549
559792233 60272549
97184238 142735189
97184238 60272549
131861019 60272549
52390760 60272549
103418067 60272549
754474838 142735189
192278244 142735189
192278244 60272549
4397153 51605371
192308618 142735189
192308618 60272549
14310027 618192615
14310027 9468779
86476613 60272549
56603555 61016330
201284405 60272549
31590372 60272549
43992363 60272549
51605371 4397153
