152892635 3559936
152892635 20171689
11819017 152930457
11819017 20171689
130338844 20171689
130338844 3559936
581394711 20171689
3559936 20171689
3559936 152930457
3559936 50477240
582344538 20171689
152930457 20171689
152930457 57483900
152930457 3559936
152930457 11819017
16282228 20139987
20139987 20171689
20139987 16282228
20139987 23782155
99951108 20171689
99951108 23782155
152622990 20171689
20171689 152930457
20171689 581394711
20171689 130338844
20171689 57483900
20171689 20139987
20171689 99951108
20171689 152892635
20171689 50477240
20171689 582344538
20171689 23782155
20171689 152957531
57483900 20171689
50477240 20171689
23782155 20139987
23782155 20171689
23782155 99951108
152957531 20171689
