148169622 128105505
148169622 127205704
57080848 59140432
57080848 57957922
50899428 55013092
50899428 157991583
50899428 13163465
50899428 36592786
50899428 191884201
36592786 130412715
36592786 157991583
36592786 50899428
36592786 191884201
24431039 128105505
24431039 5792624
24431039 127205704
5792624 128105505
5792624 77602641
5792624 6235340
5792624 127205704
699541159 749561937
749561937 699541159
240173191 128105505
240173191 5792624
240173191 127205704
120175068 128105505
45137000 128105505
45137000 127205704
45137000 5792624
45137000 77602641
130412715 36592786
130412715 13163465
91078711 10863184
516129720 128105505
35156142 128105505
127888227 5792624
6235340 128105505
6235340 5792624
6631512 128105505
27011325 127205704
166482183 128105505
166482183 302521037
128105505 64406165
84219982 128105505
67343603 128105505
200229829 5792624
59140432 57957922
59140432 57080848
54437907 25068563
137388578 128105505
137388578 128686248
546518383 57069460
157991583 55013092
302892978 127205704
67334339 128105505
67334339 127205704
77602641 128105505
77602641 5792624
77602641 127205704
836614379 128105505
55013092 157991583
55013092 50899428
55013092 191884201
64406165 128105505
273323966 128105505
7094884 128105505
191884201 55013092
191884201 50899428
191884201 157991583
128181389 128105505
128181389 127205704
148951494 128105505
148951494 127205704
61027885 128105505
25068563 128105505
25068563 54437907
25068563 5792624
25068563 127205704
75369041 128105505
127525544 128105505
51957173 128105505
805912503 5792624
805912503 127205704
22153144 127205704
213526072 127205704
12697250 128105505
12697250 127205704
57957922 59140432
57957922 57080848
127205704 5792624
111730688 213115680
111730688 127205704
215749020 128105505
128653905 128105505
128653905 5792624
128653905 127205704
6618118 128105505
6618118 5792624
6618118 127205704
185825429 128105505
711652112 128105505
20443078 5792624
364223176 128105505
55830605 128105505
55830605 128686248
808336141 128105505
766855348 128105505
300741605 128105505
194550602 128105505
13163465 128105505
13163465 191884201
223151031 128105505
453885843 128105505
128686248 128105505
128686248 127205704
213115680 128105505
213115680 111730688
