39542187 48721033
39542187 203490543
39542187 9277162
39542187 303374449
39542187 114406203
136083961 114406203
23831176 52023346
23831176 1463486
23831176 6523009
23831176 114406203
23831176 9277162
836365384 114406203
48721033 39542187
48721033 67875679
48721033 114406203
83668478 57322224
83668478 114406203
83668478 203490543
448117288 114406203
456269315 114406203
757671131 114406203
131275524 115041837
131275524 114406203
52023346 114406203
52023346 23831176
834844515 114406203
114394636 686800327
114394636 207646750
114394636 100327172
59509880 114406203
6523009 1463486
6523009 303374449
6523009 9277162
6523009 23831176
19852708 114406203
100327172 114406203
100327172 114394636
80516763 114406203
201386351 114406203
303374449 39542187
303374449 6523009
303374449 114406203
303374449 9277162
303374449 207646750
115041837 131275524
115041837 114406203
115041837 67875679
115041837 579017072
67875679 131275524
67875679 115041837
67875679 48721033
833308091 114406203
75372836 114406203
75372836 267433147
434648413 114406203
51789447 114406203
147997409 114406203
267433147 57322224
267433147 114406203
547059037 114406203
75150887 114406203
528364289 114406203
9277162 39542187
9277162 1463486
9277162 6523009
9277162 114406203
9277162 303374449
9277162 57322224
9277162 579017072
9277162 23831176
9277162 207646750
9277162 203490543
207646750 114406203
207646750 303374449
207646750 114394636
207646750 9277162
142684196 114406203
686800327 114406203
45508967 115041837
45508967 114406203
57322224 114406203
57322224 267433147
57322224 166533026
579017072 147997409
579017072 114406203
579017072 115041837
1463486 9277162
1463486 23831176
1463486 57322224
1463486 114406203
1463486 6523009
178862436 114406203
203490543 39542187
203490543 114406203
203490543 9277162
578774507 114406203
166533026 57322224
155634209 114406203
70755848 114406203
162886576 114406203
114406203 434648413
114406203 19852708
114406203 448117288
114406203 39542187
114406203 45508967
114406203 456269315
114406203 52023346
114406203 131275524
114406203 686800327
114406203 1463486
114406203 155634209
114406203 547059037
114406203 201386351
114406203 115041837
114406203 267433147
114406203 303374449
114406203 147997409
114406203 57322224
114406203 142684196
114406203 80516763
114406203 579017072
114406203 75372836
114406203 178862436
114406203 136083961
114406203 23831176
114406203 207646750
114406203 9277162
114406203 51789447
114406203 203490543
114406203 578774507
114406203 75150887
114406203 836365384
114406203 833308091
114406203 100327172
114406203 834844515
114406203 83668478
