152912208 155860977
152912208 54300543
152912208 149533794
44758329 155860977
44758329 149533794
23322283 149533794
152919901 149533794
152674428 29112692
152674428 149533794
152851323 58094341
152851323 149533794
152927936 149533794
181213533 149533794
192392737 149533794
54300543 29112692
54300543 152912208
54300543 58094341
54300543 149533794
113495831 149533794
149533794 58094341
149533794 23322283
149533794 177104287
149533794 44758329
149533794 152912208
149533794 152919901
149533794 152927936
149533794 152674428
149533794 152851323
149533794 181213533
149533794 152594384
149533794 57609797
149533794 54300543
149533794 421476912
149533794 113495831
149533794 152478699
149533794 29112692
149533794 833547055
149533794 152623263
149533794 658830574
421476912 149533794
155860977 44758329
155860977 152912208
152478699 149533794
658830574 149533794
57609797 149533794
833547055 149533794
152594384 149533794
177104287 58094341
177104287 149533794
58094341 177104287
58094341 152851323
58094341 54300543
58094341 149533794
29112692 152674428
29112692 54300543
29112692 149533794
