57401348 127284112
299823776 472598806
58081657 744792197
58110057 127284112
58110057 350112603
44843235 472598806
58276073 127284112
58276073 744792197
58276073 58185423
58297551 127284112
58297551 744792197
152575059 40596704
152575059 472598806
56936786 127284112
58367247 127284112
40596704 127284112
40596704 107470927
40596704 472598806
40596704 350112603
40596704 744792197
107470927 40596704
107470927 472598806
58185423 58276073
58185423 127284112
58185423 744792197
58185423 472598806
744792197 127284112
744792197 40596704
744792197 58185423
744792197 58276073
744792197 69949391
744792197 58297551
744792197 58081657
69949391 744792197
69949391 472598806
543529508 127284112
543529508 472598806
472598806 44843235
140932994 127284112
152661367 472598806
350112603 127284112
127284112 58276073
127284112 140932994
127284112 58367247
127284112 40596704
127284112 58185423
127284112 543529508
127284112 744792197
127284112 58297551
127284112 57401348
127284112 350112603
127284112 152575059
127284112 56936786
127284112 472598806
