60921256 152957625
7471989 152957625
7471989 21588315
7471989 164354643
7471989 57770880
7471989 10849707
7471989 152713317
152713317 7471989
152713317 10849707
152713317 152957625
152713317 298867366
184789535 152957625
10849707 7471989
10849707 152713317
142431091 48701061
142431091 152957625
152709769 152957625
48701061 142431091
48701061 152957625
57605672 152957625
67318784 152957625
800249953 152957625
107476941 218527770
107476941 152957625
258474069 152957625
164354643 7471989
218527770 107476941
218527770 152957625
218527770 184789535
218527770 152677411
152677411 218527770
152677411 90536773
298867366 152713317
57770880 7471989
21588315 152957625
21588315 7471989
152957625 107476941
152957625 5492689
152957625 184789535
57633466 152957625
93201853 152957625
152663190 152957625
54409095 152957625
90536773 152677411
