106287398 127166851
12473307 127166851
6449320 127166851
836612125 127166851
45003402 127166851
44739965 44442701
148104768 208999544
148104768 6449320
57432799 127166851
164589175 127166851
8121512 127166851
30820378 127166851
104919460 127166851
5272687 127166851
45011755 127166851
464673738 127166851
45124990 127166851
496958757 127166851
26291725 12473307
76888212 127166851
403243360 127166851
166780585 127166851
650628201 11413535
50863678 127166851
43959118 127166851
44188258 127166851
350553707 127166851
299322169 127166851
231214195 127166851
48619603 148104768
48619603 127166851
836614565 127166851
24363792 127166851
127453800 127166851
11413535 650628201
24353011 127166851
65075316 127166851
208999544 148104768
220701863 127166851
352392883 127166851
329287687 148104768
329287687 127166851
54311926 127166851
216406867 127166851
163083550 127166851
665662444 127166851
9559401 127166851
75384980 127166851
44442701 44739965
44442701 127166851
44442701 43959118
48709529 127166851
92837512 127166851
66074855 613867101
792415812 127166851
111829704 127166851
