271981551 298804008
128210213 298804008
128210213 144540984
128210213 105490100
128210213 289198312
128210213 260521995
144540984 298804008
144540984 128210213
144540984 289198312
144540984 260521995
51777183 298804008
123783633 298804008
289201236 298804008
298804008 271981551
298804008 144540984
298804008 128210213
298804008 289201236
298804008 105490100
298804008 51777183
298804008 289198312
298804008 123783633
298804008 260521995
289198312 298804008
289198312 144540984
289198312 128210213
289198312 260521995
260521995 298804008
260521995 128210213
260521995 289198312
105490100 298804008
105490100 128210213
