61737636 60361128
3422521 60361128
3422521 37344103
3422521 24980359
152681330 60361128
199923065 299275018
199923065 196855294
535984212 60361128
34020363 3790805
299545604 60361128
8269535 3790805
8269535 834556796
701044271 60361128
189260845 60361128
113203562 60361128
649953964 71299930
536088438 60361128
299275018 199923065
299275018 60361128
40195550 60361128
52569724 60361128
7927428 60361128
219744283 60361128
834556796 24236700
834556796 8269535
48679627 60361128
161493317 60361128
74694952 60361128
60691337 60361128
72869317 60361128
40167875 60361128
14882643 60361128
71299930 37344103
54577720 60361128
24980359 3422521
24980359 649953964
1988800 60361128
216633214 60361128
57579250 37344103
57815816 60361128
58353278 298834249
57069280 196885792
57069280 60361128
24398221 60361128
12096996 60361128
425402636 60361128
18004669 60361128
299387315 60361128
196885792 57069280
57384276 60361128
3790805 8269535
3790805 34020363
213199734 649953964
162433476 60361128
298850524 37344103
177159627 60361128
58041388 37344103
