83282532 7430878
10955645 127262010
10955645 36467445
10955645 60932534
10955645 10282179
10955645 23855657
10955645 127260048
127262010 127260048
127262010 36467445
127262010 60932534
127262010 10955645
154794173 69546928
111260147 60932534
36467445 127262010
36467445 60932534
36467445 10282179
36467445 10955645
137855505 23855657
61464632 5075690
61464632 36467445
61464632 10955645
127260048 127262010
127260048 36467445
127260048 10955645
5075690 61464632
5075690 23855657
5075690 127260048
5075690 36467445
5075690 8738595
5075690 60932534
5075690 10282179
5075690 10955645
61488905 107721541
154897723 7430878
69546928 154794173
69546928 7430878
10282179 23855657
10282179 5075690
10282179 2371321
10282179 36467445
10282179 107721541
10282179 60932534
10282179 15792108
10282179 10955645
107721541 10282179
23855657 5075690
23855657 36467445
23855657 60932534
23855657 10282179
23855657 10955645
7430878 69546928
15792108 60932534
15792108 10282179
2371321 36467445
2371321 10955645
2371321 10282179
8738595 5075690
8738595 60932534
8738595 10282179
8738595 10955645
60932534 127262010
60932534 127260048
60932534 36467445
60932534 10282179
60932534 10955645
