56033515 36117475
677122579 742419248
172668264 655719420
172668264 49175423
56047562 49175423
29674432 132650221
29674432 54431349
29674432 16836460
29674432 161141547
29674432 55886279
29674432 80917681
29674432 49014885
29674432 57227798
29674432 19754728
29674432 56971043
29674432 49175423
29674432 54385547
29674432 39687123
29674432 68948459
49175423 132650221
49175423 161141547
49175423 55886279
49175423 13466621
49175423 172668264
49175423 57227798
49175423 56047562
49175423 56971043
49175423 29674432
49175423 54385547
49175423 158139983
49175423 68948459
68948459 49175423
68948459 57227798
68948459 29674432
68948459 56971043
158161269 742419248
19754728 16836460
19754728 29674432
19754728 54385547
52033892 29674432
52033892 833526590
299087213 36117475
299087213 29674432
299087213 25825383
49014885 16836460
49014885 57227798
49014885 19754728
49014885 29674432
49014885 54385547
54431349 742419248
54431349 29674432
54431349 49175423
56958637 36117475
52057464 25825383
58010831 49175423
543672337 56922935
14415536 742419248
14415536 25825383
655719420 172668264
45371165 742419248
59795497 742419248
55886279 16836460
55886279 161141547
55886279 56922935
55886279 29674432
55886279 49175423
161141547 16836460
161141547 55886279
161141547 80917681
161141547 45356827
161141547 56971043
161141547 29674432
161141547 49175423
55023336 29674432
56971043 132650221
56971043 16836460
56971043 161141547
56971043 29674432
56971043 49175423
56971043 68948459
78363712 742419248
56922935 67086538
56922935 55886279
56922935 83564441
56922935 543672337
54385547 132650221
54385547 16836460
54385547 49014885
54385547 57227798
54385547 19754728
54385547 29674432
54385547 49175423
833526590 52033892
16836460 132650221
16836460 161141547
16836460 55886279
16836460 49014885
16836460 57227798
16836460 19754728
16836460 56971043
16836460 29674432
16836460 54385547
13466621 49175423
39687123 29674432
54385921 14415536
83564441 742419248
83564441 56922935
32957985 742419248
32957985 684942985
132650221 16836460
132650221 57227798
132650221 56971043
132650221 29674432
132650221 49175423
132650221 54385547
48890555 36117475
104756422 742419248
133759925 29674432
57227798 132650221
57227798 16836460
57227798 49014885
57227798 45356827
57227798 29674432
57227798 49175423
57227798 54385547
57227798 68948459
158139983 49175423
497850712 742419248
45356827 161141547
45356827 57227798
45356827 68948459
128446533 25825383
80917681 161141547
80917681 29674432
56817307 29674432
67086538 56922935
25825383 742419248
25825383 128446533
25825383 52057464
