152544267 601606417
152544267 57648415
152544267 152819031
112941397 805735737
336297129 78316824
534782258 136316400
44921986 49334529
44921986 114837233
44921986 834117149
44921986 833314189
44921986 78316824
44921986 49282945
44921986 180109774
44921986 401160190
44921986 238994527
152691732 58339353
152691732 78316824
833297606 58339353
833297606 78316824
122172142 136316400
309899648 78316824
238994527 78316824
238994527 152482576
78316824 44921986
78316824 152482576
78316824 695126090
78316824 114837233
78316824 834117149
78316824 833314189
78316824 129771398
78316824 49282945
78316824 152504705
78316824 401160190
78316824 348221690
78316824 152691732
78316824 635684583
152713317 678659618
152713317 78316824
152713317 152545808
152713317 58081360
155041903 78316824
155041903 33940613
155041903 26871572
601606417 152544267
834157327 78316824
689471333 78316824
689471333 152713317
129771398 78316824
49282945 44921986
49282945 152482576
49282945 114837233
49282945 833314189
49282945 78316824
49282945 401160190
49282945 348221690
49334529 44921986
49334529 152482576
49334529 114837233
49334529 78316824
49334529 401160190
152545808 152713317
313690495 78316824
24874699 78316824
421492798 238994527
834157346 78316824
754363909 78316824
217142762 26871572
60809996 82206339
60809996 33940613
26871572 82206339
26871572 33940613
99924546 78316824
138591156 155455787
805735737 112941397
152819031 152544267
833314189 78316824
180870080 26871572
180870080 82206339
401160190 78316824
401160190 49334529
401160190 152504705
401160190 58081360
29435507 78316824
152578600 136316400
678659618 152713317
57648415 152544267
152504705 114837233
152504705 78316824
152504705 401160190
155455787 78316824
155455787 138591156
58081360 401160190
58081360 78316824
58081360 114837233
58081360 152713317
152603219 78316824
152482576 78316824
114837233 44921986
114837233 152482576
114837233 78316824
114837233 49282945
114837233 152504705
114837233 635684583
33940613 82206339
33940613 60809996
33940613 155041903
33940613 26871572
82120259 136316400
73188275 78316824
73188275 152620279
834117149 78316824
806240072 78316824
635684583 114837233
635684583 78316824
695126090 78316824
82206339 26871572
82206339 33940613
82206339 60809996
348221690 78316824
348221690 49282945
