18957820 26457787
10014045 14081079
10014045 131921606
45014192 14081079
45014192 19091880
98670068 14081079
98670068 4687688
69359878 14081079
69359878 4687688
698870033 14081079
14081079 19091880
14081079 6755208
14081079 119917612
14081079 37562387
163887275 14081079
163887275 4687688
44196182 14081079
44196182 19091880
44196182 131921606
37562387 14081079
37562387 19091880
304956596 14081079
304956596 19091880
29434422 119917612
4578788 14081079
4578788 19091880
19001103 26457787
19091880 489331096
19091880 14081079
19091880 26457787
19091880 4687688
19091880 119917612
19091880 37562387
35068845 14081079
35068845 223738484
35068845 5010103
35068845 145156696
127975158 14081079
686999354 14081079
119917612 14081079
119917612 19091880
119917612 86060182
119917612 37562387
26457787 14081079
26457787 119917612
145156696 35068845
49891605 14081079
5010103 35068845
5010103 145156696
6755208 14081079
6755208 19091880
16067923 12966220
199896684 14081079
35596477 14081079
35596477 19091880
34419280 26457787
62286961 14081079
62286961 19091880
49266415 19091880
489331096 19091880
489331096 14081079
199997388 14081079
12966220 16067923
131921606 14081079
127265644 14081079
67024905 14081079
67024905 19091880
436167672 14081079
223738484 35068845
48878394 19091880
48878394 131921606
48878394 4687688
