127249713 33451686
140310240 65009518
300404778 223535924
300404778 220602771
663458450 127249713
48779777 220602771
48779777 73923107
9437916 12992323
9437916 65009518
9437916 220602771
9437916 33451686
74546650 11663853
45478256 127249713
45478256 33451686
73203625 220602771
207536729 127249713
10365490 33451686
74966228 65009518
74966228 127249713
74966228 220602771
56342780 12992323
56342780 9437916
56342780 11663853
56342780 26395600
56342780 33451686
56342780 220602771
45458982 127249713
11663853 12992323
11663853 56342780
11663853 74546650
11663853 65009518
11663853 220602771
11663853 33451686
220602771 12992323
220602771 9437916
220602771 56342780
220602771 65009518
220602771 33451686
65009518 9437916
65009518 74966228
65009518 220602771
73923107 220602771
73923107 33451686
138615014 127249713
54988215 220602771
57492498 220602771
102476487 127249713
54356305 12992323
741761707 127249713
127751212 127249713
33451686 12992323
33451686 9437916
33451686 56342780
33451686 11663853
33451686 26395600
33451686 65009518
33451686 127249713
33451686 220602771
33451686 73923107
33451686 10365490
26395600 12992323
26395600 9437916
26395600 11663853
26395600 220602771
26395600 33451686
12992323 56342780
12992323 11663853
12992323 26395600
12992323 220602771
12992323 33451686
136858803 127249713
223535924 300404778
