736993400 81449864
11047226 81449864
836614258 81449864
836614178 81917148
836614178 81449864
79506919 81917148
79506919 81449864
79506919 125077541
79506919 52558306
79506919 14891761
213175540 81449864
81449864 836613699
81449864 14891761
836613699 81449864
663404598 67078939
81917148 14891761
81917148 79506919
81917148 56453631
81917148 81449864
56540873 81449864
67078939 663404598
67078939 81449864
67078939 52558306
67078939 14891761
58131257 81449864
686442828 81449864
686442828 14891761
93067008 81449864
93067008 14891761
302220690 81449864
836613998 81449864
836613998 14891761
56282282 81449864
52558306 81917148
52558306 81449864
52558306 67078939
52558306 14891761
5882651 81449864
668843403 81449864
125077541 81449864
125077541 14891761
686463948 81449864
14891761 81917148
14891761 81449864
14891761 79506919
56453631 81917148
56453631 81449864
56453631 14891761
184393907 81449864
257761000 81449864
