82399799 60383980
82399799 18919100
82399799 49520928
82399799 69189691
9108238 49520928
223753133 44814087
223753133 49520928
223753133 7121055
230933590 49049510
230933590 49520928
230933590 54998386
230933590 44252576
44580527 45222954
44580527 49520928
44580527 48649525
6979459 26235277
6979459 49520928
6979459 13184288
6979459 49047341
44113258 329381311
13184288 49520928
13184288 6979459
9824065 48746584
9824065 49520928
57386503 297846460
49047341 6979459
54998386 49520928
23220838 57129096
23220838 49520928
134685602 49520928
67224808 252063695
67224808 49520928
67224808 607590682
44760133 49520928
44760133 159775293
26235277 49520928
26235277 6979459
49520928 67224808
49520928 45222954
49520928 50652967
49520928 297846460
49520928 44199298
49520928 82263655
49520928 44997771
49520928 43845045
49520928 223753133
49520928 44947431
49520928 49049510
49520928 50629642
49520928 60383980
49520928 18919100
49520928 230914312
49520928 57414243
49520928 5919613
49520928 44288927
49520928 44814087
49520928 57129096
49520928 231699604
49520928 26235277
49520928 252063695
49520928 44283182
49520928 49320508
49520928 34072154
49520928 75720935
49520928 23220838
49520928 44580527
49520928 48708164
49520928 57438357
49520928 130332964
49520928 69189691
49520928 2532072
49520928 7121055
49520928 49057376
49520928 462807225
49520928 20298438
49520928 82044146
49520928 6979459
49520928 218300765
49520928 57475848
49520928 13184288
49520928 50637751
49520928 6530298
49520928 56952836
49520928 143181231
49520928 48679912
49520928 44727325
49520928 9108238
49520928 114107866
49520928 54998386
49520928 133997636
49520928 44252576
49520928 44760133
49520928 134685602
49520928 49047341
49520928 329381311
49520928 50894203
49520928 302892544
49520928 28269174
49520928 230933590
49520928 82153288
49520928 48649525
49520928 82399799
49520928 65371563
49520928 10263652
49520928 133765730
49520928 9824065
49520928 44113258
44288927 49520928
159775293 45222954
159775293 18919100
159775293 50637751
159775293 44760133
57475848 49520928
57475848 20298438
75720935 297846460
57414243 49520928
44252576 230933590
44252576 2532072
44252576 49520928
43845045 49520928
50652967 44814087
50652967 49520928
50652967 82044146
50652967 133997636
50652967 329381311
20298438 49520928
38842800 297846460
57129096 18919100
57129096 23220838
44727325 49520928
143181231 49520928
133997636 50652967
133997636 69189691
133765730 49520928
462807225 49520928
44814087 50652967
44814087 223753133
44814087 49049510
44814087 18919100
44814087 48649525
82153288 49520928
507356140 297846460
49049510 18919100
49049510 44814087
49049510 49520928
49320508 49520928
48679912 45222954
48679912 49520928
65371563 34072154
65371563 49520928
65371563 69189691
65371563 130236584
60383980 49520928
60383980 82399799
804784926 49520928
44947431 28269174
44947431 49520928
45222954 18919100
45222954 44580527
45222954 48679912
45222954 159775293
69189691 60383980
69189691 18919100
69189691 57129096
69189691 49520928
69189691 49057376
69189691 133997636
69189691 28269174
69189691 82399799
69189691 65371563
130332964 44260864
82044146 50652967
82044146 49520928
44997771 49520928
48708164 49520928
252063695 67224808
252063695 57414243
302892544 329381311
297846460 38842800
297846460 49520928
297846460 75720935
329381311 44113258
329381311 302892544
329381311 49520928
329381311 50652967
48649525 44814087
48649525 44580527
5919613 49520928
5919613 69189691
49057376 49520928
49057376 69189691
230914312 49520928
56952836 49520928
231699604 49520928
18919100 45222954
18919100 49049510
18919100 44814087
18919100 57129096
18919100 49520928
18919100 69189691
18919100 28269174
18919100 82399799
18919100 159775293
50894203 69189691
44260864 130332964
28269174 18919100
28269174 69189691
28269174 6530298
50637751 49520928
50637751 159775293
7121055 223753133
2532072 44252576
2532072 49520928
48746584 9824065
