152544327 152703065
152544327 152955764
152544327 758047932
152937895 152596841
152937895 152921888
152937895 152955764
152937895 57588234
152937895 50866608
152937895 152703065
152937895 57648284
6106973 534866
6106973 210282196
6106973 142768167
6106973 152955764
6106973 152906489
6106973 80355520
6106973 57588234
6106973 58033177
6106973 103450846
6106973 57651805
6106973 16714049
6106973 152808299
6106973 152913610
6106973 50866608
6106973 152680689
6106973 152673059
6106973 152809089
6106973 152820752
6106973 152703065
6106973 57648284
6106973 435397541
6106973 90527481
6106973 152677321
6106973 86116943
54262092 57651805
54262092 42153787
57588234 57647193
57588234 152906489
57588234 152955764
57588234 14501652
57588234 57648474
57588234 152913610
57588234 152808299
57588234 152937895
57588234 152954742
57588234 758047932
57588234 20530299
57588234 57648284
57588234 6106973
57588234 4362574
57648474 58029587
57648474 57647193
57648474 152906489
57648474 58033177
57648474 86103809
57648474 152955764
57648474 57588234
57648474 534866
57648474 152808299
57648474 152898053
57648474 152703065
57648474 152954742
57648474 20530299
57648474 57648284
57648284 152906489
57648284 57648474
57648284 80355520
57648284 57647193
57648284 25089714
57648284 57588234
57648284 152810847
57648284 152820752
57648284 86103809
57648284 152937895
57648284 152808299
57648284 152956088
57648284 152703065
57648284 152604215
57648284 49242549
57648284 152809089
57648284 152913610
57648284 3559936
57648284 58383125
57648284 6106973
57648284 4362574
57648284 42153787
57648284 152725904
58033177 152955764
58033177 152820752
58033177 57648474
58033177 152735669
58033177 152913610
58033177 3559936
58033177 6106973
58033177 42153787
152673059 49242549
152673059 25089714
152673059 152955764
152673059 152808299
152673059 152604215
152673059 152703065
152673059 6106973
147918722 152596841
147918722 49242549
147918722 152956088
147918722 152820752
147918722 210282196
147918722 152703065
147918722 42153787
152956088 147918722
152956088 82651776
152956088 152955764
152956088 152820752
152956088 152913610
152956088 152703065
152956088 18899563
152956088 57648284
49242549 152596841
49242549 152817885
49242549 147918722
49242549 80355520
49242549 152673059
49242549 57647193
49242549 152929575
49242549 152809089
49242549 152955764
49242549 152820752
49242549 152808299
49242549 152703065
49242549 57648284
49242549 4362574
86103809 152879515
86103809 57648474
86103809 57648284
152734843 210246100
152734843 152913610
152734843 152898053
152734843 152928919
58029587 57647193
58029587 57648474
58029587 152913610
58029587 152808299
58368222 152703065
57647193 152596841
57647193 80355520
57647193 58029587
57647193 152673059
57647193 49242549
57647193 421515320
57647193 25089714
57647193 86103809
57647193 57588234
57647193 152820752
57647193 152879515
57647193 57648474
57647193 152913610
57647193 210282196
57647193 57651805
57647193 152703065
57647193 3559936
57647193 152954742
57647193 20530299
57647193 57648284
57647193 6106973
57647193 4362574
57647193 152725904
152905567 152820752
152921991 152703065
152928919 210246100
152725904 57647193
152725904 57648284
152725904 6106973
58147210 152913610
58147210 152703065
128095354 210282196
128095354 3559936
128095354 6106973
152661998 152809089
152661998 152913610
152661998 152808299
152661998 148002749
152661998 57651805
152661998 152703065
152954742 142768167
152954742 57588234
152954742 57648474
152954742 152703065
58173145 152703065
14501652 82651776
14501652 57588234
14501652 152703065
57651805 57647193
57651805 152661998
57651805 54262092
57651805 152820752
57651805 152703065
57651805 101695925
57651805 6106973
152820752 152596841
152820752 147918722
152820752 152725925
152820752 49242549
152820752 57647193
152820752 58033177
152820752 95644187
152820752 152956088
152820752 152955764
152820752 152905567
152820752 152879515
152820752 152914443
152820752 152576534
152820752 50866608
152820752 57651805
152820752 18899563
152820752 57648284
152820752 6106973
152820752 42153787
152596841 152919865
152596841 147918722
152596841 49242549
152596841 57647193
152596841 103450846
152596841 421515320
152596841 58094637
152596841 152820752
152596841 152879515
152596841 152937895
152596841 152703065
152596841 42153787
45382523 152703065
45382523 152913610
50866608 210246100
50866608 80355520
50866608 103450846
50866608 152820752
50866608 152937895
50866608 152703065
50866608 152921888
50866608 4362574
50866608 42153787
152783223 3559936
152783223 152703065
152783223 152913610
152913610 58275534
152913610 210246100
152913610 142768167
152913610 152919865
152913610 80355520
152913610 128095354
152913610 58029587
152913610 57647193
152913610 152680689
152913610 103450846
152913610 152677321
152913610 421515320
152913610 152906489
152913610 58033177
152913610 152809089
152913610 152956088
152913610 152955764
152913610 152661998
152913610 435397541
152913610 16714049
152913610 57588234
152913610 152820752
152913610 58147210
152913610 152879515
152913610 152787750
152913610 152735669
152913610 90527481
152913610 152808299
152913610 152898053
152913610 152604215
152913610 152703065
152913610 3559936
152913610 45382523
152913610 20530299
152913610 18899563
152913610 2195836
152913610 152904709
152913610 57648284
152913610 6106973
152913610 86116943
152913610 42153787
210282196 210246100
210282196 147918722
210282196 80355520
210282196 152921888
210282196 128095354
210282196 57647193
210282196 152809089
210282196 6106973
3559936 152913610
3559936 152820752
3559936 152955764
3559936 82651776
3559936 152703065
3559936 128095354
3559936 103450846
3559936 57648284
3559936 6106973
152955764 152817885
152955764 152673059
152955764 49242549
152955764 103450846
152955764 152929575
152955764 58033177
152955764 57588234
152955764 152820752
152955764 152879515
152955764 57648474
152955764 152913610
152955764 152808299
152955764 152937895
152955764 152954616
152955764 148002749
152955764 152703065
152955764 3559936
152955764 6106973
152914443 152820752
152914443 152703065
152914443 42153787
58056025 152703065
58056025 6106973
152680689 152914443
152680689 152913610
152680689 152703065
152680689 6106973
152604215 152913610
152604215 152703065
142768167 80355520
142768167 152734843
142768167 152703065
142768167 152954742
142768167 6106973
152725925 58033177
152725925 152820752
152725925 152576534
152725925 152604215
152725925 42153787
435397541 82651776
435397541 152913610
435397541 152703065
435397541 6106973
152787750 152913610
534866 152906489
534866 57648474
534866 152430988
534866 6106973
86116943 82651776
86116943 6106973
86116943 152913610
86116943 152703065
80355520 210246100
80355520 142768167
80355520 152919865
80355520 57647193
80355520 421515320
80355520 152809089
80355520 152879515
80355520 152913610
80355520 210282196
80355520 50866608
80355520 152703065
80355520 18899563
80355520 57648284
80355520 6106973
421515320 152596841
421515320 80355520
421515320 57647193
421515320 25089714
421515320 152913610
421515320 152703065
152576534 152725925
152576534 152820752
20530299 152808299
20530299 57647193
20530299 57648474
20530299 57588234
20530299 152913610
20530299 42153787
58094637 152703065
42153787 152703065
42153787 152808299
42153787 152820752
42153787 210246100
42153787 152913610
210246100 80355520
210246100 152913610
210246100 210282196
210246100 152928919
210246100 58173145
210246100 4362574
210246100 42153787
152703065 3559936
152703065 152954742
152703065 45382523
152703065 18899563
152703065 2195836
152703065 58173145
152703065 152904709
152703065 57648284
152703065 6106973
152703065 86116943
152703065 42153787
152677321 152703065
152677321 6106973
101695925 57651805
95644187 152820752
95644187 152703065
90527481 152913610
90527481 152703065
90527481 6106973
152810847 57648284
152810847 42153787
152879515 152596841
152879515 80355520
152879515 57647193
152879515 86103809
152879515 152955764
152879515 152820752
152879515 152913610
152879515 3559936
152879515 18899563
16714049 58383125
16714049 152913610
16714049 152808299
16714049 6106973
152573520 152703065
148002749 82651776
148002749 152955764
148002749 152928919
4362574 57647193
4362574 57588234
4362574 210246100
4362574 50866608
4362574 57648284
4362574 49242549
4362574 6106973
152808299 142768167
152808299 152817885
152808299 58029587
152808299 152673059
152808299 49242549
152808299 152809089
152808299 152955764
152808299 16714049
152808299 57588234
152808299 42153787
152808299 57648474
152808299 152913610
152808299 152937895
152808299 152604215
152808299 152703065
152808299 20530299
152808299 57648284
152808299 6106973
82651776 152544327
82651776 16714049
82651776 14501652
82651776 152928919
82651776 6106973
82651776 86116943
82651776 58156657
82651776 42153787
152498969 152703065
152919865 152596841
152919865 80355520
152919865 152906489
152919865 152820752
152919865 3559936
728614805 152703065
728614805 152913610
152817885 49242549
152817885 152955764
152817885 152808299
152817885 152703065
25089714 57647193
25089714 421515320
25089714 148002749
25089714 57648284
152906489 152919865
152906489 152921888
152906489 103450846
152906489 57588234
152906489 534866
152906489 57648474
152906489 152913610
152906489 57648284
152906489 6106973
152430988 152921888
152430988 16714049
152430988 534866
152430988 152913610
758047932 82651776
2195836 152913610
2195836 152703065
58383125 16714049
58383125 57648284
103450846 152596841
103450846 152906489
103450846 152955764
103450846 152905567
103450846 152820752
103450846 152922025
103450846 152913610
103450846 152703065
103450846 152928919
103450846 3559936
103450846 6106973
103450846 42153787
152809089 80355520
152809089 49242549
152809089 152661998
152809089 152913610
152809089 152808299
152809089 210282196
152809089 152703065
152809089 6106973
152904709 152703065
152904709 152913610
152921888 152906489
152921888 152430988
152921888 210282196
152921888 152703065
152921888 50866608
152954616 152955764
152954616 152703065
23091909 152913610
152929575 210246100
152929575 152955764
152929575 152703065
18899563 80355520
18899563 152703065
18899563 152913610
18899563 152956088
152735669 152703065
152898053 57648474
152898053 152913610
152898053 152734843
152898053 152703065
