57645946 33728812
57645946 57644401
57645946 83284195
57645946 57650050
57645946 152713802
57645946 152819860
57645946 44758395
57645946 65272782
57645946 57646995
57645946 57646087
57645946 130237313
57645946 152954990
57645946 57645542
57645946 152729540
57645946 57648622
57645946 57648284
57645946 57648585
83284195 57644401
83284195 57645946
83284195 57650050
83284195 152713802
83284195 152819860
83284195 44758395
83284195 34430467
83284195 31462466
83284195 54239475
83284195 57646087
83284195 11490072
83284195 60068827
83284195 61761858
83284195 57648622
83284195 58256646
83284195 57648284
83284195 152834420
83284195 57648585
34430467 83284195
34430467 58158777
34430467 42565611
34430467 83557299
34430467 152906772
34430467 44758395
34430467 31462466
34430467 152882879
34430467 57646995
34430467 152930977
34430467 152941632
34430467 57646087
34430467 130237313
34430467 38112531
34430467 57644401
34430467 137716554
34430467 11490072
34430467 152857238
34430467 152957162
34430467 16772286
34430467 65272782
34430467 152955774
34430467 61761858
34430467 152954990
34430467 57645542
34430467 57648622
34430467 34771823
152713802 57645946
152713802 83284195
152713802 152703389
152713802 42565611
152713802 31462466
152713802 57646087
152713802 11490072
152713802 10054035
152713802 57648284
57648622 34430467
57648622 57644401
57648622 130237313
57648622 152931685
57648622 42565611
57648622 57645542
57648622 58158777
57648622 57645946
57648622 137716554
57648622 152703389
57648622 31462466
57648622 83284195
57648622 5712320
57648622 57646995
57648622 11490072
57648622 34771823
57648622 57648284
57648622 57648585
152906772 42565611
152906772 57645542
152722225 42565611
57648284 65272782
57648284 34771823
57648284 130237313
57648284 137716554
57648284 152905750
57648284 57644401
57648284 57648622
57648284 57645542
57648284 58158777
57648284 31462466
57648284 16772286
57648284 57849050
57648284 44758395
57648284 42565611
57648284 57646995
57648284 152897087
57648284 152729540
57648284 57645946
57648284 83284195
57648284 152703389
57648284 152931685
57648284 152713802
57648284 31826324
57648284 152671129
57648284 38112531
57648284 152857231
57648284 57651644
57648284 44759369
57648284 152819860
152821695 42565611
152821695 57645542
152941632 42565611
152941632 44759369
152941632 57645542
16772286 152725268
16772286 130237313
16772286 57644401
16772286 34430467
16772286 57650050
16772286 61761858
16772286 57645542
16772286 57651644
16772286 57648284
152839561 42565611
152839561 57645542
152723219 42565611
152723219 54239475
152723219 57645542
33728812 57645946
33728812 42565611
33728812 10054035
33728812 152834420
7313735 31462466
7313735 57645542
152900435 42565611
152900435 57645542
10054035 33728812
10054035 152931685
10054035 42565611
10054035 31462466
10054035 130237313
10054035 152713802
10054035 54239475
10054035 57645542
5712320 42565611
5712320 152819860
5712320 34430467
5712320 31462466
5712320 44759369
5712320 57645542
5712320 57648622
57651644 57645542
57651644 16772286
57651644 57644401
57651644 44759369
57651644 152957162
57651644 57646087
57651644 298833522
57651644 210187246
57651644 130237313
57651644 54239475
57651644 42565611
57651644 57648284
57651644 57648585
152954990 42565611
152954990 57645946
152954990 152857231
152954990 61761858
152954990 31462466
152954990 57645542
130229640 21826838
130229640 42565611
130229640 152857231
130229640 152930977
130229640 57645542
152907565 42565611
152907565 31462466
152907565 57645542
57646995 57645946
57646995 57646087
57646995 130237313
57646995 57648622
57646995 34771823
57646995 57648284
145456957 130237313
145456957 42565611
44758395 57644401
44758395 57645946
44758395 83284195
44758395 58158777
44758395 58042502
44758395 42565611
44758395 34430467
44758395 130237313
44758395 137716554
44758395 31462466
44758395 31826324
44758395 57645542
44758395 34771823
44758395 57648284
396123204 57645542
137716554 33728812
137716554 42565611
137716554 44758395
137716554 31462466
137716554 130237313
137716554 57644401
137716554 57650050
137716554 152957162
137716554 44759369
137716554 61761858
137716554 57645542
137716554 57648622
137716554 57648284
59225241 54239475
130237313 57645946
130237313 152931685
130237313 58158777
130237313 58042502
130237313 152671129
130237313 42565611
130237313 44758395
130237313 31462466
130237313 57646995
130237313 57646087
130237313 57644401
130237313 137716554
130237313 34430467
130237313 57650050
130237313 210187246
130237313 60068827
130237313 10054035
130237313 16772286
130237313 44759369
130237313 65272782
130237313 61761858
130237313 57645542
130237313 152729540
130237313 57651644
130237313 57648622
130237313 34771823
130237313 57648284
130237313 152834420
130237313 57648585
130237313 145456957
11490072 83284195
11490072 58158777
11490072 42565611
11490072 152713802
11490072 57650050
11490072 57648622
61761858 83284195
61761858 42565611
61761858 130237313
61761858 137716554
61761858 34430467
61761858 152713802
61761858 152954990
298833035 42565611
298833035 57645542
83557299 42565611
83557299 67638712
83557299 34430467
83557299 57646087
83557299 34771823
298833522 42565611
298833522 57651644
152703389 57644401
152703389 152713802
152703389 42565611
152703389 38112531
152703389 60068827
152703389 57645542
152703389 57648622
152703389 57648284
34771823 16772286
34771823 67638712
34771823 31462466
34771823 57644401
34771823 152957162
34771823 130237313
34771823 34430467
34771823 65272782
34771823 152882879
34771823 21826838
34771823 57645542
34771823 152897087
34771823 57646995
34771823 44758395
34771823 57648622
34771823 83557299
34771823 42565611
34771823 57648284
21826838 57645542
21826838 34771823
31462466 57644401
31462466 83284195
31462466 152957162
31462466 152713802
31462466 42565611
31462466 152819860
31462466 298850671
31462466 34430467
31462466 5712320
31462466 7313735
31462466 130237313
31462466 137716554
31462466 152907565
31462466 10054035
31462466 57646087
31462466 54239475
31462466 65272782
31462466 44758395
31462466 152954990
31462466 57645542
31462466 57648622
31462466 58256646
31462466 34771823
31462466 57648284
41981440 42565611
41981440 57644401
41981440 60068827
41981440 57645542
152930977 42565611
152930977 130229640
152930977 34430467
152930977 44759369
152930977 57645542
112135306 42565611
38112531 42565611
38112531 60068827
38112531 57645542
31826324 42565611
31826324 57644401
31826324 57650050
31826324 44758395
31826324 57645542
31826324 57648284
60068827 83284195
60068827 152703389
60068827 42565611
60068827 38112531
60068827 44759369
152882879 152931685
152882879 42565611
152882879 34430467
152882879 57646087
152882879 152941632
152882879 57645542
152882879 34771823
152729540 57645542
152729540 57644401
152729540 57650050
152729540 130237313
152729540 42565611
152729540 57645946
152729540 541449943
152729540 57648284
152729540 152834420
44759369 42565611
44759369 152905041
44759369 5712320
44759369 152701367
44759369 152930977
44759369 152941632
44759369 57849050
44759369 130237313
44759369 57644401
44759369 137716554
44759369 60068827
44759369 152677288
44759369 58096535
44759369 57645542
44759369 57651644
152677288 58158777
152677288 42565611
152677288 57650050
152677288 44759369
152677288 152954990
58042502 57644401
58042502 44758395
58042502 130237313
58042502 152834420
57644401 57645946
57644401 83284195
57644401 152703389
57644401 152905750
57644401 58042502
57644401 42565611
57644401 44758395
57644401 31462466
57644401 57849050
57644401 152933741
57644401 130237313
57644401 137716554
57644401 34430467
57644401 57650050
57644401 152897087
57644401 54239475
57644401 152957162
57644401 16772286
57644401 152581492
57644401 44759369
57644401 65272782
57644401 31826324
57644401 41981440
57644401 57645542
57644401 152729540
57644401 57651644
57644401 57648622
57644401 58256646
57644401 34771823
57644401 57648284
57644401 152834420
57644401 152849206
57644401 57648585
812485268 42565611
58158777 33728812
58158777 57650050
58158777 152677288
58158777 42565611
58158777 67638712
58158777 44758395
58158777 34430467
58158777 57646087
58158777 130237313
58158777 137716554
58158777 44759369
58158777 57645542
58158777 57648622
58158777 57648284
58158777 152834420
65272782 57645946
65272782 42565611
65272782 130237313
65272782 57644401
65272782 34430467
65272782 31462466
65272782 57645542
65272782 34771823
65272782 57648284
57648585 57644401
57648585 130237313
57648585 83284195
57648585 57645946
57648585 57648622
57648585 57651644
152725268 42565611
152725268 16772286
152857238 42565611
152701367 42565611
152701367 57646087
152701367 152906617
152701367 44759369
152701367 57645542
152906617 42565611
152906617 57645542
152905041 44759369
152834420 130237313
152834420 152819860
152834420 33728812
152834420 58042502
152834420 42565611
152834420 58158777
152834420 57644401
152834420 83284195
152834420 152729540
152834420 57645542
152687964 210187246
152687964 42565611
152905750 57644401
152905750 42565611
152905750 38112531
152905750 57645542
152905750 57648284
152931685 42565611
152931685 152882879
152931685 130237313
152931685 10054035
152931685 57648622
152931685 57648284
58096535 42565611
57849050 57644401
57849050 42565611
57849050 44759369
57849050 57648284
210187246 152687964
210187246 130237313
210187246 54239475
210187246 57645542
210187246 57651644
152957162 42565611
152957162 31462466
152957162 130237313
152957162 57644401
152957162 137716554
152957162 34430467
152957162 57650050
152957162 57651644
152957162 34771823
54239475 83284195
54239475 42565611
54239475 59225241
54239475 57644401
54239475 10054035
54239475 210187246
54239475 152723219
152857231 42565611
152857231 57650050
152857231 152954990
152655019 42565611
57650050 57645946
57650050 83284195
57650050 58158777
57650050 42565611
57650050 57644401
57650050 137716554
57650050 34430467
57650050 152957162
57650050 16772286
57650050 44759369
57650050 57646087
57650050 152857231
57650050 57645542
57650050 152729540
67638712 42565611
67638712 83557299
67638712 57645542
67638712 34771823
298850671 42565611
298850671 31462466
58401745 42565611
58401745 57646087
58401745 58158777
152603945 42565611
152603945 152722225
152603945 54239475
152603945 152954990
152603945 57645542
152581492 57644401
40587879 42565611
601696760 42565611
541449943 42565611
541449943 152729540
152671129 42565611
152671129 57646087
152671129 130237313
152671129 152906617
152671129 152954990
152671129 57645542
152671129 57648284
152955774 42565611
152933741 57644401
152933741 42565611
42565611 33728812
58256646 57644401
58256646 42565611
58256646 31462466
58256646 83284195
58256646 152900435
57645542 38112531
57645542 31462466
57645542 7313735
57645542 152954990
57645542 42565611
57645542 57644401
57645542 130237313
57645542 298833035
57645542 44758395
57645542 137716554
57645542 44759369
57645542 152821695
57645542 152906617
57645542 16772286
57645542 130229640
57645542 57645946
57645542 152897087
57645542 57650050
57645542 152941632
57645542 54239475
57645542 210187246
57645542 11490072
57645542 58158777
57645542 152671129
57645542 65272782
57645542 152819860
57645542 152723219
57645542 10054035
57645542 152603945
57645542 21826838
57645542 152729540
57645542 57651644
57645542 57648622
57645542 34771823
57645542 57648284
152849206 57644401
152897087 42565611
152897087 57644401
152897087 57645542
152897087 34771823
152897087 57648284
152819860 57645946
152819860 83284195
152819860 42565611
152819860 5712320
152819860 31462466
152819860 57645542
152819860 57648284
152819860 152834420
57646087 57645946
57646087 83284195
57646087 58158777
57646087 152671129
57646087 42565611
57646087 83557299
57646087 152882879
57646087 152701367
57646087 57646995
57646087 130237313
57646087 34430467
57646087 152713802
57646087 57650050
57646087 31462466
57646087 57651644
