655768989 127182296
56951743 13029877
56951743 127182296
299466402 40722557
299466402 127182296
52584411 23158468
52584411 127182296
23158468 52584411
23158468 40722557
23158468 127182296
216085817 127182296
152595899 13029877
152595899 158139993
152595899 23158468
152595899 72143550
72143550 128453737
72143550 128453440
72143550 158139993
72143550 17716986
72143550 13029877
72143550 127182296
54405248 29486906
54405248 127182296
133038862 45484162
133038862 142611345
133038862 67665816
133038862 127182296
133038862 127249582
52380362 127182296
17278363 127182296
13929606 127182296
73383223 58250858
73383223 127182296
804416171 127182296
45161219 8177069
298694176 127182296
128676227 8177069
157774452 127182296
130477965 127182296
384079455 8177069
384079455 127249582
384079455 127182296
384079455 13029877
163910761 127182296
68566925 20879897
68566925 127182296
104880959 127182296
57758489 127182296
12522974 8177069
12522974 142611345
12522974 27438606
12522974 13029877
12522974 127182296
158139993 45484162
52528723 127182296
172760741 127182296
58250858 23158468
58250858 13029877
58250858 73383223
8177069 23158468
8177069 56304810
8177069 677313430
8177069 142611345
8177069 67665816
8177069 128453737
8177069 128676227
8177069 12522974
8177069 299780445
8177069 17716986
8177069 13029877
8177069 127182296
8177069 127249582
45489614 127182296
677261600 127249582
677261600 13029877
20879897 68566925
20879897 127182296
142611345 8177069
142611345 128453737
142611345 56929176
142611345 12522974
142611345 127249582
142611345 127182296
142611345 13029877
56874404 127182296
58402028 127182296
58402028 13029877
54407719 127182296
83529245 13029877
83529245 127182296
205885369 40722557
205885369 127182296
27438606 12522974
13029877 72143550
13029877 127182296
13029877 127249582
61129644 127182296
122671617 127182296
58374930 54405248
58374930 23158468
58374930 127182296
58374930 40722557
86203259 127182296
150691965 127182296
17716986 8177069
17716986 72143550
56929176 142611345
56929176 127249582
56929176 127182296
56929176 13029877
756651066 127182296
56304810 127249582
525403829 127182296
668698641 127182296
668698641 13029877
18598119 127182296
40722557 23158468
40722557 205885369
40722557 299466402
40722557 13029877
40722557 127182296
40722557 127249582
40722557 58374930
54392451 127182296
677313430 127249582
677313430 127182296
677313430 8177069
22867979 13029877
3990787 72143550
3990787 127182296
149059883 127182296
128453737 142611345
128453737 127249582
220469549 127182296
128453440 13029877
128453440 127182296
128453440 127249582
38331936 8177069
38331936 127182296
299780445 8177069
299780445 127182296
29486906 13029877
29486906 127182296
29486906 127249582
45484162 133038862
45484162 158139993
45484162 127182296
235198014 127182296
20343948 127182296
129192253 127182296
127249582 56304810
127249582 142611345
127249582 128453737
127249582 13029877
127249582 127182296
56863594 128453737
56863594 13029877
56863594 127249582
56863594 127182296
95889919 67665816
95889919 13029877
95889919 127182296
