58347556 131185481
152820451 131185481
144818402 131185481
581953486 131185481
357489066 129440159
225071658 131185481
557861390 131185481
152811688 131185481
155030812 131185481
57646366 57651506
57646366 131185481
57646366 57588237
57646366 152905260
57646366 582396637
252618071 833344528
152601678 131185481
101698527 131185481
101698527 57588237
560085921 131185481
58377074 131185481
152905260 57646366
152905260 301957945
7601687 131185481
19964638 131185481
30767927 582396637
581281684 131185481
175162636 131185481
58254575 131185481
34066897 131185481
152105491 131185481
18903272 131185481
581889198 131185481
542881690 131185481
58293266 131185481
277001555 131185481
65287438 131185481
806258836 131185481
655834896 129440159
444470275 131185481
580991993 131185481
57651506 57646366
57651506 131185481
57651506 57588237
72544912 131185481
39521008 131185481
563690916 131185481
57588237 57646366
57588237 101698527
57588237 57651506
152929062 131185481
141142637 131185481
581992136 131185481
582396637 57646366
582396637 30767927
695908559 131185481
141366457 131185481
51199643 131185481
301957945 152905260
152715105 131185481
152545239 131185481
806292887 131185481
