152938786 298831541
96667299 490443164
96667299 152785445
96667299 152566694
96667299 581097900
96667299 85826419
96667299 298831541
152661643 58005118
152661643 152566694
152661643 152734647
152661643 152797191
152661643 581097900
152661643 23515236
152661643 490443164
152661643 152582329
152661643 57651867
152661643 298831541
581097900 23515236
581097900 490443164
581097900 152566694
581097900 96667299
581097900 58005118
581097900 152661643
581097900 298831541
47833888 298831541
47833888 490443164
57644343 44759578
57644343 23515236
57644343 58174965
57644343 490443164
57644343 152734081
57644343 210187836
57644343 152566694
57644343 57648100
57644343 44758807
57644343 65259215
57644343 152955809
57644343 1802633
57644343 44758399
57644343 57651867
57644343 152729789
57644343 45458690
57644343 298831541
57644343 152816678
57644343 210215998
64639319 58174965
64639319 298831541
152954609 58005118
152954609 298831541
152933138 634006616
152933138 298831541
152729789 44758399
152729789 152734647
152729789 152956691
152729789 57651867
152729789 490443164
152729789 152734081
152729789 152670717
152729789 152723219
152729789 65259215
152729789 152797191
152729789 57644343
152729789 152928846
152729789 44758807
152729789 152731057
152729789 1802633
152729789 152566694
152729789 832622618
152729789 57645121
152729789 61087661
152729789 85826419
152729789 23515236
152729789 45458690
152729789 152954990
152729789 58005118
152729789 298831541
152729789 152816678
152729789 152485908
152729789 152735524
152729789 152627882
152723219 23515236
152723219 490443164
152723219 152566694
152723219 1802633
152723219 152729789
152723219 58005118
152723219 298831541
152839328 298831541
152839328 152627882
152785445 298831541
1802633 23515236
1802633 58174965
1802633 490443164
1802633 152785445
1802633 833865666
1802633 152566694
1802633 44758807
1802633 85826419
1802633 490443155
1802633 57644343
1802633 44758399
1802633 57651867
1802633 152600760
1802633 152729789
1802633 152954990
1802633 58005118
1802633 298831541
1802633 27960204
1802633 152816678
1802633 44754953
1802633 152839683
1802633 152627882
85826419 23515236
85826419 152566694
85826419 152731057
85826419 152729789
85826419 58005118
85826419 298831541
85826419 152816678
58174965 23515236
58174965 490443164
58174965 64639319
58174965 210187836
58174965 44758807
58174965 1802633
58174965 57644343
58174965 298831541
58174965 210215998
152954859 238936258
152954859 658830813
152954859 298837234
152954859 298831541
152735524 298831541
152735524 152729789
152735524 490443164
152954990 44758399
152954990 1802633
152954990 152731057
152954990 152729789
152954990 23515236
152954990 152566694
152954990 57641450
152954990 490443164
152954990 298831541
152954990 152816678
152954990 210215998
806233792 23515236
806233792 490443164
806233792 61087661
806233792 832622618
806233792 24132859
806233792 152729789
806233792 45458690
806233792 152816678
806233792 21587683
806233792 58441639
806233792 152734462
57648100 44759578
57648100 57645121
57648100 44758807
57648100 61087661
57648100 65259215
57648100 152670717
57648100 57644343
152582123 152479031
152933476 152816678
152933476 65259215
152933476 152956691
152933476 44758399
152933476 298831541
238936258 658830813
238936258 152954859
238936258 298831541
152927936 23515236
152927936 298831541
152927936 490443164
152839683 581097900
152839683 490443164
152839683 58005118
152839683 152735524
152839683 210187836
152839683 152734081
152839683 23515236
152839683 152785445
152839683 298831541
152839683 57651867
152839683 152566694
152839683 1802633
152839683 57645121
21587683 44758399
21587683 152734647
21587683 298831541
21587683 58005118
152674141 1802633
152674141 152816678
152674141 298831541
152485908 152729789
152485908 298831541
152485908 152816678
58005118 44758399
58005118 152797191
58005118 57641450
58005118 65259215
58005118 152954609
58005118 152723219
58005118 210187836
58005118 85826419
58005118 57651867
58005118 152783869
58005118 45458690
58005118 152582329
58005118 581097900
58005118 58444984
58005118 152956691
58005118 152729789
58005118 57645121
58005118 756728207
58005118 152734647
58005118 1802633
58005118 24132859
58005118 152661643
58005118 298831541
58005118 27960204
58005118 44754953
58005118 21587683
58005118 58441639
58005118 152839683
58005118 152627882
152851151 298831541
722799446 832622618
57651867 152783869
57651867 23515236
57651867 490443164
57651867 152785445
57651867 152734081
57651867 57645121
57651867 152566694
57651867 581097900
57651867 44758807
57651867 58444984
57651867 61087661
57651867 152670717
57651867 152731057
57651867 832622618
57651867 24132859
57651867 1802633
57651867 57644343
57651867 152797191
57651867 44758399
57651867 152734647
57651867 152729789
57651867 45458690
57651867 58005118
57651867 152661643
57651867 298831541
57651867 152816678
57651867 152839683
44759578 490443164
44759578 152785445
44759578 152734081
44759578 152855078
44759578 57648100
44759578 581097900
44759578 58444984
44759578 152731057
44759578 57644343
44759578 152797191
44759578 44758399
44759578 23515236
44759578 45458690
44759578 298831541
44759578 152816678
44759578 44754953
44759578 152627882
152655379 298831541
34648832 490443164
34648832 152566694
34648832 44758399
34648832 298831541
34648832 152816678
210215998 152954990
210215998 152851151
210215998 57644343
210215998 23515236
210215998 152734081
210215998 490443155
210215998 58174965
210215998 298831541
210215998 490443164
210215998 45458690
152816678 45458690
152816678 152954990
152816678 152723219
152816678 23515236
152816678 298831541
152816678 152734081
152816678 44759578
152816678 210187836
152816678 57644343
152816678 152729789
152816678 581097900
152816678 152797191
152816678 152601088
152816678 1802633
152816678 44758399
152816678 152954859
152816678 57651867
152816678 152855078
152816678 298837234
152816678 44758807
152816678 152954609
152816678 34648832
152816678 152566694
152816678 152929168
152816678 806233792
152816678 152485908
152816678 152674141
152816678 152627882
152816678 152734462
57641450 490443164
57641450 58005118
57641450 298831541
45458690 152729789
45458690 65259215
45458690 490443164
45458690 44758807
45458690 61087661
45458690 210187836
45458690 44758399
45458690 806233792
45458690 57644343
45458690 152734081
45458690 58005118
45458690 152816678
45458690 210215998
45458690 152627882
152934361 57645121
152934361 152566694
152934361 44758399
152934361 298831541
65259215 152933476
65259215 23515236
65259215 57645121
65259215 57648100
65259215 44758807
65259215 61087661
65259215 152956691
65259215 57644343
65259215 152797191
65259215 44758399
65259215 152734647
65259215 152729789
65259215 45458690
65259215 58005118
65259215 152816678
65259215 152627882
44754953 298831541
44754953 58005118
44754953 490443164
44754953 44758399
44754953 23515236
44754953 152734081
44754953 44759578
44754953 152816678
44754953 61087661
58441639 58005118
634008054 152566694
634008054 298831541
311264776 152566694
44758399 152933476
44758399 44759578
44758399 23515236
44758399 490443164
44758399 152785445
44758399 152734081
44758399 57645121
44758399 210187836
44758399 152566694
44758399 44758807
44758399 61087661
44758399 65259215
44758399 152670717
44758399 34648832
44758399 832622618
44758399 152929168
44758399 24132859
44758399 1802633
44758399 152956691
44758399 57644343
44758399 57651867
44758399 152934361
44758399 152734647
44758399 152729789
44758399 45458690
44758399 152954990
44758399 58005118
44758399 298831541
44758399 152816678
44758399 44754953
44758399 21587683
44758399 152627882
490443164 23515236
490443164 152566694
490443164 581097900
490443164 58444984
490443164 152955809
490443164 24132859
490443164 1802633
490443164 57644343
490443164 44758399
490443164 57651867
490443164 152954990
490443164 152661643
490443164 298831541
490443164 44754953
490443164 210215998
152601088 23515236
152601088 490443164
152601088 152566694
152601088 152816678
152601088 298831541
152731057 152729789
152731057 298831541
152734647 23515236
152734647 490443164
152734647 61087661
152734647 65259215
152734647 490443155
152734647 24132859
152734647 152956691
152734647 44758399
152734647 57651867
152734647 152729789
152734647 58005118
152734647 152661643
152734647 298831541
152734647 152816678
152734647 44754953
152734647 21587683
61087661 152734081
61087661 57648100
61087661 44758807
61087661 65259215
61087661 152797191
61087661 44758399
61087661 152729789
61087661 45458690
61087661 298831541
61087661 44754953
152783869 57651867
152783869 58005118
152783869 298831541
152914466 298831541
152914466 152729789
152914466 806233792
152627882 23515236
152627882 152954859
152627882 65259215
152627882 152785445
152627882 210187836
152627882 152816678
152627882 44758399
152627882 298831541
152627882 152670717
152627882 152734081
152627882 1802633
152627882 152729789
152627882 61087661
152627882 152723219
152627882 58005118
152627882 490443164
152627882 45458690
152627882 44759578
152928846 152729789
152928846 152816678
152928846 298831541
152880355 23515236
152880355 298831541
152929168 23515236
152929168 61087661
152929168 44758399
152929168 152732168
152929168 152729789
152929168 298831541
152929168 152816678
152929168 152735524
152694894 23515236
152694894 298831541
152694894 152816678
152694894 152735524
152670717 23515236
152670717 57648100
152670717 24132859
152670717 152797191
152670717 44758399
152670717 57651867
152670717 152734647
152670717 152729789
152670717 298831541
152670717 21587683
152670717 152627882
833865666 298831541
152732168 298831541
57645121 57648100
57645121 44758807
57645121 61087661
57645121 65259215
57645121 152956691
57645121 44758399
57645121 57651867
57645121 152934361
57645121 152729789
57645121 58005118
152566694 23515236
152566694 490443164
152566694 152785445
152566694 152855078
152566694 581097900
152566694 58444984
152566694 85826419
152566694 152479031
152566694 34648832
152566694 311264776
152566694 152723219
152566694 152601088
152566694 152582329
152566694 24132859
152566694 1802633
152566694 152956691
152566694 57644343
152566694 298837234
152566694 152797191
152566694 44758399
152566694 57651867
152566694 634008054
152566694 152934361
152566694 96667299
152566694 152954990
152566694 152661643
152566694 298831541
152566694 152816678
152566694 152839683
44758807 23515236
44758807 58174965
44758807 490443164
44758807 152734081
44758807 57645121
44758807 57648100
44758807 61087661
44758807 65259215
44758807 152731057
44758807 1802633
44758807 57644343
44758807 44758399
44758807 57651867
44758807 152729789
44758807 45458690
44758807 298831541
44758807 152816678
210187836 152783869
210187836 58174965
210187836 57644343
210187836 44758399
210187836 45458690
210187836 58005118
210187836 298831541
210187836 152816678
210187836 152627882
210187836 152839683
490443155 23515236
490443155 298831541
490443155 210215998
152582329 152566694
152582329 298831541
152582329 152661643
152582329 58005118
152955809 23515236
152955809 490443164
152955809 581097900
152955809 57644343
152955809 298831541
152855078 23515236
152855078 152566694
152855078 298831541
152906019 23515236
152906019 152729789
152906019 298831541
58444984 44759578
58444984 490443164
58444984 152566694
58444984 24132859
58444984 57651867
58444984 58005118
58444984 298831541
152595283 490443164
152595283 298831541
152595283 152729789
152595283 152485908
756728207 58005118
298831541 23515236
298831541 490443164
298831541 152929168
298831541 152954990
298831541 152906019
298831541 152731057
298831541 152479031
298831541 34648832
298831541 152956691
298831541 58444984
298831541 152661643
298831541 210187836
298831541 152855078
298831541 152734647
298831541 152734081
298831541 85826419
298831541 152582329
298831541 44758807
298831541 57651867
298831541 581097900
298831541 58005118
298831541 833865666
298831541 152723219
298831541 152566694
298831541 61087661
298831541 298837234
298831541 152880355
298831541 152954609
298831541 634006616
298831541 44758399
298831541 44759578
298831541 490443155
298831541 1802633
298831541 152694894
298831541 57644343
298831541 152729789
298831541 634008054
298831541 152954859
298831541 152601088
298831541 96667299
298831541 152797191
298831541 24132859
298831541 152785445
298831541 27960204
298831541 152816678
298831541 152485908
298831541 152927936
298831541 44754953
298831541 152735524
298831541 152674141
298831541 210215998
298831541 152839683
298831541 152627882
298837234 23515236
298837234 152566694
298837234 152954859
298837234 298831541
152734462 298831541
832622618 490443164
832622618 722799446
832622618 581097900
832622618 61087661
832622618 34648832
832622618 44758399
832622618 806233792
832622618 152729789
832622618 298831541
832622618 152816678
832622618 152485908
152797191 44759578
152797191 152566694
152797191 61087661
152797191 65259215
152797191 152670717
152797191 152729789
152797191 152954990
152797191 58005118
152797191 152661643
152797191 298831541
152797191 152816678
152797191 152627882
27960204 58005118
27960204 1802633
27960204 298831541
152956691 23515236
152956691 490443164
152956691 57645121
152956691 152566694
152956691 581097900
152956691 61087661
152956691 65259215
152956691 44758399
152956691 152734647
152956691 152729789
152956691 58005118
152956691 298831541
152479031 23515236
152479031 490443164
152479031 152566694
152479031 152582123
152479031 298831541
634006616 152479031
634006616 152933138
634006616 298831541
634006616 152816678
24132859 23515236
24132859 490443164
24132859 152785445
24132859 152566694
24132859 58444984
24132859 44758399
24132859 806233792
24132859 58005118
24132859 298831541
24132859 152816678
658830813 238936258
658830813 152954859
152734081 44759578
152734081 23515236
152734081 490443164
152734081 152785445
152734081 152954609
152734081 44758807
152734081 85826419
152734081 61087661
152734081 152479031
152734081 152956691
152734081 57644343
152734081 44758399
152734081 57651867
152734081 152729789
152734081 45458690
152734081 298831541
152734081 152816678
152734081 44754953
152734081 210215998
152734081 152839683
152734081 152734462
152734081 152627882
23515236 58174965
23515236 490443164
23515236 152566694
23515236 581097900
23515236 44758807
23515236 61087661
23515236 152479031
23515236 65259215
23515236 34648832
23515236 152731057
23515236 1802633
23515236 152956691
23515236 57644343
23515236 298837234
23515236 44758399
23515236 57651867
23515236 44759578
23515236 152729789
23515236 152954990
23515236 152661643
23515236 298831541
23515236 152816678
23515236 44754953
23515236 210215998
23515236 152839683
23515236 152627882
