789172291 127275940
137457436 127275940
137457436 723839319
129324201 127275940
565332740 127275940
26789149 127275940
138199772 127275940
109567151 484762189
139581709 127275940
51493169 127275940
505854149 127275940
148037110 127275940
742415362 127275940
742415362 605385233
642337528 127275940
165210390 127275940
364375925 127275940
269634699 127275940
7447817 127275940
423276167 90089085
368649565 127275940
836614407 127275940
271876833 127275940
269550166 127275940
604643458 127275940
604643458 102994844
258838382 44496304
58384698 127275940
179364409 127275940
107570380 127275940
128596875 127275940
217092506 127275940
127275940 127256445
127256445 127275940
112142897 127275940
112142897 346902989
132529589 127275940
723839319 137457436
165186455 52190079
104867481 52190079
104867481 127275940
104867481 133534989
104867481 112041424
365513126 127275940
28929986 127275940
179209887 127275940
363235326 127275940
215533613 127275940
5217460 127275940
102994844 604643458
133534989 127275940
133534989 104867481
532727435 127275940
90089085 127275940
90089085 423276167
133632293 127275940
423292278 164662903
497800064 127275940
472340850 484762189
90095941 127275940
316652448 127275940
44496304 127275940
44496304 258838382
111342020 127275940
346902989 112142897
95852810 484762189
270058371 127275940
217177335 127275940
164662903 127275940
164662903 423292278
269765482 127275940
693119041 127275940
372239328 127275940
18275068 127275940
96986724 127275940
137437515 127275940
348250314 127275940
128888085 127275940
130269585 127256445
605385233 742415362
365631202 127275940
263381918 127275940
263381918 127256445
112041424 127275940
112041424 104867481
484762189 91506529
484762189 472340850
484762189 95852810
484762189 109567151
140453279 127275940
91506529 484762189
138640073 127275940
52190079 95852810
52190079 165186455
52190079 104867481
