257893631 807652026
257893631 298852113
257893631 3922413
257893631 636042454
257893631 36743067
207078988 36743067
207078988 3922413
207078988 298852113
207078988 807652026
207078988 299320209
636042454 3922413
636042454 298852113
636042454 807652026
300506502 36743067
300506502 3922413
300506502 207078988
300506502 298852113
300506502 807652026
300506502 299320209
3922413 300506502
3922413 299320209
3922413 807652026
3922413 298852113
3922413 636042454
3922413 207078988
3922413 77978614
3922413 257893631
3922413 58180113
3922413 36743067
58180113 298852113
58180113 3922413
77978614 298852113
77978614 3922413
77978614 36743067
298852113 300506502
298852113 299320209
298852113 807652026
298852113 636042454
298852113 207078988
298852113 3922413
298852113 77978614
298852113 34125290
298852113 36743067
298852113 58180113
298852113 257893631
34125290 807652026
34125290 36743067
34125290 298852113
34125290 207078988
299320209 36743067
299320209 3922413
299320209 207078988
299320209 298852113
299320209 300506502
807652026 298852113
807652026 3922413
36743067 300506502
36743067 207078988
36743067 3922413
36743067 298852113
36743067 299320209
36743067 807652026
36743067 77978614
36743067 257893631
36743067 34125290
