223806531 21420101
34584941 16208318
34584941 55589741
50901543 127414880
45038739 16208318
45038739 84678754
45038739 52451119
45038739 57298251
45038739 55589741
76427055 132603933
76427055 44758877
76427055 149528563
76427055 152929841
76427055 152928026
424515550 132603933
424515550 18835312
82666431 16208318
12481079 21420101
12481079 55054215
12481079 127414880
12481079 74557542
12481079 57298251
12481079 55589741
12481079 58993678
12481079 16208318
12481079 18745577
98688819 57589961
694737198 55589741
152928026 76427055
44758877 76427055
44758877 112055432
44758877 57645052
57602156 74557542
93994750 21420101
52451119 21420101
52451119 16208318
52451119 84678754
52451119 55054166
52451119 55589741
132603933 424515550
132603933 18835312
132603933 16331187
132603933 58351276
132603933 152833810
152954990 31994389
152954990 132603933
152954990 58351276
152955389 132603933
112055432 57589961
112055432 152955389
112055432 57645052
112055432 44758877
112055432 18835312
112055432 16331187
112055432 24117114
112055432 176741819
16208318 84678754
16208318 21420101
16208318 55589741
152955458 16208318
152955458 132603933
152955458 55589741
18745577 52451119
18745577 55054166
18745577 57298251
18745577 55589741
18745577 16208318
18745577 21420101
18745577 128712637
18745577 12481079
57298251 127414880
57298251 84761692
57298251 45038739
57298251 12481079
57298251 34584941
57298251 58993678
58993678 57298251
58993678 16208318
58993678 127414880
58993678 21420101
58993678 84678754
58993678 57331671
58993678 52451119
58993678 55054166
58993678 55589741
58993678 42163405
58993678 12481079
180146132 55589741
32173320 18835312
32173320 176741819
44914120 127414880
16331187 112055432
16331187 57589961
16331187 132603933
200895757 21420101
200895757 55054215
200895757 52451119
200895757 55589741
52447601 16208318
52447601 84678754
52447601 55589741
152929841 132603933
129997917 21420101
129997917 127414880
129997917 7062830
29537363 3387522
29537363 208616691
29537363 55589741
42163405 21420101
42163405 16208318
42163405 55589741
42163405 58993678
53065431 55589741
149528563 76427055
149528563 58351276
127414880 21420101
127414880 16208318
127414880 84678754
127414880 7062830
127414880 129997917
127414880 57298251
127414880 3387522
127414880 12481079
84761692 57298251
84761692 55589741
31994389 57645052
31994389 152954990
58105791 132603933
58105791 58351276
152840355 55589741
217339683 21420101
217339683 16208318
217339683 55589741
505450350 55589741
21420101 55054215
21420101 57331671
21420101 93994750
21420101 45038739
21420101 42163405
21420101 12481079
21420101 217339683
21420101 16208318
21420101 7062830
21420101 129997917
21420101 55589741
21420101 52451119
21420101 58993678
21420101 18745577
3387522 127414880
3387522 29537363
208616691 29537363
57331671 21420101
57331671 217339683
57331671 16208318
24117114 112055432
24117114 57589961
24117114 74557542
52057981 55589741
152833810 132603933
84678754 57331671
84678754 21420101
84678754 16208318
84678754 55054215
84678754 42163405
84678754 52451119
84678754 738392443
84678754 52447601
84678754 127414880
84678754 7062830
84678754 129997917
84678754 55054166
84678754 45038739
84678754 129275458
84678754 55589741
84678754 223871684
84678754 58993678
176741819 32173320
176741819 112055432
7062830 21420101
7062830 127414880
7062830 129997917
7062830 55589741
82669576 52451119
82669576 55589741
58351276 132603933
58351276 149528563
58351276 18835312
55054166 16208318
55054166 55054215
55054166 84678754
55054166 52451119
55054166 18745577
55054166 55589741
55054166 58993678
57589961 98688819
57589961 112055432
57589961 57645052
57589961 24117114
57645052 31994389
57645052 112055432
57645052 57589961
57645052 44758877
8971186 55589741
57650595 176741819
738392443 84678754
738392443 52451119
738392443 55589741
74557542 57602156
74557542 24117114
74557542 12481079
55054215 21420101
55054215 16208318
55054215 84678754
55054215 52451119
55054215 82666431
55054215 55054166
55054215 55589741
18835312 424515550
18835312 32173320
18835312 114746768
18835312 112055432
18835312 132603933
18835312 58351276
60710752 153894169
32756788 16208318
32756788 55589741
223871684 55589741
