9602268 155925434
9602268 64553315
9602268 127318579
181259942 127318579
127318579 28898567
127318579 64553315
127318579 9602268
127318579 836612163
132491231 127318579
231287129 64553315
64553315 155925434
64553315 9602268
164068554 9602268
164068554 127318579
164068554 155925434
135304254 127318579
129826030 127318579
5734477 127318579
357617335 127318579
167257306 127318579
28898567 64553315
28898567 127318579
28898567 9602268
155925434 836612163
155925434 9602268
155925434 127318579
155925434 64553315
836612163 155925434
836612163 127318579
