23433775 161101527
190182125 161101527
828168842 161101527
651214009 161101527
651214009 366334546
109846536 161101527
109846536 37944407
109846536 289203177
540061352 161101527
745785040 161101527
689815079 161101527
187423408 161101527
217179951 161101527
299307210 161101527
741689321 161101527
59552011 161101527
59552011 262646862
241252009 161101527
190935501 161101527
190935501 136944790
216073850 289203177
216073850 161101527
833390525 161101527
216073860 161101527
216073860 131174988
578863520 161101527
7958431 161101527
172470750 161101527
155426426 161101527
289203177 161101527
289203177 109846536
289203177 216073850
745716117 161101527
101726842 161101527
303460495 161101527
29512404 161101527
366334546 161101527
366334546 651214009
450183617 161101527
104635672 161101527
458321219 161101527
689362238 161101527
136944790 161101527
136944790 190935501
18221100 161101527
307714216 161101527
642340436 161101527
312609213 161101527
89279110 161101527
667310275 161101527
667310275 262646862
833739655 161101527
124768922 161101527
359536546 161101527
289185788 161101527
384306234 161101527
328174732 289192067
328174732 161101527
131174988 216073860
37944407 161101527
37944407 159874009
37944407 109846536
155791405 217140078
480087701 161101527
127306373 161101527
123132444 161101527
749803941 161101527
559536111 161101527
159874009 13479283
159874009 161101527
159874009 37944407
366944369 161101527
289192067 161101527
289192067 328174732
836599217 161101527
263263849 161101527
298804433 161101527
13479283 161101527
13479283 159874009
836611927 161101527
81447999 161101527
81447999 315476088
155586352 161101527
17179084 161101527
450780492 161101527
16851666 161101527
16851666 61970599
836614551 161101527
44709520 61970599
44709520 161101527
161101527 13479283
161101527 16851666
161101527 505428912
161101527 101726842
161101527 289203177
161101527 159830801
161101527 109846536
161101527 81447999
161101527 59552011
505428912 161101527
315476088 161101527
315476088 81447999
148947622 161101527
262646862 161101527
262646862 59552011
262646862 667310275
217140078 155791405
159830801 161101527
155558635 161101527
133501518 161101527
693912773 161101527
155609400 161101527
101870100 161101527
