328134879 6352463
328134879 16523641
117946317 6352463
152594342 6352463
31761862 11627896
31761862 6352463
298863057 135444977
298863057 6352463
421460476 6352463
421444995 16523641
421444995 6352463
421444995 3951399
152801517 6352463
208406328 6352463
38463131 16523641
38463131 6352463
8183718 6352463
49915144 34619056
49915144 16523641
66953288 6352463
421487569 6352463
421487569 16523641
421455635 6352463
421502389 6352463
34619056 6352463
34619056 299120747
34619056 49915144
22686310 6352463
57848770 6352463
233194371 6352463
82129128 3951399
91083169 6352463
223767418 6352463
152481323 16523641
152481323 6352463
210021880 6352463
6352463 117946317
58108783 6352463
421457115 6352463
20123652 6352463
20123652 16523641
82397816 6352463
11627896 31761862
11627896 16523641
11627896 10498615
62118418 6352463
127170088 6352463
836610455 6352463
69499248 6352463
319197137 6352463
152621169 11627896
152621169 6352463
217179925 6352463
224319663 6352463
40614663 6352463
65273071 6352463
3951399 82129128
3951399 421444995
3951399 6352463
5445670 6352463
828447882 6352463
833331905 6352463
812488256 6352463
139851402 6352463
139851402 29696712
678647081 6352463
224313831 6352463
298838230 6352463
421499769 6352463
836610380 6352463
11704872 16523641
11704872 6352463
135444977 81973643
135444977 298863057
135444977 6352463
224335787 6352463
81973643 135444977
81973643 16523641
81973643 298863057
81973643 6352463
421465774 6352463
456086370 6352463
52450086 6352463
52450086 10498615
163314781 6352463
58448093 6352463
29696712 6352463
421523093 6352463
421456961 582935521
421456961 6352463
421614591 6352463
817796183 676775554
817796183 6352463
582935521 421456961
163553282 6352463
163553282 299205227
229803203 6352463
836610296 6352463
421480849 6352463
12998707 6352463
27646124 6352463
27646124 10498615
10498615 27646124
10498615 52450086
10498615 11627896
10498615 6352463
676775554 6352463
676775554 817796183
177095312 6352463
16523641 11704872
16523641 20123652
16523641 676775554
16523641 421487569
16523641 38463131
16523641 152481323
16523641 328134879
16523641 49915144
16523641 6352463
155742859 6352463
299205227 6352463
299205227 163553282
421602929 6352463
745588282 6352463
