298851883 14662169
14583597 155517997
14583597 695222176
14583597 75620088
14583597 40361320
14583597 73198614
184789535 75620088
184789535 73198614
11994669 52450086
634966853 61255357
73198614 269215948
73198614 14583597
73198614 184789535
73198614 75620088
73198614 52450086
73198614 17212193
695222176 14583597
48701061 73198614
57644516 129263018
57644516 210195753
152953585 298851883
155517997 14583597
232732964 504882024
269215948 73198614
52450086 11994669
52450086 75620088
52450086 73198614
133654885 17212193
75620088 73198614
75620088 184789535
75620088 52450086
129263018 57644516
210195753 57644516
17212193 73198614
17212193 133654885
