45393747 151231245
90364583 127173308
34053283 54325414
34053283 127173308
34053283 18704781
305057392 67035519
386933777 67035519
67035519 127173308
42346228 67035519
375260935 127173308
37318971 67035519
191857650 67035519
326168935 67035519
18704781 54325414
18704781 127173308
44909126 67035519
128925853 67035519
589406240 67035519
302968044 127173308
302968044 545488810
404243793 67035519
404243793 127173308
545432547 67035519
102494295 67035519
109178934 67035519
109178934 127173308
214093097 127173308
179492848 67035519
456677360 54325414
456677360 127173308
139708429 67035519
485959485 67035519
203888365 67035519
104837529 67035519
104837529 100955289
60218840 67035519
69001648 54325414
9574229 54325414
68951287 67035519
121782778 67035519
57563824 127173308
569981946 67035519
54325414 18704781
54325414 663276642
54325414 127173308
100955289 67035519
836613838 127173308
642301206 67035519
24765547 54325414
24765547 127173308
517591016 67035519
517591016 127173308
148166182 127173308
37230231 67035519
161557975 127173308
717238729 127173308
185027483 127173308
208521217 67035519
112558463 54325414
604225709 67035519
82339691 67035519
67065887 127173308
334611654 67035519
541653410 67035519
129250911 67035519
48759085 127173308
131049572 127173308
131049572 67035519
127173308 67035519
127173308 72058951
127173308 54325414
502818227 18704781
502818227 54325414
502818227 127173308
72058951 127173308
151231245 45393747
151231245 127173308
44509906 67035519
44509906 127173308
836613283 127173308
78238474 67035519
43995681 67035519
102913456 67035519
156620620 127173308
58114279 54325414
58114279 127173308
160276344 67035519
80501794 127173308
57337106 54325414
57337106 127173308
754923716 545488810
22804916 127173308
22804916 54325414
22804916 18704781
4336026 67035519
49410571 127173308
663276642 54325414
663276642 127173308
65488599 67035519
133753718 127173308
191886910 67035519
191886910 545488810
545488810 302968044
545488810 754923716
179749331 67035519
179749331 78585085
57430478 127173308
836612488 54325414
424222128 67035519
78585085 179749331
326169793 127173308
94983311 127173308
199775428 127173308
