357653661 127170980
52543142 24624867
52543142 19016981
52543142 127170980
52543142 32808689
54340648 127170980
52497092 127170980
21380097 127170980
48852349 31800725
48852349 127170980
52544972 127170980
52544972 127249683
58418904 127249683
58418904 129961399
58418904 127170980
384447900 127170980
509055683 127170980
42431272 127170980
84685858 127170980
56578508 127170980
216621303 127170980
156288782 127170980
129961399 127249683
129961399 127170980
48936419 127170980
128881951 129961399
663385072 127170980
48861838 127170980
643614784 127170980
7716139 127170980
7716139 32808689
45079229 127170980
363255923 127170980
7916033 52538323
7916033 127249683
7916033 127170980
7916033 24624867
31800725 127170980
17322462 57564394
17322462 19016981
604195764 24624867
604195764 19016981
604195764 127170980
58302875 127170980
127170980 24624867
127170980 35717076
127170980 19016981
127170980 384447900
127170980 32808689
127170980 19234339
199712804 32808689
199712804 127170980
19159564 127170980
189708898 127170980
683364490 127170980
127354036 19016981
127354036 127170980
19016981 24624867
19016981 17322462
19016981 35717076
19016981 55034426
19016981 127170980
19016981 127354036
19016981 32808689
19016981 19234339
58392493 127170980
9941370 127170980
57564394 17322462
57564394 55034426
57564394 127170980
57564394 32808689
54381725 7716139
54381725 127170980
54381725 32808689
32808689 24624867
32808689 52543142
32808689 127170980
457745013 127170980
24624867 189708898
24624867 604195764
24624867 35717076
24624867 19016981
24624867 55034426
24624867 127170980
24624867 32808689
24624867 19234339
54414110 127170980
640792263 127170980
459288907 127170980
54394638 19016981
54394638 384447900
54394638 127170980
131410348 32808689
131410348 127170980
131410348 52543142
55034426 57564394
55034426 24624867
55034426 604195764
55034426 19016981
55034426 127249683
55034426 127170980
55034426 19234339
214351008 127170980
163756558 127170980
35717076 24624867
35717076 19016981
35717076 55034426
35717076 52543142
35717076 127170980
35717076 32808689
35717076 19234339
136812071 127249683
136812071 127170980
52538323 127170980
52538323 32808689
52538323 7916033
47071589 127170980
19234339 24624867
19234339 35717076
19234339 19016981
19234339 55034426
19234339 127170980
127249683 129961399
127249683 127170980
21862701 127170980
21862701 32808689
37394819 127170980
