91197599 9724224
91197599 58052129
91197599 19285426
91197599 24253636
91197599 92513586
39316651 45161979
39316651 14583597
39316651 19285426
39316651 238994527
39316651 81379009
24253636 81379009
24253636 69274560
24253636 57749727
24253636 17223735
24253636 58052129
24253636 96147679
24253636 138452810
24253636 611410818
24253636 91197599
24253636 32898294
24253636 49294869
24253636 67910216
24253636 9724224
24253636 13139115
24253636 421476912
24253636 57467189
24253636 828447632
24253636 72471441
24253636 252043380
9724224 138452810
9724224 16975966
9724224 9418493
9724224 57749727
9724224 58052129
9724224 49294869
9724224 19285426
9724224 16944767
9724224 13139115
9724224 24253636
32320213 19285426
32320213 81379009
32320213 58052129
57648284 50637939
57648284 60764261
57648284 67910216
57648284 9724224
57648284 44754936
57648284 9418493
57648284 57749727
57648284 152657279
57648284 129985323
57648284 24253636
57648284 163543991
45300264 67910216
45300264 58052129
45300264 81379009
45300264 252043380
69274560 58052129
69274560 19285426
69274560 24253636
152898362 4529124
152898362 9418493
152898362 57749727
298848917 828447632
584743701 19285426
238994527 24253636
238994527 58052129
238994527 81379009
238994527 13139115
238994527 19285426
50978350 58052129
14583597 39316651
14583597 57467189
14583597 58052129
14583597 214274398
14583597 84434059
14583597 421461746
14583597 421472088
14583597 19285426
14583597 16944767
14583597 13139115
14583597 252043380
152657279 4529124
152657279 57648284
152657279 58052129
152657279 26285018
152657279 9724224
13927993 39316651
16944767 58052129
16944767 9418493
16944767 9724224
16944767 14583597
16944767 13139115
16944767 24253636
611410818 24253636
252043380 24253636
252043380 14583597
252043380 19285426
252043380 581851520
252043380 163543991
252043380 67910216
252043380 26285018
252043380 152688259
252043380 45300264
252043380 679983216
252043380 129985323
72471441 24253636
72471441 138452810
766034739 421472088
58052129 91197599
58052129 81379009
58052129 9724224
58052129 69274560
58052129 32320213
58052129 24253636
634958175 58052129
67910216 45300264
67910216 57648284
67910216 49294869
67910216 19285426
67910216 252043380
67910216 24253636
219839212 81379009
219839212 13139115
219839212 134953912
219839212 58052129
57467189 52156808
57467189 58052129
57467189 19285426
57467189 24253636
57467189 81379009
57467189 72471441
116052459 58052129
684961545 90521625
242257274 58052129
152531425 58052129
152531425 208535296
152531425 81379009
50637939 4529124
50637939 60764261
50637939 57648284
50637939 129985323
90521625 684961545
90521625 26285018
90521625 134953912
84450664 58052129
152703419 9724224
421476912 24253636
421476912 19285426
421476912 58052129
214274398 14583597
177214774 9724224
448585157 58052129
60764261 50637939
60764261 57648284
60764261 19285426
96147679 81379009
96147679 19285426
96147679 679983216
96147679 24253636
19285426 60764261
19285426 69274560
19285426 96147679
19285426 39316651
19285426 89089812
19285426 9724224
19285426 138452810
19285426 26285018
19285426 91197599
19285426 57467189
19285426 581851520
19285426 74964219
19285426 32898294
19285426 421476912
19285426 14583597
19285426 67910216
19285426 58052129
19285426 32320213
19285426 13139115
19285426 238994527
19285426 163543991
19285426 252043380
19285426 81379009
828447632 24253636
828447632 49294869
828447632 58052129
421472088 766034739
421472088 14583597
13139115 58052129
13139115 81379009
13139115 19285426
16975966 9724224
16975966 152688259
16975966 9418493
16975966 58052129
16975966 81379009
45161979 58249243
45161979 39316651
45161979 9418493
45161979 57749727
81379009 58052129
81379009 13139115
679983216 58052129
679983216 19285426
679983216 96147679
679983216 81379009
679983216 252043380
679983216 13139115
152688259 58052129
152688259 252043380
52156808 152688259
17223735 24253636
758003381 58052129
421461746 138452810
421461746 311969236
421461746 14583597
10396084 57749727
129985323 421461746
129985323 57648284
129985323 50637939
129985323 58052129
129985323 13139115
129985323 81379009
129985323 252043380
4529124 152898362
4529124 50637939
4529124 57749727
74964219 81379009
74964219 13139115
581851520 252043380
581851520 19285426
134953912 90521625
134953912 58052129
134953912 84434059
84434059 134953912
84434059 58052129
84434059 14583597
9418493 45161979
9418493 57648284
9418493 9724224
9418493 4529124
9418493 57749727
138452810 421461746
138452810 58052129
138452810 72471441
138452810 24253636
138452810 32898294
57749727 10396084
57749727 9724224
57749727 9418493
57749727 45161979
57749727 4529124
57749727 57648284
57749727 152898362
57749727 58052129
57749727 19285426
57749727 24253636
58249243 45161979
49294869 58052129
49294869 67910216
49294869 448585157
49294869 9724224
49294869 138452810
49294869 828447632
49294869 19285426
49294869 24253636
54152722 138452810
826829894 58052129
163543991 19285426
163543991 252043380
77236302 58052129
26285018 90521625
26285018 58052129
26285018 152657279
26285018 13139115
26285018 252043380
208535296 81379009
208535296 9724224
208535296 58052129
44754936 57648284
182919238 58052129
92513586 81379009
92513586 91197599
38281135 81379009
38281135 58052129
311969236 421461746
32898294 138452810
32898294 58052129
32898294 19285426
