130998959 82653634
662841468 364902533
364902533 662841468
364902533 20202670
364902533 820213534
364902533 661461318
364902533 368896273
162770952 364902533
820213534 368896273
820213534 364902533
152524817 836610454
152524817 364902533
44799441 529012118
44799441 368896273
130162712 167717016
42088057 368896273
529012118 44799441
529012118 820213534
529012118 368896273
58038478 134122254
661461318 364902533
368896273 529012118
72557600 82653634
20202670 364902533
82653634 130998959
82653634 72557600
167717016 217177335
167717016 130162712
217177335 167717016
