28740973 65277474
28740973 154906537
50628484 230923307
50628484 75344159
44517734 154906537
75344159 50628484
45022017 230923307
45022017 154906537
230923307 154906537
230923307 50628484
230923307 45022017
43782004 154906537
80621578 154906537
138894142 154906537
44714737 154906537
50870915 154906537
65277474 28740973
44556539 154906537
154906537 72142926
154906537 80621578
154906537 138894142
154906537 44556539
154906537 28740973
154906537 45004297
154906537 230923307
154906537 44517734
154906537 44714737
154906537 43782004
154906537 50870915
154906537 45022017
72142926 154906537
45004297 154906537
