836614133 23774377
544099275 23774377
200297444 23774377
154920214 23774377
156504339 23774377
242870581 23774377
145560620 23774377
200027045 23774377
48052154 23774377
756881715 23774377
200058453 23774377
232451365 23774377
663074115 23774377
56945408 23774377
299336519 23774377
142572404 23774377
647242838 23774377
36800819 23774377
36800819 836612980
55503681 23774377
403484978 23774377
44766663 23774377
836613895 23774377
217179730 23774377
836614280 23774377
546779374 23774377
54667280 23774377
415790155 23774377
200139464 23774377
199777901 23774377
66989472 23774377
199901311 23774377
233128400 23774377
156643669 603538617
156643669 23774377
148152335 23774377
230788432 23774377
318138148 23774377
629713032 23774377
185281276 23774377
261324606 23774377
61052403 23774377
10722313 23774377
123929591 23774377
836612605 23774377
566861402 23774377
118842339 23774377
364604041 23774377
581155501 23774377
229722961 23774377
566795659 23774377
23774377 200297444
166840901 23774377
691151975 23774377
39501492 23774377
179469020 23774377
72145021 23774377
836612980 36800819
674475289 23774377
27412954 23774377
603538617 156643669
603538617 23774377
722894776 23774377
77376550 23774377
68489547 23774377
200023491 23774377
54394559 23774377
836612108 23774377
648799874 23774377
28216890 23774377
704647240 23774377
594088845 23774377
792546043 23774377
8275048 23774377
303570642 23774377
