28078993 12585304
28078993 258374507
28078993 499776702
28078993 635078480
28078993 50652780
635078480 258374507
635078480 50652780
635078480 28078993
635078480 499776702
12585304 258374507
12585304 28078993
12585304 50652780
388402079 499776702
258374507 12585304
258374507 499776702
258374507 635078480
258374507 50652780
258374507 28078993
50652780 258374507
50652780 12585304
50652780 28078993
50652780 499776702
50652780 635078480
499776702 50652780
499776702 388402079
499776702 635078480
499776702 28078993
499776702 258374507
499776702 12585304
350145612 635078480
350145612 258374507
350145612 12585304
