57647482 57649568
57647482 101695471
581508230 101695471
101697956 101695471
67521590 101695471
62310179 101695471
101700200 101695471
341866870 101695471
101695471 79162436
581705385 101695471
536148327 101695471
580883283 101695471
35012851 101695471
582055578 101695471
582569581 101695471
582569581 57659502
84114736 101695471
30001789 101695471
152430925 101695471
152726119 74557542
152726119 101695471
110803567 101695471
530540896 101695471
490694397 101695471
581528238 101695471
26848980 101695471
26848980 79162436
26848980 4998125
32202800 62310179
32202800 57650096
32202800 101695471
581155961 101695471
581155961 79162436
581125271 101695471
581655353 101695471
559107215 101695471
57649568 305853371
57649568 57647482
534856719 101695471
11357682 101695471
582587576 101695471
675110107 101695471
4998125 101695471
4998125 26848980
152601864 101695471
103609210 101695471
225644832 101695471
57652237 305853371
57652237 101695471
57652237 57648259
305853371 57649568
305853371 210196241
305853371 57650096
305853371 101695471
305853371 57652237
323250049 101695471
154888928 101695471
152696364 101695471
22171992 101695471
298834885 101695471
57648259 101695471
57648259 79162436
57648259 57652237
57648259 57650096
582082151 101695471
54214886 101695471
79162436 210196241
79162436 57650096
79162436 101695471
79162436 581155961
79162436 57648259
79162436 58105546
79162436 26848980
58105546 101695471
58105546 79162436
120262884 101695471
120262884 130257079
154846864 101695471
582367398 101695471
547159046 101695471
582678234 101695471
82738134 101695471
582294812 101695471
299404889 101695471
152620137 101695471
152620137 57659502
71344156 101695471
57659502 582569581
57659502 101695471
57659502 152620137
581372083 101695471
57650096 32202800
57650096 65434335
57650096 305853371
57650096 79162436
57650096 57648259
36472256 101695471
530728078 101695471
581160989 101695471
152710012 101695471
302663063 101695471
152628124 101695471
581985323 101695471
26701873 101695471
65434335 57650096
65434335 101695471
138297581 101695471
210196241 305853371
210196241 101695471
210196241 79162436
74557542 101695471
74557542 152726119
581458791 101695471
210185571 101695471
152857893 101695471
695062546 101695471
58104622 101695471
