9261283 322218919
678243378 83664781
678243378 835067582
678243378 472316237
678243378 298460550
678243378 52959540
678243378 497974574
678243378 196306881
678243378 239965967
678243378 92182661
132797285 131698259
132797285 322218919
322969848 84593748
322969848 835067582
322969848 196306881
322969848 212794798
59162757 26427332
59162757 22386798
61255300 196306881
83664781 131698259
83664781 239965967
83664781 196306881
83664781 472316237
83664781 678243378
83664781 84206397
497812799 83664781
497812799 678243378
497812799 834496042
497812799 834624097
497812799 472316237
497812799 243489599
497812799 836611985
497812799 196306881
497812799 239965967
497812799 694772500
497812799 176086550
298460550 84593748
298460550 678243378
298460550 834496042
298460550 834624097
298460550 835067582
298460550 472316237
298460550 92182661
298460550 176086550
298460550 322218919
298460550 239965967
298460550 196306881
298460550 497974574
298460550 836611985
298460550 52959540
741761657 61532036
741761657 68934628
239965967 84593748
239965967 83664781
239965967 678243378
239965967 836613208
239965967 298460550
239965967 52959540
239965967 148551724
239965967 497974574
239965967 196306881
239965967 92182661
239965967 212794798
239965967 61255300
239965967 176086550
239965967 322969848
239965967 322218919
33921052 54432603
36805644 61538550
39584771 61532036
317170822 836612690
131182144 47458769
131182144 61532036
67078939 54432603
67078939 61532036
22386798 61538550
243489599 834496042
243489599 834624097
243489599 92182661
243489599 131698259
243489599 497812799
243489599 694772500
243489599 196306881
243489599 497974574
196306881 83664781
196306881 84206397
196306881 678243378
196306881 836613208
196306881 472316237
196306881 763931771
196306881 836612690
196306881 243489599
196306881 836611985
196306881 497974574
196306881 17982204
196306881 92182661
196306881 61255300
196306881 497812799
196306881 176086550
196306881 322969848
196306881 82435542
196306881 132797285
196306881 239965967
196306881 56622370
196306881 165334675
133809980 54432603
834624097 84593748
834624097 83664781
834624097 84206397
834624097 678243378
834624097 834496042
834624097 92182661
834624097 131698259
834624097 212794798
834624097 61255300
834624097 497812799
834624097 176086550
834624097 694772500
834624097 322969848
834624097 82435542
834624097 322218919
834624097 132797285
834624097 239965967
834624097 9261283
834624097 56622370
834624097 165334675
834624097 317170822
834624097 301854186
834624097 196306881
834624097 17982204
834624097 836614574
834624097 497974574
834624097 836611985
834624097 148551724
834624097 243489599
834624097 52959540
834624097 836612690
834624097 298460550
834624097 763931771
834624097 472316237
834624097 836613208
834624097 835067582
52959540 84593748
52959540 678243378
52959540 472316237
52959540 298460550
52959540 836614574
52959540 196306881
52959540 92182661
52959540 82435542
52959540 322218919
52959540 239965967
131698259 243489599
131698259 92182661
20958018 61532036
47458769 131182144
497974574 84593748
497974574 83664781
497974574 678243378
497974574 834624097
497974574 472316237
497974574 298460550
497974574 148551724
497974574 196306881
497974574 239965967
497974574 176086550
497974574 131698259
497974574 92182661
65545652 61532036
472316237 84593748
472316237 83664781
472316237 678243378
472316237 92182661
472316237 131698259
472316237 322218919
472316237 239965967
472316237 9261283
472316237 196306881
472316237 17982204
472316237 497974574
472316237 52959540
472316237 298460550
68934628 741761657
148551724 84593748
148551724 83664781
148551724 678243378
148551724 497974574
148551724 196306881
148551724 9261283
148551724 239965967
148551724 176086550
148551724 92182661
643852226 299450571
643852226 61532036
82435542 84593748
82435542 83664781
82435542 472316237
82435542 52959540
82435542 17982204
82435542 9261283
82435542 239965967
82435542 322218919
82435542 92182661
834496042 84593748
834496042 83664781
834496042 84206397
834496042 678243378
834496042 92182661
834496042 212794798
834496042 61255300
834496042 497812799
834496042 176086550
834496042 694772500
834496042 82435542
834496042 322218919
834496042 132797285
834496042 239965967
834496042 56622370
834496042 165334675
834496042 301854186
834496042 196306881
834496042 836614574
834496042 836611985
834496042 148551724
834496042 243489599
834496042 52959540
834496042 836612690
834496042 298460550
834496042 472316237
834496042 836613208
834496042 835067582
834496042 834624097
84593748 92182661
84593748 322218919
84593748 132797285
84593748 239965967
84593748 9261283
84593748 196306881
84593748 17982204
84593748 836614574
84593748 497974574
84593748 52959540
84593748 298460550
84593748 472316237
84593748 83664781
835067582 84593748
835067582 678243378
835067582 472316237
835067582 298460550
835067582 497974574
835067582 196306881
835067582 9261283
835067582 239965967
835067582 322969848
835067582 694772500
472197896 678243378
472197896 61532036
212794798 92182661
212794798 61255300
212794798 322969848
212794798 132797285
212794798 239965967
212794798 196306881
212794798 17982204
212794798 52959540
84206397 83664781
84206397 834496042
84206397 834624097
84206397 836611985
84206397 497974574
84206397 196306881
84206397 322218919
84206397 694772500
84206397 131698259
84206397 92182661
45156515 15966330
45156515 61532036
694772500 84593748
694772500 83664781
694772500 84206397
694772500 678243378
694772500 834496042
694772500 834624097
694772500 835067582
694772500 836613208
694772500 472316237
694772500 298460550
694772500 836612690
694772500 52959540
694772500 92182661
694772500 131698259
694772500 212794798
694772500 61255300
694772500 497812799
694772500 176086550
694772500 82435542
694772500 322218919
694772500 132797285
694772500 239965967
694772500 9261283
694772500 56622370
694772500 165334675
694772500 317170822
694772500 301854186
694772500 196306881
694772500 836614574
694772500 497974574
694772500 836611985
694772500 148551724
694772500 243489599
322218919 84593748
322218919 472316237
322218919 298460550
322218919 61532036
322218919 196306881
322218919 92182661
322218919 131698259
322218919 132797285
322218919 9261283
92182661 84593748
92182661 678243378
92182661 836613208
92182661 472316237
92182661 243489599
92182661 497974574
92182661 131698259
92182661 317170822
92182661 196306881
200058874 61532036
301854186 678243378
176086550 83664781
176086550 834496042
176086550 834624097
176086550 298460550
176086550 92182661
176086550 212794798
176086550 497812799
176086550 239965967
176086550 196306881
176086550 497974574
54432603 61532036
54432603 23799299
299450571 643852226
299450571 54676441
58412172 61532036
683511146 54432603
17982204 84593748
17982204 834624097
17982204 472316237
17982204 61532036
17982204 196306881
17982204 212794798
200023491 61532036
56622370 61532036
56622370 196306881
