81989651 400314878
81989651 115015382
19130122 127197217
139044261 115015382
139044261 81989651
230499351 127197217
142486574 297993087
142486574 127197217
217174375 654212705
129260980 127197217
428653077 127197217
54138423 127197217
297993087 127197217
297993087 129260980
115015382 127197217
115015382 139044261
115015382 81989651
115015382 129260980
166608673 654212705
166608673 127197217
127197217 54138423
127197217 297993087
400314878 81989651
513925127 129260980
513925127 127197217
49084064 129260980
49084064 127197217
654212705 129260980
60448525 127197217
