647108934 836614838
647108934 812800605
647108934 788853205
647108934 818108872
647108934 695908491
647108934 593832021
647108934 836612899
647108934 536171607
647108934 836613889
647108934 836612302
49920156 20702862
49920156 49522881
49920156 7015105
49920156 29394412
49920156 9752768
50644997 525194389
50644997 50599085
50644997 20702862
50644997 37412599
50644997 49083514
50644997 7015105
50644997 297507652
50644997 29394412
50644997 22102616
50644997 14572481
525194389 50644997
39306649 20702862
39306649 29394412
39306649 14572481
29648576 29394412
29648576 9752768
593832021 536171607
593832021 836614263
593832021 647108934
536171607 593832021
536171607 647108934
818108872 836614838
818108872 836612899
818108872 536171607
818108872 647108934
7015105 50644997
7015105 20702862
7015105 37412599
7015105 17397803
7015105 49522881
7015105 49083514
7015105 29394412
7015105 22102616
7015105 49920156
7015105 26911537
7015105 9752768
7015105 14572481
9752768 20702862
9752768 29394412
9752768 37412599
9752768 22102616
9752768 7015105
9752768 14572481
49083514 50644997
49083514 20702862
49083514 37412599
49083514 17397803
49083514 49522881
49083514 7015105
49083514 29394412
49083514 49920156
49083514 14572481
49083514 9752768
22102616 50644997
22102616 50599085
22102616 20702862
22102616 37412599
22102616 49522881
22102616 7015105
22102616 29394412
22102616 9752768
22102616 14572481
836613889 647108934
788853205 647108934
812800605 509366671
812800605 593832021
812800605 536171607
812800605 836613889
812800605 647108934
26911537 29394412
26911537 7015105
26911537 9752768
26911537 14572481
17397803 20702862
17397803 7015105
17397803 29394412
17397803 14572481
50599085 50644997
50599085 20702862
50599085 29394412
50599085 22102616
50599085 49920156
50599085 26911537
50599085 14572481
50599085 9752768
20702862 39306649
20702862 50644997
20702862 50599085
20702862 37412599
20702862 17397803
20702862 49522881
20702862 49083514
20702862 7015105
20702862 29394412
20702862 22102616
20702862 49920156
20702862 9752768
20702862 14572481
14572481 604539286
14572481 20702862
14572481 29394412
14572481 7015105
14572481 37412599
14572481 22102616
14572481 50644997
14572481 49083514
14572481 9752768
14572481 26911537
14572481 39306649
14572481 17397803
14572481 49920156
14572481 50599085
297507652 50644997
297507652 29394412
836612899 647108934
836612899 836612884
37412599 50644997
37412599 20702862
37412599 17397803
37412599 49083514
37412599 7015105
37412599 29394412
37412599 22102616
37412599 9752768
37412599 14572481
836612302 836614838
836612302 647108934
49522881 20702862
49522881 29394412
49522881 22102616
836614838 593832021
836614838 536171607
29394412 39306649
29394412 50644997
29394412 29648576
29394412 50599085
29394412 20702862
29394412 37412599
29394412 17397803
29394412 49522881
29394412 49083514
29394412 7015105
29394412 22102616
29394412 49920156
29394412 26911537
29394412 9752768
29394412 14572481
