35127749 111169116
35127749 24177575
35127749 54680523
35127749 97116049
35127749 52211087
35127749 44469329
35127749 19379065
35127749 6527197
35127749 127978136
541663418 127978136
6527197 128070585
6527197 6251349
6527197 164373050
6527197 465400438
6527197 228454334
6527197 44525427
6527197 76584257
6527197 130329819
6527197 130859600
6527197 19379065
6527197 35127749
6527197 8013686
6527197 13216475
6527197 24169613
54680523 52211087
54680523 35127749
54680523 6527197
54680523 127978136
52211087 54680523
52211087 678561819
52211087 35127749
52211087 8013686
140151159 127978136
130859600 44469329
130859600 6527197
130859600 8013686
48566360 35127749
48566360 8013686
48566360 127978136
13216475 6527197
80670801 35127749
80670801 6527197
80670801 8013686
60448198 127978136
48573547 44526645
48573547 127978136
44525427 6527197
44525427 8013686
44525427 127978136
19379065 5499932
19379065 6527197
19379065 8013686
19379065 127978136
111169116 35127749
111169116 127978136
6992225 127978136
27739816 44469329
27739816 130859600
27739816 6841920
44387965 6527197
44886699 127978136
82640965 127978136
97116049 127978136
57426850 127978136
128070585 6527197
228454334 465400438
228454334 35127749
228454334 6527197
228454334 8013686
228454334 127978136
9276170 8013686
44631405 76584257
44631405 8013686
44631405 127978136
6251349 14890652
6251349 6527197
6251349 127978136
24177575 35127749
24177575 6527197
24177575 127978136
60933832 127978136
163900453 127978136
24169613 6527197
24169613 127978136
14890652 6251349
14890652 65348743
465400438 228454334
465400438 76584257
465400438 6527197
22388197 127978136
164373050 17562609
164373050 6527197
678561819 52211087
678561819 8013686
6841920 27739816
8013686 9276170
8013686 678561819
8013686 52211087
8013686 48566360
8013686 228454334
8013686 44525427
8013686 76584257
8013686 130859600
8013686 5499932
8013686 19379065
8013686 80670801
8013686 6527197
8013686 127978136
8013686 44631405
5499932 8013686
76584257 465400438
76584257 52211087
76584257 6527197
76584257 8013686
76584257 127978136
76584257 44631405
130329819 6527197
130329819 127978136
44526645 48573547
44526645 127978136
69820755 127978136
75767655 127978136
