14634989 127167225
23710949 127167225
456065252 127167225
252984847 127167225
299155469 127167225
386839374 127167225
57429257 127167225
92178638 127167225
38690625 127167225
33417408 127167225
14694880 127167225
58399006 127167225
229214628 127167225
141038901 127167225
26226550 127167225
57633790 127167225
148112526 127167225
49076801 127167225
30307741 127167225
316922028 127167225
685598579 127167225
836612241 127167225
33220787 127167225
62093519 127167225
23951330 127167225
651725754 127167225
578767971 127167225
81604264 127167225
11870792 127167225
163894026 127167225
125869468 127167225
711386755 127167225
130070123 127167225
124553492 127167225
28537382 127167225
199747038 127167225
28027167 127167225
148847843 127167225
836614513 127167225
166486866 127167225
23100389 127167225
31158742 127167225
578732253 127167225
630217602 127167225
115771582 127167225
163892059 127167225
