48563035 5364551
836613475 128177000
836612431 128177000
252950424 5364551
128828549 5364551
219650733 5364551
179622232 5364551
233297569 5364551
485666692 5364551
582454912 5364551
5364551 128177000
152796269 5364551
152796269 128177000
152796269 57372603
241872828 5364551
177109540 5364551
15326290 5364551
60623986 5364551
155815259 5364551
152581194 5364551
152581194 128177000
61574302 5364551
61574302 128177000
160531297 23616220
131038462 5364551
542427 5364551
542427 128177000
130424805 5364551
44940601 5364551
435165441 128177000
49308923 5364551
151577026 5364551
151577026 23616220
57372603 152722511
57372603 152796269
33548431 5364551
302772732 5364551
61080082 5364551
121874357 5364551
177077750 5364551
643933155 128177000
152722511 5364551
152722511 57372603
152722511 152846066
58462789 5364551
152846066 152722511
8322838 5364551
23616220 60623986
23616220 151577026
23616220 5364551
152727295 5364551
836614580 5364551
836612452 5364551
128177000 5364551
199885277 5364551
836614641 5364551
128973445 5364551
48721720 5364551
48721720 128177000
135197510 57339759
57339759 128177000
57339759 135197510
5236048 5364551
152906076 5364551
307487585 5364551
307487585 128177000
601714867 5364551
601714867 128177000
40049839 5364551
199961114 5364551
199961114 128177000
138022222 5364551
138022222 128177000
14919279 5364551
81470362 5364551
45471182 5364551
