44471117 6708031
44471117 127166348
55255787 127166348
44211965 48268077
44211965 61256679
44211965 127166348
44211965 44516537
156665918 82528352
156665918 127166348
6708031 6046620
6708031 48268077
6708031 52376735
6708031 44875075
6708031 44165552
6708031 44918463
6708031 48711852
6708031 60139477
6708031 50867078
6708031 305428820
6708031 49521005
6708031 44471117
6708031 61446978
6708031 127386396
6708031 44372491
6708031 131334670
6708031 231022536
6708031 31471557
6708031 130775564
6708031 60711522
6708031 44407319
6708031 230968736
6708031 60483280
44875075 6708031
44875075 61446978
44875075 127166348
44875075 231022536
44701755 127166348
44701755 57382531
50899462 61446978
50899462 127166348
65287169 83237330
65287169 47961092
65287169 61446978
65287169 65420586
65287169 17274668
65287169 82528352
65287169 127166348
65287169 31471557
65287169 40228981
470359192 127166348
61256679 44918463
61256679 50867078
61256679 305428820
61256679 127166348
61256679 131334670
61256679 31471557
61256679 44211965
61256679 44407319
44530944 49521005
44530944 127166348
44530944 31471557
232619286 127166348
60139477 6046620
60139477 127481940
60139477 6708031
60139477 83237330
60139477 49521005
60139477 47961092
60139477 61446978
60139477 127166348
60139477 60711522
14750606 127386396
14750606 127166348
48711852 127481940
48711852 6708031
48711852 83237330
48711852 61446978
48711852 127386396
48711852 82528352
48711852 127166348
47961092 127166348
132531886 127166348
132531886 131334670
119933758 127166348
131334670 6046620
131334670 127481940
131334670 61256679
131334670 6708031
131334670 305428820
131334670 132531886
131334670 61446978
131334670 17274668
131334670 127166348
131334670 31471557
48721702 127166348
57018062 127166348
231022536 6708031
231022536 44918463
231022536 127166348
60711522 6046620
60711522 6708031
60711522 83237330
60711522 60139477
60711522 82264608
60711522 17274668
60711522 127166348
132206007 52376735
132206007 127166348
114033663 127481940
114033663 127166348
43815974 127166348
300991666 127166348
95348607 127166348
44899002 50867078
44899002 61446978
44899002 65420586
44899002 127166348
45034794 127166348
741666985 127166348
45420898 127166348
44015990 127166348
3334079 127166348
43929351 127166348
83237330 6046620
83237330 127481940
83237330 48711852
83237330 60139477
83237330 82651208
83237330 82264608
83237330 61446978
83237330 127386396
83237330 82528352
83237330 127166348
83237330 60711522
95894123 127166348
52376735 6708031
52376735 61446978
52376735 132206007
52376735 127166348
44407319 61256679
44407319 6708031
44407319 127166348
127481940 82651208
127481940 127166348
127481940 131334670
127481940 75381893
57382531 44701755
57382531 127166348
45081755 61446978
45081755 127166348
82528352 65287169
82528352 127166348
48574227 127166348
60704015 127166348
60704015 44211965
82651208 127481940
82651208 44918463
82651208 83237330
82651208 49521005
82651208 65420586
82651208 127166348
44039011 127166348
75376290 50867078
75376290 61446978
75376290 127166348
75376290 31471557
44165552 6708031
44165552 127166348
44516537 49521005
44516537 31471557
44516537 44211965
302883557 127166348
31471557 48268077
31471557 61256679
31471557 6708031
31471557 65287169
31471557 44530944
31471557 17274668
31471557 127166348
31471557 131334670
31471557 44516537
31471557 75376290
31471557 60483280
230968736 6708031
230968736 49521005
230968736 61446978
230968736 127166348
82786349 6046620
82786349 132531886
82786349 17274668
82786349 127166348
82263277 49521005
20832161 127166348
49061599 127166348
796367968 127166348
130775564 6708031
130775564 127166348
92362190 127166348
50598648 17274668
127386396 6708031
127386396 48711852
127386396 61446978
127386396 17274668
127386396 127166348
17274668 6046620
17274668 127481940
17274668 65287169
17274668 47961092
17274668 132531886
17274668 127386396
17274668 127166348
17274668 131334670
17274668 75381893
17274668 31471557
17274668 60711522
6046620 6708031
6046620 83237330
6046620 82786349
6046620 61446978
6046620 17274668
6046620 127166348
6046620 131334670
6046620 57435858
6046620 60711522
65420586 44899002
65420586 65287169
65420586 49521005
65420586 82651208
65420586 61446978
65420586 127166348
44269493 127166348
44076858 127166348
49521005 6708031
49521005 60139477
49521005 82651208
49521005 44530944
49521005 65420586
49521005 127166348
49521005 44516537
49521005 230968736
49521005 82263277
49521005 60483280
61446978 6046620
61446978 44899002
61446978 45081755
61446978 52376735
61446978 44875075
61446978 6708031
61446978 65287169
61446978 50899462
61446978 44918463
61446978 83237330
61446978 48711852
61446978 60139477
61446978 305428820
61446978 65420586
61446978 127166348
61446978 131334670
61446978 75376290
61446978 230968736
57435858 6046620
57435858 127166348
57435858 44211965
48736225 127166348
305428820 61256679
305428820 6708031
305428820 61446978
305428820 131334670
305428820 60483280
305428820 75376290
82264608 127166348
82264608 60711522
48268077 6708031
48268077 83237330
48268077 48711852
48268077 17274668
48268077 127166348
48268077 44372491
48268077 31471557
48268077 44211965
44372491 48268077
44372491 6708031
44372491 127166348
44918463 61256679
44918463 6708031
44918463 82651208
44918463 61446978
44918463 127166348
44918463 231022536
60483280 127166348
60483280 127481940
60483280 31471557
60483280 6708031
60483280 49521005
60483280 305428820
50867078 44899002
50867078 61256679
50867078 6708031
50867078 127166348
50867078 75376290
47970528 127166348
49064949 127166348
48728286 127166348
40228981 65287169
40228981 127166348
75381893 127481940
75381893 127166348
