298084742 11882383
233214446 11882383
244747422 11882383
230935133 11882383
207355854 11882383
229016933 11882383
269689647 11882383
269079445 11882383
142762718 11882383
295094198 11882383
281549214 11882383
241071671 11882383
238772157 237250384
238772157 237501513
238772157 11882383
229186930 11882383
235431677 31836298
235431677 11882383
230081057 11882383
238697694 11882383
227772440 11882383
235912272 11882383
241804961 11882383
232948950 11882383
250957532 31836298
250957532 11882383
262687763 11882383
233244482 11882383
238399066 11882383
232722701 297882605
232722701 11882383
70123035 31836298
70123035 11882383
289312943 11882383
227412125 11882383
248973914 11882383
244745961 11882383
212436935 11882383
212436935 235912272
235134089 11882383
134998060 11882383
271753238 11882383
248542086 11882383
264614689 11882383
244104602 11882383
237250384 237501513
237250384 238772157
237250384 11882383
230128801 11882383
242315907 11882383
16315402 11882383
297882605 11882383
230888900 11882383
269262053 11882383
58384092 11882383
266693549 11882383
232467672 11882383
273368109 11882383
240651809 11882383
248634305 11882383
286101586 11882383
275685300 11882383
227123592 11882383
241603633 11882383
227290490 11882383
230401177 11882383
292818335 11882383
237501513 237250384
237501513 238772157
237501513 11882383
238584125 11882383
241612207 11882383
229020285 11882383
229454781 11882383
786059927 11882383
148429942 11882383
226792816 11882383
276169940 11882383
199919835 11882383
264437182 11882383
65275575 11882383
611644340 11882383
52562943 11882383
264986541 11882383
140116761 11882383
233616403 11882383
229547818 11882383
268078971 11882383
221349919 11882383
226825312 11882383
284677613 11882383
283696779 11882383
57190989 11882383
27433802 11882383
230803341 11882383
242214213 11882383
31836298 250957532
31836298 11882383
31836298 70123035
284510017 11882383
239177595 11882383
279850128 11882383
290007897 11882383
17641776 11882383
