107672922 31374866
216091517 31374866
299171645 31374866
4863851 31374866
15691678 232817558
15691678 104639452
14378882 94369147
232860424 31374866
241222959 31374866
274384117 31374866
199673984 31374866
26065350 31374866
26065350 107668371
295081679 31374866
239852928 31374866
279537499 31374866
234230870 31374866
228145407 31374866
107665881 31374866
143047438 31374866
161126943 31374866
242082351 31374866
38021066 31374866
107674331 31374866
3588604 31374866
167741597 31374866
295467695 31374866
50606987 31374866
16515230 31374866
259223690 31374866
259223690 833659810
274588226 31374866
228541192 31374866
49231291 31374866
269473873 31374866
291569161 31374866
107668371 31374866
107668371 26065350
246819900 31374866
295578189 31374866
229030937 31374866
580964104 31374866
272546053 31374866
206107903 31374866
35411585 31374866
297082782 31374866
297803506 31374866
94369147 14378882
104639452 31374866
104639452 15691678
107668823 31374866
140117098 31374866
29338630 31374866
155042891 31374866
56959882 31374866
170815389 31374866
642481100 31374866
231254683 31374866
286391505 31374866
232817558 15691678
289733465 31374866
836052146 31374866
296163045 31374866
267240673 31374866
228894298 31374866
19006502 31374866
