133646334 127583956
59679808 161104558
59679808 52392334
59679808 54378129
59679808 127583956
59679808 215944821
59679808 126045448
59679808 508561162
215944821 161104558
215944821 59679808
215944821 190167612
215944821 127583956
215944821 23645932
215944821 54378129
215944821 126045448
215944821 121370444
234456769 102926689
227775206 127583956
52122222 174530659
52122222 127583956
35350286 161104558
35350286 54378129
35350286 121370444
35350286 127583956
190167612 161104558
190167612 52392334
190167612 54378129
190167612 121370444
190167612 163894026
190167612 127583956
54378129 652891832
54378129 35350286
54378129 127583956
54378129 216073902
54378129 453231155
54378129 130036967
54378129 121370444
54378129 126045448
692283815 298807868
692283815 200075868
692283815 23080202
20612476 161104558
20612476 127583956
129060908 121370444
365287158 127583956
455881571 161104558
455881571 121370444
455881571 216073902
455881571 508561162
455881571 127583956
321210564 127583956
168248995 161104558
168248995 127583956
168248995 508561162
168248995 54378129
168248995 121370444
142730967 127583956
142730967 508561162
344723765 127583956
344723765 129060908
38317061 161104558
38317061 23645932
38317061 129060908
38317061 54378129
38317061 190167612
38317061 121370444
38317061 127583956
44995163 127583956
126045448 161104558
126045448 59679808
126045448 127583956
126045448 508561162
126045448 121370444
300607291 161104558
300607291 127583956
300607291 52392334
451237673 508561162
451237673 127583956
299849169 127583956
31956905 453231155
16746558 129060908
16746558 127583956
72932207 129060908
72932207 127583956
72932207 508561162
72932207 44886588
89279110 161104558
89279110 127583956
23645932 161104558
8675394 127583956
23080202 161104558
301431693 161104558
301431693 54378129
301431693 121370444
301431693 508561162
301431693 127583956
809935316 127583956
121370444 161104558
121370444 38317061
121370444 455881571
121370444 127583956
121370444 508561162
121370444 129060908
121370444 54378129
102926689 234456769
54253676 508561162
54253676 127583956
369049035 161104558
369049035 127583956
369049035 508561162
369049035 121370444
369049035 54378129
369049035 23645932
453231155 161104558
453231155 127583956
453231155 508561162
453231155 129060908
453231155 23645932
453231155 54378129
81764828 508561162
235439872 127583956
44635065 127583956
795061567 508561162
16129939 54378129
231682616 34853764
231682616 281755318
231682616 48681652
231682616 127583956
174530659 52122222
652825852 127583956
39786164 127583956
120862560 161104558
300213931 508561162
52392334 161104558
52392334 23645932
52392334 168248995
52392334 497227056
52392334 54378129
52392334 190167612
52392334 836612557
52392334 121370444
52392334 300607291
52392334 127583956
52392334 215944821
52392334 508561162
48681652 231682616
48681652 23645932
48681652 127583956
48681652 508561162
44886588 34853764
44886588 127583956
44886588 72932207
298805999 508561162
298805999 127583956
163894026 161104558
163894026 190167612
163894026 127583956
652891832 161104558
652891832 54378129
502772308 161104558
281755318 231682616
47055210 508561162
47055210 127583956
57196638 127583956
335587733 127583956
497227056 161104558
497227056 127583956
497227056 52392334
155710566 508561162
161104558 369049035
161104558 578743245
161104558 23645932
161104558 38317061
161104558 174530659
161104558 502772308
161104558 34853764
161104558 168248995
161104558 497227056
161104558 301431693
161104558 52392334
161104558 59679808
161104558 89279110
161104558 54378129
161104558 453231155
161104558 23080202
161104558 190167612
161104558 121370444
161104558 652891832
161104558 455881571
161104558 281755318
161104558 20612476
161104558 120862560
161104558 35350286
161104558 299637259
161104558 163894026
161104558 300607291
161104558 127583956
161104558 215944821
161104558 508561162
161104558 126045448
578743245 161104558
578743245 127583956
216073902 455881571
216073902 127583956
216073902 54378129
448823870 23645932
448823870 127583956
163888731 453231155
163888731 121370444
163888731 508561162
163888731 127583956
200075868 692283815
1569739 34853764
299637259 23645932
299637259 121370444
299637259 126045448
299637259 508561162
299637259 127583956
298807868 692283815
241164975 127583956
34853764 161104558
34853764 231682616
34853764 1569739
34853764 127583956
