152578326 20964069
128948265 57645315
128948265 20964069
128948265 57644898
57650435 20964069
57650435 152601061
57650435 210186688
57650435 93826244
152714568 20964069
152447194 20964069
152447194 53614553
152876573 20964069
152725333 20964069
581943619 534754318
581943619 152619917
53614553 20964069
53614553 152447194
152733522 20964069
35491987 20964069
357364735 16331244
152601061 581086422
152601061 57644898
152601061 298830334
152601061 57650435
152601061 20964069
152601061 152700647
581639360 152593868
210221258 128948265
210221258 20964069
210221258 57645315
57644898 57645315
57644898 65287438
57644898 152601061
57644898 152850473
57644898 113131783
57644898 18996363
57644898 152934889
57644898 57588245
57644898 20964069
57644898 152627183
57644898 152595748
57644898 128948265
57644898 11273647
57644898 152619917
57644898 163804181
57644898 210186688
57644898 41625987
57644898 152953634
57644898 57643684
57644898 4098472
152604245 20964069
152680527 20964069
115776729 65287438
115776729 20964069
152891939 20964069
210186688 57650435
210186688 93826244
25722210 20964069
25722210 16331244
581957372 20964069
132239431 11802540
11273647 99912762
11273647 65287438
11273647 152850473
11273647 25722210
11273647 113131783
11273647 18996363
11273647 11802540
11273647 57644898
11273647 41625987
11273647 16331244
11273647 57645315
11273647 6924180
11273647 152934889
11273647 20964069
11273647 93826244
152850473 57645315
152850473 155839026
152850473 152703389
152850473 18996363
152850473 57588245
152850473 20964069
152850473 16331244
152850473 57644898
152850473 11273647
152850473 4098472
155830898 113131783
155830898 20964069
155830898 152595748
155830898 67638712
152934781 57652837
152934781 20964069
9775260 20964069
534754318 581943619
534754318 152953634
72528662 152891939
72528662 20964069
152713811 20964069
18996363 57645315
18996363 152850473
18996363 57588245
18996363 20964069
18996363 57644898
18996363 11273647
18996363 163804181
18996363 25349818
152703389 152850473
152703389 6924180
152703389 20964069
62004987 85052940
62004987 20964069
62004987 16331244
62004987 4098472
152726622 20964069
25349818 18996363
25349818 57588245
25349818 20964069
581086422 152601061
581086422 20964069
58107354 20964069
152730312 155839026
152730312 57652837
152730312 41625987
152730312 20964069
152730312 163804181
152700647 99912762
152700647 16331244
152700647 152601061
152700647 75354662
152700647 20964069
210191698 20964069
210191698 93826244
210191698 152578326
57431300 65287438
57431300 20964069
57431300 152702766
57431300 152953634
57431300 152680527
57588245 57645315
57588245 152850473
57588245 18996363
57588245 152934889
57588245 20964069
57588245 57644898
57588245 25349818
65287438 99912762
65287438 57645315
65287438 152934889
65287438 20964069
65287438 216098163
65287438 57644898
65287438 11273647
65287438 41625987
65287438 57431300
65287438 115776729
57645315 99912762
57645315 65287438
57645315 152850473
57645315 18996363
57645315 57588245
57645315 57652837
57645315 128948265
57645315 57644898
57645315 57644534
57645315 11273647
57645315 20964069
57645315 163804181
57645315 210221258
57645315 152934889
57645315 316362105
57645315 93826244
75354662 20964069
152677876 20964069
152627183 20964069
25027318 20964069
41625987 65287438
41625987 155839026
41625987 20964069
41625987 152730312
41625987 57644898
41625987 11273647
41625987 57644534
41625987 57607655
581737811 20964069
113131783 57644898
113131783 11273647
152594223 20964069
582114054 20964069
152580774 20964069
163804181 18996363
163804181 57644898
163804181 57645315
163804181 152730312
152593868 20964069
152593868 152891939
152593868 152730312
152593868 581639360
152593868 298830334
152953634 20964069
152953634 57644898
152953634 57431300
152953634 93826244
150810116 20964069
55473439 20964069
581200151 20964069
267974435 20964069
267974435 67638712
231797811 20964069
581958158 20964069
85052940 20964069
85052940 62004987
52819580 99912762
52819580 20964069
463841023 20964069
6924180 152703389
6924180 11273647
6924180 20964069
152619917 57644898
152619917 581943619
152619917 20964069
152619917 57643684
13400371 85052940
13400371 16331244
13400371 20964069
152702766 20964069
152702766 57431300
67638712 155830898
67638712 20964069
67638712 216098163
155839026 152850473
155839026 20964069
155839026 16331244
155839026 152730312
155839026 41625987
57643684 152850473
57643684 57644898
57643684 152891939
57643684 20964069
57643684 152619917
152934889 65287438
152934889 57588245
152934889 57644898
152934889 11273647
152934889 20964069
152934889 57645315
129266443 57644534
129266443 20964069
57644534 41625987
57644534 57645315
57644534 129266443
57644534 20964069
57607655 99912762
57607655 20964069
57607655 41625987
298830334 152601061
298830334 20964069
298830334 152593868
581851454 20964069
4098472 152850473
4098472 20964069
4098472 62004987
4098472 57644898
93826244 57645315
93826244 20964069
93826244 11802540
93826244 152953634
93826244 210186688
93826244 16331244
1769699 20964069
11802540 20964069
11802540 132239431
11802540 11273647
11802540 93826244
216098163 67638712
216098163 20964069
152595748 155830898
152595748 20964069
152595748 57644898
16331244 85052940
16331244 155839026
16331244 13400371
16331244 20964069
57652837 57645315
57652837 20964069
57652837 152730312
57652837 152934781
