298858490 29420507
210276462 152933463
210276462 148280741
210276462 301975203
210276462 152674309
210276462 57644928
210276462 29420507
210276462 15435214
210276462 152844295
210276462 9493076
170181978 29420507
152576608 29420507
135503160 15435214
44177503 298837837
44177503 152933463
44177503 29420507
44177503 490439656
359013289 29420507
152674309 210276462
152674309 42104662
152674309 29420507
152674309 15435214
152674309 152905668
152674309 9493076
152844295 210276462
152844295 57645378
152844295 29861246
7417629 15435214
7417629 29420507
7417629 11273647
210282131 42104662
210282131 152929020
210282131 29420507
210282131 15435214
210282131 11273647
57645378 42104662
57645378 29420507
57645378 152844295
82638809 29420507
82638809 9493076
566375166 29420507
65465798 15435214
152929020 58149572
152929020 29420507
152929020 11273647
152929020 35003019
581222271 42104662
581222271 15435214
581222271 582360852
581222271 29420507
581222271 152933463
35003019 42104662
35003019 15435214
35003019 29420507
35003019 152933463
581445405 42104662
581445405 15435214
581445405 582360852
581445405 29420507
581445405 9493076
152885723 29420507
152885723 582360852
12827323 56951617
12827323 152820515
12827323 29861246
12827323 29420507
12827323 15435214
152820515 7417629
152820515 29420507
152820515 12827323
582385509 29420507
60328953 15435214
432355717 42104662
432355717 57644928
432355717 15435214
432355717 210240844
432355717 29420507
7220507 210282131
7220507 29420507
7220507 15435214
29420507 44177503
29420507 298858490
29420507 581482613
29420507 210276462
29420507 581408229
29420507 581411906
29420507 152820515
29420507 42104662
29420507 212448022
29420507 581975330
29420507 359013289
29420507 57645378
29420507 582641591
29420507 210282131
29420507 152885298
29420507 301975203
29420507 152674309
29420507 152576608
29420507 58073506
29420507 152691513
29420507 45820574
29420507 210197150
29420507 57644928
29420507 581980464
29420507 15435214
29420507 152941703
29420507 210245803
29420507 58149572
29420507 465132762
29420507 581311801
29420507 129642417
29420507 112952319
29420507 136598107
29420507 582360852
29420507 155837648
29420507 42101693
29420507 152905533
29420507 582677880
29420507 58148091
29420507 152885723
29420507 172626121
29420507 82638809
29420507 7220507
29420507 566375166
29420507 490439656
29420507 57591480
29420507 581815727
29420507 581445405
29420507 131848141
29420507 52447620
29420507 29861246
29420507 581187645
29420507 154833200
29420507 11273647
29420507 180391486
29420507 58248907
29420507 148280741
29420507 298837837
29420507 582385509
29420507 152929020
29420507 7417629
29420507 432355717
29420507 35003019
29420507 152933463
29420507 152905668
29420507 210215919
29420507 9493076
29420507 210192219
581980464 58248907
581980464 29420507
57591480 29420507
58148091 29420507
11273647 210282131
11273647 15435214
11273647 210245803
11273647 58149572
11273647 129642417
11273647 29420507
11273647 29861246
11273647 152929020
11273647 35003019
11273647 152905668
152700456 42104662
152700456 11273647
152700456 298837837
581633438 74363905
13230147 582360852
212448022 29420507
582641591 29420507
210192219 29420507
210192219 15435214
210192219 9493076
210192219 152905668
210192219 57644928
129642417 65465798
129642417 29420507
129642417 11273647
643147407 582360852
136598107 29420507
136598107 15435214
112952319 29420507
58248907 581980464
58248907 29420507
152933463 44177503
152933463 210276462
152933463 42104662
152933463 57644928
152933463 15435214
152933463 29420507
152933463 35003019
152933463 581222271
58073506 29420507
152691513 57652733
152691513 57644928
152691513 29420507
152691513 155837648
152941703 42104662
152941703 29420507
152941703 15435214
152941703 152905668
581482613 29420507
9493076 15435214
9493076 82638809
9493076 29420507
9493076 42104662
9493076 57644928
9493076 582360852
9493076 152674309
9493076 210276462
9493076 581445405
9493076 210192219
465132762 29420507
29861246 15435214
29861246 152844295
29861246 13230147
29861246 29420507
131848141 29420507
210245803 42104662
210245803 29420507
210245803 155837648
57644928 210276462
57644928 152933463
57644928 210282131
57644928 301975203
57644928 152691513
57644928 210197150
57644928 29420507
57644928 15435214
57644928 432355717
57644928 42101693
57644928 9493076
57644928 210192219
172626121 29420507
582360852 581445405
582360852 298837837
582360852 526369148
582360852 42104662
582360852 643147407
582360852 135503160
582360852 148280741
582360852 29420507
582360852 15435214
582360852 13230147
582360852 581222271
582360852 9493076
301975203 210276462
301975203 57644928
301975203 29420507
301975203 15435214
155837648 152691513
155837648 29420507
155837648 210245803
298837837 582360852
298837837 29420507
298837837 152700456
57652733 148280741
57652733 152691513
57652733 15435214
490439656 44177503
490439656 29420507
210215919 29420507
210240844 15435214
154833200 29420507
581815727 29420507
58149572 152929020
58149572 29420507
58149572 15435214
581311801 29420507
210197150 42104662
210197150 35003019
210197150 57644928
210197150 29420507
210197150 15435214
210197150 581633438
45820574 29420507
152885298 29420507
152905533 29420507
526369148 52447620
526369148 582360852
148280741 57652733
148280741 582360852
148280741 29420507
582677880 29420507
52447620 42104662
52447620 29420507
581411906 29420507
581975330 29420507
581187645 29420507
42104662 581445405
42104662 298837837
42104662 152700456
42104662 152933463
42104662 57645378
42104662 210282131
42104662 148280741
42104662 152929020
42104662 152674309
42104662 35003019
42104662 210197150
42104662 29420507
42104662 15435214
42104662 152941703
42104662 52447620
42104662 210245803
42104662 582360852
42104662 432355717
42104662 210240844
42104662 581222271
42104662 152905668
42104662 9493076
180391486 15435214
180391486 29420507
152905668 152941703
152905668 29420507
152905668 152674309
152905668 210282131
152905668 42104662
152905668 210192219
582017417 29420507
15435214 581445405
15435214 210276462
15435214 180391486
15435214 42104662
15435214 65465798
15435214 152933463
15435214 57645378
15435214 60328953
15435214 29861246
15435214 135503160
15435214 210282131
15435214 152929020
15435214 301975203
15435214 152674309
15435214 7417629
15435214 35003019
15435214 57652733
15435214 210197150
15435214 57644928
15435214 29420507
15435214 152941703
15435214 11273647
15435214 210245803
15435214 58149572
15435214 136598107
15435214 582360852
15435214 432355717
15435214 152785196
15435214 210240844
15435214 7220507
15435214 13230147
15435214 581222271
15435214 9493076
15435214 210192219
581408229 29420507
42101693 57644928
42101693 29420507
