101697240 31318176
101697240 152656890
101697240 145458606
101697240 90484924
101697240 15006564
101697240 57649680
101697240 50651867
101697240 7810177
101697240 25608114
152912782 128947195
152912782 54181590
152912782 25608114
298838632 31318176
298838632 57649680
298838632 152957640
298838632 15006564
298838632 25608114
38431318 57652837
38431318 145458606
38431318 67521618
38431318 15006564
38431318 25608114
152602733 15006564
152602733 57649680
152602733 145458606
152602733 152915075
152602733 31318176
152602733 65264907
152602733 25608114
17697316 145458606
17697316 25608114
23072439 65264907
23072439 23515236
23072439 57649680
23072439 25608114
57769587 152857272
57769587 152410804
57769587 15006564
57769587 54181590
57769587 65264907
57769587 25608114
57649680 152915075
57649680 57652837
57649680 298838632
57649680 298834020
57649680 145458606
57649680 90484924
57649680 15006564
57649680 58101112
57649680 101698969
57649680 101697240
57649680 61745787
57649680 54181590
57649680 67521618
57649680 128947195
57649680 65264907
57649680 57769587
57649680 23066007
57649680 23072439
57649680 152957640
57649680 50651867
57649680 27731294
57649680 152602733
57649680 7810177
57649680 25608114
298832152 25608114
152929530 25608114
90484924 54181590
90484924 236359824
90484924 196220945
90484924 57649680
90484924 298833419
90484924 65264907
90484924 145458606
90484924 101697240
90484924 50651867
90484924 152930457
90484924 25608114
50651867 145458606
50651867 90484924
50651867 15006564
50651867 101697240
50651867 65264907
50651867 27731294
50651867 25608114
15006564 38431318
15006564 58099021
15006564 54181590
15006564 31318176
15006564 72142987
15006564 196220945
15006564 57652837
15006564 57649680
15006564 23066007
15006564 298834020
15006564 65264907
15006564 145458606
15006564 155821617
15006564 67521618
15006564 103059792
15006564 128947195
15006564 152410804
15006564 58101112
15006564 101697240
15006564 57769587
15006564 50651867
15006564 152602733
15006564 7810177
15006564 210238852
15006564 25608114
298837482 145458606
298837482 25608114
155345828 25608114
86450616 25608114
152796269 25608114
140580999 25608114
29438610 23515236
29438610 25608114
152892805 25608114
65264907 72142987
65264907 57652837
65264907 23066007
65264907 298833419
65264907 145458606
65264907 155821617
65264907 90484924
65264907 23072439
65264907 103059792
65264907 152410804
65264907 15006564
65264907 58101112
65264907 23515236
65264907 54181590
65264907 57649680
65264907 12091103
65264907 67521618
65264907 101696808
65264907 57769587
65264907 50651867
65264907 152602733
65264907 210238852
65264907 25608114
58267865 145458606
58267865 25608114
155908014 25608114
155908014 101698969
152571610 25608114
65416725 25608114
72142987 590342119
72142987 65264907
72142987 145458606
72142987 15006564
72142987 152928063
72142987 25608114
103059792 54181590
103059792 65264907
103059792 145458606
103059792 152857272
103059792 15006564
103059792 101697240
103059792 101698969
103059792 12091103
103059792 25608114
95528768 31318176
95528768 145458606
95528768 101697240
95528768 23515236
95528768 152957640
95528768 25608114
95528768 7810177
152601578 590342119
152601578 298835967
152601578 25608114
152656890 145458606
152656890 58261812
152656890 101697240
152656890 27731294
152656890 25608114
152930457 145458606
152930457 90484924
152930457 23515236
152930457 25608114
152575035 25608114
210238852 15006564
210238852 23066007
210238852 65264907
28208116 25608114
58099021 15006564
58099021 25608114
152857272 25608114
101696808 25608114
155818898 25608114
67521618 38431318
67521618 31318176
67521618 23066007
67521618 145458606
67521618 15006564
67521618 9964106
67521618 101698969
67521618 101697240
67521618 12091103
67521618 65264907
67521618 25608114
101695834 145458606
101695834 15006564
101695834 57769587
101695834 25608114
298835967 25608114
23066007 54181590
23066007 31318176
23066007 152915075
23066007 57652837
23066007 65264907
23066007 145458606
23066007 67521618
23066007 15006564
23066007 9964106
23066007 101698969
23066007 12091103
23066007 57649680
23066007 155821617
23066007 210238852
23066007 25608114
7810177 145458606
7810177 128947195
7810177 15006564
7810177 152957640
7810177 101697240
7810177 58101112
7810177 155818898
7810177 95528768
7810177 57649680
7810177 56951822
7810177 54181590
7810177 152523020
7810177 25608114
298834020 57649680
298834020 152410804
298834020 15006564
298834020 25608114
152919773 27731294
152919773 25608114
58260813 25608114
102814229 25608114
145458606 38431318
145458606 54181590
145458606 152930457
145458606 298837482
145458606 298837119
145458606 72142987
145458606 101695834
145458606 23066007
145458606 152656890
145458606 65264907
145458606 61745787
145458606 155821617
145458606 90484924
145458606 67521618
145458606 17697316
145458606 103059792
145458606 95528768
145458606 58267865
145458606 152410804
145458606 152957640
145458606 15006564
145458606 58101112
145458606 101697240
145458606 12091103
145458606 50651867
145458606 152602733
145458606 7810177
145458606 25608114
128947195 15006564
128947195 57649680
128947195 152957640
128947195 152912782
128947195 25608114
113643998 25608114
590342119 152714883
590342119 31318176
590342119 72142987
590342119 152601578
590342119 23515236
152840445 25608114
298831135 25608114
12091103 102814229
12091103 152915075
12091103 23066007
12091103 145458606
12091103 103059792
12091103 15006564
12091103 101698969
12091103 67521618
12091103 65264907
12091103 25608114
298839348 25608114
298837119 145458606
298837119 25608114
152577230 25608114
152577230 101697240
32283276 25608114
152523020 25608114
152523020 7810177
61745787 145458606
61745787 25608114
152714883 56951822
152714883 27731294
152714883 23515236
152714883 61745787
152714883 25608114
152928063 72142987
152928063 25608114
128395980 25608114
155852522 25608114
37386509 25608114
196220945 90484924
196220945 15006564
196220945 25608114
152734133 25608114
152410804 31318176
152410804 298834020
152410804 65264907
152410804 23515236
152410804 145458606
152410804 15006564
152410804 57769587
152410804 50651867
152410804 25608114
58261812 152656890
58261812 25608114
56951822 152714883
56951822 155818898
56951822 23515236
56951822 7810177
56951822 25608114
298830738 25608114
155821617 65264907
155821617 145458606
155821617 15006564
155821617 23066007
155821617 25608114
27731294 25608114
298831752 25608114
52578835 31318176
152890770 25608114
25608114 103059792
25608114 29438610
25608114 101697240
25608114 140580999
25608114 15006564
25608114 298835967
25608114 152602733
25608114 152892805
25608114 12091103
25608114 57649680
25608114 54181590
25608114 152957640
25608114 145458606
25608114 196220945
25608114 25176206
25608114 32283276
25608114 152523020
25608114 67521618
25608114 58101112
25608114 152857272
25608114 298838632
25608114 90484924
152915075 38431318
152915075 57649680
152915075 23066007
152915075 12091103
152915075 152602733
152915075 25608114
298833419 65264907
298833419 90484924
298833419 25608114
236359824 25608114
54181590 31318176
54181590 57652837
54181590 23066007
54181590 145458606
54181590 15006564
54181590 27731294
54181590 67521618
54181590 65264907
54181590 57769587
54181590 152912782
54181590 7810177
54181590 25608114
58101112 57649680
58101112 65264907
58101112 145458606
58101112 15006564
58101112 7810177
58101112 25608114
25176206 57769587
25176206 27731294
25176206 25608114
155818725 152892805
155818725 25608114
31318176 54181590
31318176 298837482
31318176 57649680
31318176 52578835
31318176 298838632
31318176 23066007
31318176 590342119
31318176 67521618
31318176 152410804
31318176 152957640
31318176 15006564
31318176 101697240
31318176 50651867
31318176 152602733
31318176 25608114
9964106 31318176
9964106 23066007
9964106 67521618
9964106 128395980
9964106 25608114
298831535 25608114
23515236 298835967
23515236 152410804
23515236 152714883
23515236 61745787
23515236 65264907
23515236 152930457
23515236 29438610
23515236 25608114
101698969 155908014
101698969 103059792
101698969 15006564
101698969 12091103
101698969 25608114
57652837 38431318
57652837 54181590
57652837 57649680
57652837 23066007
57652837 65264907
57652837 15006564
57652837 25608114
152957640 31318176
152957640 145458606
152957640 25608114
