33915497 127209495
33915497 48610648
130178102 127209495
7655109 127209495
7655109 639929621
48730198 127209495
120409481 127209495
48515260 127209495
132206151 127209495
21783935 127209495
103099255 44193477
103099255 127209495
49061239 127209495
34715981 127209495
12470575 127209495
120964970 127209495
44333093 127209495
192507758 127209495
102796620 127209495
8668022 127209495
75775159 67008444
75775159 127209495
57399753 127209495
639929621 67008444
639929621 7655109
18927589 127209495
18927589 5769241
39917296 127209495
6046020 75775159
58072138 127209495
92367752 127209495
48610648 33915497
48610648 127209495
5769241 127209495
48649525 127209495
65109585 127209495
67008444 75775159
67008444 639929621
67008444 79616413
67008444 5769241
139175224 127209495
44092364 127209495
79616413 127209495
54157325 75775159
44193477 103099255
49064642 127209495
49064642 6046020
16506386 127209495
