48025759 65005174
483888997 65005174
14851345 65005174
14851345 128370525
54934812 65005174
57450616 65005174
57450616 60861909
57450616 57408880
6315270 65005174
49759847 65005174
44946995 65005174
44946995 40731722
44946995 14851345
113656521 65005174
80486219 65005174
44881120 65005174
57489261 65005174
127386457 65005174
44129807 65005174
130887266 65005174
50755688 65005174
10240147 65005174
13577886 65005174
45473526 65005174
128370525 14851345
629699064 607933240
134171509 65005174
302910376 65005174
48134193 65005174
5100604 65005174
5100604 18915197
40731722 44946995
30391599 65005174
60861909 57450616
162749159 65005174
607933240 629699064
71298965 65005174
54682321 65005174
123946838 65005174
57408880 65005174
57408880 57450616
60139281 65005174
577244585 18915197
18915197 577244585
139938042 65005174
48716059 65005174
150986044 65005174
