215206674 133948719
215206674 222623501
673478265 128263121
673478265 836611201
673478265 133948719
177280136 200073960
534323083 133948719
44339495 128263121
141144961 133948719
141144961 222623501
131109031 133948719
79444831 133948719
133948719 215206674
133948719 222623501
133948719 534323083
132579107 215206674
132579107 222623501
132579107 133948719
41345394 215206674
41345394 44339495
41345394 133948719
436151945 200073960
836611201 673478265
836611201 133948719
306423977 133948719
67024386 215206674
67024386 133948719
44337063 133948719
222623501 215206674
