44471117 85810271
44471117 127201159
36735045 38463248
36735045 127201159
20946259 85810271
20946259 24916113
20946259 128314801
20946259 528345561
20946259 127201159
233490306 127201159
85840351 16580864
54951784 85810271
54951784 31258670
54951784 128314801
54951784 528345561
54951784 127201159
54951784 211022108
156260643 167607311
129753161 85810271
129753161 31258670
129753161 128314801
129753161 54951784
129753161 127201159
58418232 85810271
58418232 31258670
58418232 128314801
58418232 528345561
58418232 127201159
190477687 85810271
190477687 128314801
54597589 31578936
54597589 85810271
54597589 59631434
54597589 128314801
54597589 127201159
54597589 499795135
86060969 38463248
60918766 15337642
85000921 528345561
85000921 128314801
128314801 85810271
128314801 85000921
128314801 31258670
128314801 129753161
128314801 127201159
57444954 85810271
57444954 31258670
57444954 54597589
57444954 128314801
57444954 127201159
137392949 85810271
137392949 31258670
137392949 128314801
137392949 528345561
137392949 127201159
151304251 85810271
151304251 128314801
151304251 127201159
16580864 85840351
16580864 85810271
16580864 8552033
16580864 127201159
73482669 85810271
73482669 130268539
73482669 82192635
73482669 797996801
73482669 127201159
78197438 127201159
300156808 31258670
300156808 130268539
67719996 38463248
67719996 60918766
163045961 127201159
29418150 85810271
29418150 31258670
29418150 127201159
7503183 85810271
7503183 31258670
7503183 128314801
7503183 127201159
685400318 127201159
217179921 60918766
20850624 85810271
20850624 128314801
20850624 127201159
57431277 85810271
57431277 128314801
57431277 127201159
797996801 73482669
797996801 31258670
797996801 130268539
797996801 241181431
167607311 85810271
167607311 156260643
167607311 127201159
148300799 210990336
148300799 128314801
31258670 85810271
31258670 129753161
31258670 54951784
31258670 127201159
22308893 127201159
528878982 85810271
528878982 128314801
528878982 127201159
132650193 85810271
132650193 128314801
132650193 127201159
40276730 85810271
40276730 128314801
40276730 528345561
40276730 127201159
528774746 85810271
528774746 127201159
745062055 127201159
36634781 73482669
36634781 31258670
36634781 241181431
10803974 127201159
501481409 85810271
501481409 127201159
233155287 85810271
233155287 31258670
233155287 128314801
233155287 127201159
56749727 127201159
3474540 85810271
3474540 127201159
210990336 31258670
210990336 128314801
36835134 85810271
36835134 31258670
36835134 128314801
36835134 528345561
36835134 127201159
39940748 85810271
39940748 31258670
39940748 130268539
39940748 128314801
39940748 54951784
39940748 528345561
39940748 127201159
54131236 60918766
347578618 60918766
499795135 85810271
499795135 54597589
499795135 128314801
499795135 528345561
499795135 127201159
532644744 60918766
130268539 31258670
130268539 138729073
302400952 85810271
302400952 127201159
302400952 128314801
302400952 31258670
260520469 127201159
260520469 128314801
499747392 85810271
499747392 127201159
59631434 85810271
59631434 54597589
59631434 128314801
59631434 528345561
59631434 127201159
524751367 85810271
524751367 128314801
524751367 127201159
211022108 85810271
211022108 31258670
211022108 127201159
211022108 54951784
448544140 85810271
448544140 127201159
448544140 528345561
534485546 85810271
534485546 128314801
534485546 528345561
534485546 127201159
534485546 36835134
8552033 790050548
8552033 85810271
8552033 16580864
8552033 127201159
8552033 83700148
31578936 85810271
31578936 54597589
31578936 528345561
31578936 127201159
68483185 85810271
68483185 31258670
68483185 128314801
68483185 528345561
68483185 127201159
83700148 790050548
83700148 54597589
83700148 8552033
83700148 34490455
83700148 127201159
15337642 38463248
15337642 60918766
790050548 83700148
790050548 127201159
790050548 128314801
790050548 85810271
528345561 85810271
528345561 31258670
528345561 128314801
528345561 127201159
34490455 85810271
34490455 16580864
34490455 528345561
34490455 127201159
34490455 83700148
71382093 85810271
71382093 128314801
71382093 528345561
71382093 127201159
82192635 73482669
82192635 241181431
82192635 127201159
52550947 85810271
52550947 128314801
52550947 127201159
35657096 85810271
35657096 31258670
35657096 128314801
35657096 54951784
35657096 127201159
24916113 85810271
24916113 31258670
24916113 20946259
24916113 128314801
24916113 528345561
24916113 127201159
138729073 85810271
138729073 31258670
138729073 130268539
138729073 528345561
138729073 127201159
528699182 128314801
9525555 85810271
9525555 16580864
9525555 210990336
9525555 128314801
9525555 528345561
9525555 127201159
9525555 36835134
85810271 31578936
85810271 7503183
85810271 31258670
85810271 137392949
85810271 35657096
85810271 16580864
85810271 54597589
85810271 24916113
85810271 59631434
85810271 128314801
85810271 129753161
85810271 54951784
85810271 528345561
85810271 57444954
85810271 127201159
85810271 499795135
85810271 211022108
85810271 29418150
85810271 36835134
85810271 40276730
54399055 85810271
54399055 31258670
54399055 128314801
54399055 528345561
54399055 127201159
