689462980 127175455
60704644 4878388
60704644 152846865
60704644 359366865
60704644 45022761
60704644 58010618
60704644 11834686
60704644 17070941
60704644 57652451
60704644 152955820
308444933 127175455
65419088 127175455
65419088 68939377
65419088 85062192
65419088 11834686
65419088 57643382
65419088 23616220
57328778 23616220
210192104 25814695
210192104 57643382
210192104 127175455
51853437 127175455
695091009 127175455
152955820 85062192
152955820 11834686
152955820 68939377
152955820 57643382
152955820 23616220
152846865 60704644
152846865 57652451
582248483 127175455
582797609 127175455
58155370 127175455
273291645 127175455
4878388 60704644
4878388 57652451
582026332 23616220
836614590 127175455
155875043 152565365
85062192 25814695
85062192 152955820
85062192 65419088
85062192 23616220
777098950 127175455
836614469 127175455
305674507 127175455
836613882 127175455
24105081 11834686
24105081 23616220
672920099 127175455
580893497 23616220
62004987 68939377
700875601 127175455
413362514 359366865
413362514 44881638
68939377 152854796
68939377 62004987
68939377 25814695
68939377 152565365
68939377 11834686
68939377 81603294
68939377 57652451
68939377 152955820
68939377 65419088
68939377 23616220
57643382 23616220
148957354 127175455
93058235 11834686
11834686 24105081
11834686 93058235
11834686 359366865
11834686 57611186
11834686 58010618
11834686 152565365
11834686 60704644
11834686 44881638
11834686 57652451
11834686 68939377
11834686 152955820
11834686 65419088
11834686 23616220
58010618 11834686
58010618 60704644
58010618 127175455
805337732 127175455
23616220 65419088
23616220 582026332
23616220 298863637
23616220 57328778
23616220 24105081
23616220 41008836
23616220 582663205
23616220 127175455
23616220 833529312
23616220 11834686
23616220 42079080
23616220 68939377
23616220 85062192
23616220 580893497
23616220 152937436
23616220 152955820
23616220 57643382
23616220 634282731
23616220 44881638
23616220 152565466
634282731 23616220
152820531 44881638
582663205 23616220
582663205 127175455
120194959 127175455
17070941 60704644
81603294 68939377
836613945 127175455
298863637 23616220
57652451 4878388
57652451 152846865
57652451 11834686
57652451 60704644
57652451 68939377
359366865 413362514
359366865 11834686
359366865 60704644
152565466 23616220
44881638 152820531
44881638 413362514
44881638 11834686
44881638 23616220
152930729 152565365
45022761 60704644
45022761 298863637
57611186 120194959
57611186 11834686
25814695 85062192
25814695 68939377
25814695 210192104
152565365 152854796
152565365 57366369
152565365 152930729
152565365 11834686
152565365 42072805
152565365 68939377
152565365 155875043
152565365 298863637
41008836 23616220
833529312 23616220
