68367666 127985258
72993263 127985258
72993263 700733019
72993263 32269772
72993263 27328225
72993263 263187753
72993263 54210476
72993263 761313284
16154060 127985258
16154060 32269772
131082228 127985258
131082228 579028703
32269772 127985258
32269772 132374997
32269772 27328225
32269772 263187753
32269772 72993263
761313284 72993263
761313284 75179013
761313284 263187753
761313284 579028703
761313284 127985258
761313284 27328225
38862762 127985258
735908877 127985258
579028703 127985258
579028703 761313284
579028703 72993263
127985258 735908877
127985258 32269772
127985258 132374997
127985258 579028703
127985258 27328225
127985258 263187753
127985258 68367666
127985258 38862762
127985258 16154060
127985258 72993263
127985258 75179013
127985258 54210476
127985258 761313284
700733019 72993263
132374997 127985258
54210476 32269772
54210476 127985258
75179013 32269772
75179013 127985258
75179013 761313284
57469137 263187753
57469137 72993263
27328225 127985258
27328225 32269772
27328225 68367666
27328225 72993263
27328225 75179013
27328225 761313284
263187753 127985258
