65449405 21950097
65449405 49073097
65449405 2481606
210253398 21950097
210253398 57643505
210253398 2481606
58113367 31051960
58113367 139530328
58113367 21950097
58113367 166808581
58113367 127429288
58113367 58030506
58113367 175162646
580948149 130216705
580948149 175162646
132046834 31051960
132046834 44935630
132046834 127429288
152932531 27375709
152932531 57645872
152932531 48474213
152932531 130216705
152932531 175162646
152932531 152933284
152932531 2481606
4212308 27375709
4212308 48474213
4212308 130216705
4212308 175162646
166808581 31051960
166808581 139530328
166808581 21950097
166808581 175162646
166808581 127429288
166808581 48474213
6621963 21950097
6621963 57643505
6621963 2481606
130216705 27375709
130216705 139530328
130216705 166808581
130216705 175162646
580441689 132046834
152630417 2481606
152905673 4212308
58099015 175162646
57643505 21950097
57643505 6621963
57643505 210253398
57643505 175162646
57643505 2481606
21950097 58036813
21950097 27375709
21950097 31051960
21950097 139530328
21950097 166808581
21950097 58113367
21950097 49073097
21950097 6621963
21950097 210253398
21950097 85052425
21950097 131749494
21950097 65449405
21950097 58155241
21950097 155864447
21950097 80894925
21950097 57643505
21950097 582367162
21950097 58099015
21950097 175162646
21950097 152933284
21950097 152905673
21950097 50851887
21950097 155821642
21950097 93826244
21950097 2481606
2481606 58155241
2481606 6621963
2481606 152932531
2481606 57645872
2481606 65449405
2481606 57643505
2481606 152630417
2481606 210265980
2481606 93826244
2481606 155834879
2481606 210253398
657195634 50851887
814899432 4212308
814899432 582367162
58030506 31051960
58030506 139530328
58030506 166808581
58030506 58113367
58030506 48474213
58030506 127429288
58030506 132046834
58030506 175162646
58030506 155821642
557935157 175162646
215762971 27375709
61526665 31051960
61526665 48474213
61526665 127429288
152933284 85052425
152933284 175162646
155834879 58155241
155834879 175162646
155834879 2481606
48724693 31051960
131749494 175162646
58155241 27375709
58155241 21950097
58155241 155834879
58155241 2481606
80894925 21950097
80894925 166808581
80894925 175162646
155821642 31051960
155821642 139530328
155821642 127429288
155821642 175162646
85052425 21950097
85052425 152933284
49073097 21950097
49073097 65449405
49073097 58155241
49073097 130216705
49073097 175162646
175162646 31051960
175162646 139530328
175162646 166808581
175162646 57645872
175162646 48474213
175162646 127429288
175162646 132046834
582367162 175162646
50851887 139530328
582650998 175162646
155864447 21950097
210187384 27375709
21657186 31051960
21657186 139530328
21657186 127429288
210265980 57645872
57645872 166808581
57645872 152932531
57645872 210265980
57645872 130216705
57645872 175162646
57645872 2481606
44935630 48474213
44935630 127429288
44935630 132046834
44935630 175162646
137978437 130216705
31051960 139530328
31051960 21950097
31051960 166808581
31051960 58113367
31051960 48474213
31051960 127429288
31051960 130216705
31051960 175162646
31051960 58030506
31051960 155821642
139530328 31051960
139530328 21950097
139530328 50851887
139530328 175162646
139530328 127429288
48474213 31051960
48474213 166808581
48474213 127429288
48474213 175162646
48474213 58030506
127429288 31051960
127429288 139530328
127429288 166808581
127429288 175162646
52544404 175162646
93826244 175162646
93826244 27375709
93826244 2481606
58036813 21950097
27375709 21950097
27375709 58155241
27375709 48474213
27375709 175162646
