44246079 40418044
155480000 40418044
230834093 40418044
82761871 40418044
60152635 40418044
447896858 40418044
175202470 40418044
167127572 40418044
127374324 40418044
224552265 40418044
60178660 40418044
137844836 40418044
137844836 65386557
128491444 40418044
138044461 40418044
170360752 40418044
44593166 40418044
25600470 40418044
15664901 40418044
300288121 40418044
65386557 137844836
144815934 40418044
545608006 40418044
723725270 40418044
130242397 40418044
129689351 40418044
10494698 49405937
200818315 40418044
130451384 40418044
8982546 40418044
54314797 40418044
54307477 40418044
111645788 40418044
169736680 40418044
645668494 40418044
49405937 10494698
49405937 40418044
21278734 40418044
179365515 40418044
