836611252 257553135
48613527 257553135
125571779 257553135
43770357 257553135
52451326 257553135
686865737 257553135
305203196 257553135
835464909 257553135
352462645 257553135
57418534 257553135
257553135 2634923
257553135 26129097
46487285 257553135
150727096 85009648
403758210 257553135
763505315 257553135
44580830 257553135
350553329 257553135
95739030 257553135
49051646 257553135
18076375 25705937
18076375 257553135
50879420 257553135
85009648 257553135
85009648 150727096
84209804 216072443
84209804 50899712
8379630 257553135
836610750 257553135
34160336 257553135
57469176 257553135
26129097 257553135
120795820 257553135
120795820 57469176
179487164 257553135
50899712 84209804
50899712 216072443
156505243 257553135
43911420 257553135
607731407 257553135
558379706 257553135
44956778 257553135
219055250 257553135
72156350 257553135
573782007 257553135
453714350 257553135
73199153 257553135
73199153 85008904
44936337 257553135
604287103 257553135
274168344 257553135
231022324 257553135
154970176 257553135
49054374 257553135
156610516 257553135
44908268 257553135
78835315 257553135
71231986 257553135
45512295 257553135
163025165 257553135
85008904 73199153
85008904 257553135
830834780 257553135
329357059 257553135
422185523 257553135
212386512 257553135
50872727 257553135
67841889 257553135
696924359 257553135
2531428 257553135
636484301 257553135
216072443 43911420
216072443 257553135
216072443 50899712
216072443 84209804
44941989 2634923
44941989 257553135
10760284 257553135
44788669 257553135
78316735 45513146
78316735 54682069
57457423 257553135
424395725 257553135
636947154 257553135
836610553 257553135
48753684 257553135
48753684 25705937
86314809 257553135
636998046 257553135
55242740 257553135
44621861 57469176
44621861 257553135
481471181 257553135
19804120 257553135
31633081 257553135
689193830 257553135
99598473 257553135
54682069 257553135
54682069 78316735
45513146 78316735
45513146 257553135
83472522 257553135
625485416 257553135
2634923 44941989
2634923 257553135
25705937 48753684
25705937 257553135
25705937 18076375
44942967 257553135
343991186 257553135
263668095 257553135
44729902 257553135
