6394743 127180944
6394743 61653066
6394743 127267394
6394743 127314523
6394743 127916638
6394743 82963270
6394743 127171504
6394743 127168347
6394743 30383424
127171504 127180944
127171504 61653066
127171504 127267394
127171504 6394743
127171504 127314523
127171504 127916638
127171504 82963270
127171504 127168347
127171504 30383424
82963270 127180944
82963270 61653066
82963270 127267394
82963270 6394743
82963270 127314523
82963270 127916638
82963270 17122231
82963270 127171504
82963270 127168347
82963270 30383424
42140748 127180944
42140748 30383424
42140748 127171504
127916638 127180944
127916638 61653066
127916638 127267394
127916638 6394743
127916638 127314523
127916638 82963270
127916638 127171504
127916638 127168347
127916638 30383424
127314523 127180944
127314523 61653066
127314523 127267394
127314523 6394743
127314523 127916638
127314523 82963270
127314523 127171504
127314523 127168347
127314523 30383424
154339485 127180944
154339485 127314523
154339485 127171504
154339485 127168347
154339485 30383424
127180944 61653066
127180944 127267394
127180944 6394743
127180944 127314523
127180944 127916638
127180944 82963270
127180944 127171504
127180944 127168347
127180944 30383424
185477406 127180944
185477406 61653066
185477406 127314523
185477406 127916638
185477406 127171504
185477406 127168347
113492184 127180944
113492184 17122231
113492184 127171504
113492184 127168347
113492184 30383424
17122231 127180944
17122231 61653066
17122231 127314523
17122231 127916638
17122231 82963270
17122231 30383424
17122231 127168347
17122231 127171504
399051866 127168347
11760233 127180944
11760233 127171504
11760233 127168347
11760233 30383424
127168347 127180944
127168347 61653066
127168347 6394743
127168347 127314523
127168347 127171504
127168347 30383424
122378278 127180944
122378278 127171504
122378278 127168347
128002114 127180944
128002114 127916638
128002114 127171504
128002114 127168347
128002114 30383424
32125542 127180944
32125542 61653066
32125542 6394743
32125542 127916638
32125542 127171504
32125542 127168347
19009222 127180944
19009222 82963270
19009222 127171504
19009222 127168347
19009222 30383424
48712975 127180944
48712975 61653066
48712975 127168347
48712975 127171504
57194224 127171504
57194224 127314523
57194224 127168347
61653066 127180944
61653066 127267394
61653066 6394743
61653066 127314523
61653066 127916638
61653066 82963270
61653066 17122231
61653066 127171504
61653066 127168347
61653066 30383424
127267394 127180944
127267394 61653066
127267394 6394743
127267394 127314523
127267394 127916638
127267394 82963270
127267394 127171504
127267394 127168347
127267394 30383424
378264980 127180944
378264980 127171504
378264980 127168347
45156570 127168347
20181837 127180944
20181837 127314523
54231920 127180944
54231920 127168347
54231920 127171504
30383424 127180944
30383424 61653066
30383424 127267394
30383424 6394743
30383424 127314523
30383424 127916638
30383424 82963270
30383424 127171504
30383424 127168347
