112343995 198317616
112343995 438189618
37630558 138122744
37630558 140679223
37630558 836614309
37630558 580610264
37630558 720746691
37630558 833706682
37630558 80930413
37630558 516100882
37630558 676019367
37630558 766896136
37630558 133337724
37630558 93101623
37630558 164844359
37630558 71738329
37630558 736799114
198317616 4786347
198317616 112343995
766896136 37630558
164844359 37630558
516100882 37630558
4786347 37630558
4786347 198317616
679693888 45374413
736799114 37630558
140679223 37630558
80930413 37630558
720746691 37630558
580610264 37630558
109026777 119040523
133337724 37630558
93101623 37630558
71738329 37630558
71738329 101207998
833706682 37630558
438189618 112343995
101207998 71738329
455000794 119040523
138122744 37630558
