833313781 809403577
833313781 578737190
833313781 833968426
833313781 578733319
578733008 578733319
578733008 17173494
578733008 833968426
203477635 834245198
203477635 815654420
159902717 32431106
3909050 165384183
3909050 388712983
3909050 833414023
3909050 833414221
3909050 17173494
3909050 749713529
450391633 54477472
388712983 3909050
833414023 3909050
578737190 809403577
578737190 578733008
578737190 578733319
578737190 833313781
815654420 203477635
199811086 165384183
809403577 578737190
809403577 834245198
809403577 833313781
809403577 578733319
174902813 456488391
833570404 54477472
833968426 833313781
833968426 578733008
54477472 833570404
32431106 27929513
32431106 159902717
456488391 174902813
27929513 32431106
578733319 833313781
578733319 578737190
578733319 834245198
578733319 578733008
