6448715 59817387
6448715 8983689
70017224 59817387
70017224 3525092
668859962 59817387
8983689 6448715
8983689 35761341
8983689 59817387
8983689 91277334
8983689 3525092
8983689 57640468
8983689 67521854
8983689 127363698
8983689 54340677
8983689 127715479
8983689 54372247
8983689 58027385
8983689 81968494
54340677 59817387
67521854 45161705
67521854 31045410
67521854 59817387
67521854 84759798
67521854 54398136
67521854 128732516
67521854 154896966
67521854 58027385
67521854 36280048
67521854 8983689
130251827 35761341
517277133 59817387
216085817 59817387
154896966 35761341
154896966 31045410
154896966 67521854
154896966 128732516
154896966 81968494
128732516 59817387
128732516 67521854
128732516 154896966
127715479 59817387
127715479 67346178
127715479 123578359
127715479 127363698
127715479 58027385
127715479 36280048
127715479 8983689
127363698 59817387
127363698 127715479
127363698 58027385
127363698 8983689
677161952 59817387
129964071 59817387
129964071 127363698
97087365 81968494
299577307 59817387
59817387 31045410
57640468 59817387
601616224 59817387
580914586 59817387
553027209 296694722
298851098 36280048
298851098 8983689
298851098 59817387
58027385 31045410
58027385 59817387
58027385 91277334
58027385 3525092
58027385 67521854
58027385 127363698
58027385 127715479
58027385 54406239
58027385 8983689
58027385 80490237
3525092 35761341
3525092 54398136
3525092 70017224
3525092 58027385
3525092 8983689
54372247 59817387
54372247 36280048
533574808 59817387
533574808 54406239
45161705 67521854
45161705 54406239
54406239 45161705
54406239 533574808
54406239 59817387
54406239 58027385
54406239 80490237
108300631 59817387
58308057 59817387
51710195 59817387
57605500 59817387
80490237 27510195
80490237 59817387
80490237 54406239
80490237 58027385
677179741 59817387
677194216 59817387
84759798 91277334
84759798 67521854
54398136 3525092
54398136 67521854
54398136 36280048
12018253 59817387
12018253 36280048
123578359 59817387
81968494 298852801
81968494 129964071
81968494 97087365
81968494 31045410
81968494 8983689
81968494 154896966
54393934 59817387
36280048 59817387
36280048 54398136
36280048 67521854
36280048 127715479
36280048 54372247
298852801 81968494
13306884 59817387
35761341 31045410
35761341 3525092
35761341 130251827
35761341 154896966
35761341 10202057
35761341 8983689
110497178 59817387
10202057 35761341
91277334 59817387
91277334 84759798
27510195 59817387
27510195 80490237
67346178 31045410
67346178 59817387
67346178 127715479
31045410 35761341
31045410 59817387
31045410 67521854
31045410 154896966
31045410 58027385
31045410 81968494
