152541185 215757790
152541185 128389261
58333034 215757790
152565431 215757790
152713317 215757790
58445957 215757790
127482673 215757790
127482673 128389261
421515278 128389261
421515278 215757790
215757790 517864936
215757790 130236745
16910126 215757790
32519581 215757790
64664580 28484307
64664580 215757790
64664580 9023080
9023080 139995433
9023080 64664580
9023080 215757790
130236745 215757790
142626483 215757790
102230113 215757790
192647505 128389261
83597376 215757790
83597376 9023080
16672359 28484307
16672359 64664580
16672359 128389261
69437982 215757790
28484307 64664580
28484307 16672359
28484307 215757790
85169961 457742670
517864936 215757790
517864936 128389261
152898569 128389261
152898569 215757790
128389261 215757790
794658096 215757790
607512373 457742670
6484720 128389261
6484720 215757790
110642812 128389261
110642812 215757790
139995433 9023080
349171372 215757790
349171372 128389261
98022407 215757790
58381817 215757790
