52487220 17389706
52487220 2349826
52487220 38923011
299565005 135719984
100330 20997891
39524337 2349826
2349826 17389706
2349826 483772994
2349826 58086319
2349826 57648936
2349826 52487220
2349826 45172070
2349826 38923011
38923011 52487220
38923011 2349826
38923011 45172070
4676040 10882910
4676040 128209649
4676040 30113534
12724778 2349826
128947203 2349826
76385847 105042768
17389706 2349826
17389706 57648936
17389706 52487220
17389706 57065754
135719984 299565005
105042768 76385847
54408042 2349826
30113534 4676040
10882910 4676040
541482181 129438384
57065754 129438384
57065754 17389706
58086319 2349826
58086319 129438384
58086319 54400129
54400129 57648936
54400129 59865854
483772994 2349826
59865854 54400129
20997891 100330
128209649 4676040
17403724 2349826
45172070 2349826
45172070 38923011
57648936 17389706
57648936 2349826
57648936 54400129
