129640627 37422066
129640627 36775444
108260010 4196815
108260010 836614189
108260010 166481722
129738812 129826942
85789897 129826942
85789897 104407739
85789897 37422066
85789897 57375957
85789897 36775444
104407739 129826942
104407739 129738812
104407739 85789897
131238213 37422066
68047128 4196815
836614189 108260010
218282784 128095183
218282784 4196815
121370551 128095183
121370551 37422066
121370551 4196815
121370551 230165214
57360053 36775444
57360053 121370551
707838034 128095183
707838034 4196815
199859444 128095183
199859444 4196815
37422066 128095183
37422066 4196815
37422066 131238213
37422066 121370551
37422066 129640627
37422066 85789897
230165214 128095183
230165214 36775444
230165214 121370551
57375957 128095183
57375957 85789897
57375957 36775444
383834147 128095183
383834147 4196815
166534326 128095183
166534326 4196815
36505304 4196815
34728280 128095183
34728280 37422066
34728280 129640627
34728280 4196815
34728280 121370551
34728280 36775444
836611687 4196815
73984847 128095183
73984847 37422066
73984847 4196815
73984847 121370551
73984847 36775444
601609246 36775444
449857995 4196815
28855877 128095183
28855877 4196815
28855877 121370551
36775444 129640627
36775444 140024122
36775444 85789897
36775444 128095183
36775444 4196815
39306461 128095183
39306461 4196815
109009971 121370551
200135098 128095183
200135098 4196815
200135098 36775444
166481722 108260010
262083490 4196815
72050561 128095183
72050561 36775444
49438554 4196815
49438554 36775444
32849157 4196815
159807210 4196815
140024122 128095183
140024122 36775444
24876850 128095183
24876850 4196815
24876850 121370551
674335771 4196815
216084507 128095183
216084507 4196815
129826942 104407739
129826942 85789897
129826942 129738812
128095183 4196815
21340403 128095183
21340403 4196815
21340403 36775444
4196815 128095183
4196815 37422066
4196815 121370551
