152819095 45227967
18523254 19664020
18523254 57644103
18523254 57644879
18523254 45227967
57644103 152883070
57644103 44758987
57644103 57376733
57644103 581275381
57644103 152920291
57644103 177099691
57644103 152921888
57644103 58111473
57644103 101699922
57644103 28269513
57644103 19664020
57644103 152603968
57644103 152816736
57644103 210199848
57644103 44758807
57644103 225554786
57644103 152603884
57644103 210197976
57644103 10196944
57644103 145457116
57644103 57644879
57644103 45227967
57644103 20966575
57644103 207333750
57644103 8040059
57644103 84003596
57644103 18523254
57644103 65498085
210199848 44758987
210199848 57644103
210199848 57644879
210199848 45227967
210199848 207333750
58111473 57644103
152529948 45227967
152529948 581275381
152693521 57644879
152693521 65498085
152693521 45227967
152693521 8040059
531729806 8040059
298835685 152603884
20966575 581275381
20966575 152603968
20966575 57644103
20966575 45227967
28269513 101699922
28269513 19664020
28269513 152816736
28269513 10196944
28269513 81478659
28269513 57644103
28269513 45227967
28269513 207333750
28269513 65498085
152688943 45227967
184686552 19664020
184686552 45227967
152816736 101699922
152816736 28269513
152816736 32911900
152816736 57644103
152816736 45227967
39050465 45227967
152475570 45227967
152475570 152883070
84003596 101699922
84003596 57644103
84003596 45227967
177099691 101699922
177099691 44758807
177099691 57644103
57644879 152883070
57644879 101699922
57644879 210199848
57644879 44758807
57644879 152693521
57644879 57644103
57644879 45227967
57644879 152785018
57644879 18523254
57644879 77070292
57644879 65498085
136033023 8040059
152785018 57644879
152785018 45227967
152931123 45227967
85051001 19664020
85051001 225554786
10196944 44758987
10196944 101699922
10196944 28269513
10196944 19664020
10196944 57644103
10196944 45227967
10196944 65498085
19619132 19664020
19619132 45227967
77070292 152603968
77070292 57644879
101699922 44758987
101699922 177099691
101699922 28269513
101699922 19664020
101699922 152816736
101699922 44758807
101699922 225554786
101699922 10196944
101699922 57644103
101699922 57644879
101699922 45227967
101699922 84003596
101699922 65498085
152920291 57644103
152883070 57644103
152883070 57644879
152883070 45227967
152883070 152475570
19664020 85051001
19664020 152858070
19664020 44758987
19664020 101699922
19664020 28269513
19664020 184686552
19664020 44758807
19664020 10196944
19664020 57644103
19664020 45227967
19664020 8040059
19664020 19619132
19664020 18523254
19664020 581217989
19664020 65498085
19664020 58338764
152603968 57644103
152603968 20966575
152603968 77070292
152603968 45227967
45227967 152858070
45227967 57376733
45227967 101699922
45227967 210197976
45227967 10196944
45227967 57644103
45227967 18523254
45227967 152931123
45227967 65498085
45227967 44758807
45227967 225554786
45227967 152603884
45227967 58149678
58149678 45227967
57376733 57644103
57376733 45227967
581275381 57644103
581275381 20966575
581275381 65498085
581275381 45227967
581217989 19664020
581217989 45227967
129991322 45227967
582885024 45227967
44758987 101699922
44758987 19664020
44758987 37386509
44758987 210199848
44758987 152928736
44758987 10196944
44758987 57644103
44758987 45227967
44758987 8040059
44758987 65498085
58338764 45227967
58338764 19664020
421466193 45227967
19230246 45227967
225554786 85051001
225554786 57644103
152926421 45227967
207333750 28269513
207333750 210199848
207333750 57644103
207333750 29438610
582418963 45227967
152858070 19664020
152858070 45227967
37386509 45227967
145457116 57644103
145457116 45227967
44758807 177099691
44758807 101699922
44758807 19664020
44758807 210197976
44758807 57644103
44758807 57644879
44758807 45227967
210197976 44758807
210197976 57644103
210197976 45227967
152832827 45227967
152928736 44758987
8040059 44758987
8040059 136033023
8040059 19664020
8040059 57644103
8040059 65498085
8040059 45227967
54311935 45227967
152921888 57644103
152921888 45227967
81478659 28269513
81478659 45227967
152603884 298835685
152603884 57644103
152603884 45227967
65498085 44758987
65498085 581275381
65498085 101699922
65498085 28269513
65498085 19664020
65498085 152693521
65498085 10196944
65498085 57644103
65498085 57644879
65498085 45227967
65498085 8040059
581559566 45227967
581815966 45227967
32911900 152816736
32911900 45227967
