72059043 7674409
72059043 23283500
72059043 136595556
72059043 421505499
72059043 421524931
72059043 31000931
72059043 155303780
72059043 57856221
72059043 152596656
72059043 687775465
72059043 2264373
72059043 72471441
72059043 421476296
72059043 128816943
132937030 152953624
132937030 152687933
132937030 107476941
152435166 152893039
152687933 152953624
152687933 132937030
152687933 107476941
152687933 152893039
42644250 152893039
31761862 152893039
128816943 72059043
128816943 421524931
128816943 136595556
128816943 155303780
57856221 152541095
57856221 7674409
57856221 72059043
57856221 136595556
57856221 107476941
57856221 2264373
72471441 361029794
72471441 155303780
72471441 37821520
72471441 72059043
357564177 136595556
361029794 72059043
361029794 7674409
361029794 155303780
361029794 37821520
361029794 802181855
361029794 72471441
833270699 136595556
833270699 72059043
152893039 107476941
152893039 152687933
696915847 155303780
152926174 828447402
152926174 107476941
152926174 7674409
152926174 152893039
152926174 72059043
152926174 357564177
152926174 152596656
32323108 72059043
421476296 72059043
421476296 357564177
421476296 136595556
421476296 155303780
421476296 2264373
459148016 28200815
164448589 155303780
164448589 136595556
164448589 72059043
130008419 72059043
152596656 155303780
152596656 136595556
152596656 828447632
152596656 7674409
152596656 72059043
152596656 37821520
152596656 128816943
7674409 828447402
7674409 152926174
7674409 136595556
7674409 756496177
7674409 72059043
7674409 361029794
7674409 57856221
7674409 152596656
7674409 2264373
7674409 152481665
421505499 72059043
242257274 155303780
21402323 136595556
21402323 28200815
21402323 155303780
149540252 72059043
421524931 128816943
756496177 136595556
756496177 7674409
756496177 72059043
756496177 52450086
756496177 152596656
152931791 107476941
152931791 152893039
634012977 72059043
59007721 72059043
152541095 57856221
152541095 57635485
152541095 578733077
828447632 152596656
828447632 155303780
44918640 23283500
163895954 72059043
23283500 44918640
23283500 72059043
107476941 152953624
107476941 132937030
107476941 152687933
107476941 101696854
107476941 152955603
107476941 25310967
107476941 152926174
107476941 136595556
107476941 152893039
107476941 72059043
107476941 155303780
107476941 57856221
107476941 152931791
107476941 578733077
107476941 152481665
828447402 136595556
828447402 152481665
828447402 155303780
828447402 7674409
201677998 152893039
201677998 155303780
802181855 37821520
802181855 361029794
25310967 107476941
25310967 152893039
25310967 152931791
57635485 152541095
2264373 128816943
2264373 57856221
2264373 136595556
2264373 152926174
2264373 72059043
2264373 7674409
34190360 421524931
34190360 136595556
34190360 152926174
34190360 72059043
34190360 155303780
34190360 37821520
52450086 136595556
52450086 756496177
52450086 72059043
152732648 152893039
298856692 155303780
421468960 155303780
421468960 578733077
45514054 421505499
45514054 152893039
45514054 72059043
101696854 152687933
101696854 136595556
101696854 107476941
833270703 357564177
833270703 578733077
833270703 155303780
15612553 72059043
152953624 152687933
152953624 132937030
152953624 107476941
152953624 152893039
152953624 128816943
49730574 72059043
136595556 107476941
136595556 7674409
136595556 72059043
31000931 72059043
155303780 107476941
155303780 242257274
155303780 34190360
155303780 72059043
155303780 361029794
155303780 152481665
155303780 128816943
155303780 421476296
369014627 57856221
369014627 361029794
152955603 107476941
152955603 152893039
687775465 72059043
152481665 107476941
152481665 152596656
152481665 828447402
152481665 578733077
152481665 72059043
152481665 357564177
152481665 155303780
152481665 7674409
578733077 107476941
578733077 72059043
578733077 833270703
578733077 155303780
578733077 152541095
578733077 57635485
578733077 421468960
37821520 72059043
37821520 361029794
37821520 421505499
37821520 802181855
37821520 72471441
743915738 361029794
