298851883 9023080
298851883 215757790
7652480 83520365
58262743 215757790
55054230 17210796
55054230 833298038
55054230 24208853
55054230 23403384
55054230 9023080
125619243 215757790
23403384 152921491
23403384 215757790
23403384 38662088
23403384 55054230
23403384 13139115
23403384 9023080
152730964 38662088
17210796 215757790
17210796 55054230
30868692 167057570
30868692 215757790
30868692 242599551
30868692 152921491
56902659 538110862
56902659 38662088
56902659 45822167
56902659 152713317
152713317 56902659
152713317 45822167
152713317 215757790
152713317 58993678
152713317 125619243
152713317 57650136
152713317 13139115
152713317 152921972
152713317 45487983
127482673 215757790
215757790 29295870
215757790 833298038
75143719 86084196
152953829 215757790
152953829 601881355
83520365 38662088
83520365 7652480
57613538 215757790
152921491 167057570
152921491 215757790
152921491 9023080
45487983 152921972
45487983 152713317
601881355 58993678
601881355 152953829
601881355 30868692
601881355 215757790
9023080 45822167
9023080 13139115
9023080 27718376
9023080 833298038
9023080 215757790
9023080 55054230
9023080 152921491
9023080 298851883
462948348 601881355
462948348 13139115
462948348 215757790
363315709 215757790
58993678 152921972
58993678 27718376
58993678 155291289
58993678 601881355
58993678 152713317
57650136 45822167
57650136 152713317
86084196 155291289
86084196 75143719
582728571 29295870
582728571 215757790
58304431 29295870
58304431 215757790
58304431 152921491
833298038 215757790
463025106 27658103
28513025 152921491
28513025 215757790
28513025 9023080
242599551 30868692
38662088 83520365
38662088 152927813
38662088 152730964
38662088 56902659
38662088 23403384
152927813 38662088
13139115 23403384
13139115 215757790
13139115 27718376
13139115 45822167
13139115 9023080
27718376 7652480
27718376 215757790
27718376 23403384
27718376 103253808
27718376 58993678
27718376 13139115
27718376 9023080
16672359 152921491
16672359 13139115
152921972 152921491
152921972 833298038
152921972 215757790
152921972 58993678
152921972 45822167
152921972 601881355
29295870 215757790
155291289 58993678
538110862 56902659
178135435 152921491
103253808 27718376
24208853 55054230
152481665 152921491
152481665 152921972
152481665 215757790
152481665 13139115
658761672 215757790
45822167 215757790
45822167 152921972
45822167 23403384
45822167 13139115
45822167 56902659
45822167 9023080
45822167 152713317
