211525543 97927869
211525543 489179644
211525543 11319532
497851613 11319532
497851613 489179644
80646378 261474534
80646378 97927869
80646378 815262567
80646378 98737351
80646378 489179644
458778083 815262567
458778083 489179644
815262567 261474534
815262567 98737351
815262567 489179644
815262567 80646378
815262567 59741458
815262567 11319532
815262567 74829159
97927869 211525543
97927869 11319532
421485011 711393754
11319532 497851613
11319532 97927869
11319532 815262567
11319532 211525543
11319532 74829159
11319532 59741458
11319532 489179644
11319532 98737351
711393754 421485011
489179644 80646378
489179644 11319532
489179644 74829159
489179644 59741458
489179644 261474534
489179644 815262567
489179644 458778083
489179644 98737351
74829159 815262567
74829159 489179644
74829159 11319532
98737351 11319532
98737351 458778083
98737351 211525543
98737351 815262567
98737351 80646378
98737351 489179644
98737351 59741458
98737351 97927869
98737351 261474534
59741458 815262567
59741458 489179644
261474534 98737351
261474534 489179644
261474534 80646378
261474534 59741458
261474534 815262567
