518768518 31217198
215746321 31217198
25590962 152914639
25590962 130306472
25590962 152896897
25590962 30349486
25590962 174878590
152512443 31217198
14913206 58312145
14913206 107495935
14913206 31217198
14913206 152858110
107495935 14913206
107495935 31217198
107495935 152728478
581562174 31217198
581562174 634282743
540768937 57650614
11378127 31217198
11378127 53077084
57769587 32509000
57769587 31217198
57769587 65288139
152674395 58312145
152674395 31217198
152674395 30349486
152674395 57769587
581950896 31217198
624988157 31217198
65265850 152858110
152577151 31217198
152577151 20967430
152577151 85054430
96346752 31217198
199998018 31217198
540721092 57654231
540721092 31217198
26678314 31217198
156691824 31217198
156691824 152596528
582351016 31217198
57654231 540721092
57654231 175159208
57654231 142776717
57654231 31217198
57654231 833411871
152567112 45544667
152567112 31217198
581058434 31217198
130306472 25590962
130306472 31217198
210197316 175159208
97326314 31217198
174878590 25590962
174878590 175159208
174878590 31217198
60696461 31217198
16937764 31217198
152481924 152728478
31217198 582351016
31217198 581562174
31217198 152591948
31217198 107495935
31217198 16937764
31217198 177260357
31217198 14913206
31217198 57652144
31217198 175159208
31217198 65265850
31217198 199998018
31217198 57654231
31217198 45544667
31217198 142776717
31217198 152896897
31217198 152674395
31217198 26678314
31217198 71406621
31217198 152596528
31217198 20967430
31217198 152728478
31217198 30349486
31217198 85054430
31217198 65288139
31217198 152512443
31217198 174878590
31217198 57769587
152591948 58312145
152591948 31217198
53077084 11378127
53077084 152728478
152729385 31217198
833411871 57654231
45544667 152567112
45544667 31217198
634218120 31217198
581719557 31217198
20967430 58312145
20967430 175159208
20967430 31217198
20967430 30349486
152516943 31217198
152581148 31217198
199715765 31217198
152896897 25590962
152896897 31217198
57652144 31217198
57652144 152858110
230921925 31217198
71406621 31217198
32509000 31217198
152596528 175159208
152596528 31217198
30349486 25590962
30349486 152674395
30349486 31217198
30349486 20967430
30349486 152728478
30349486 85054430
142776717 31217198
58312145 152591948
58312145 14913206
58312145 152674395
58312145 20967430
58312145 65288139
177260357 31217198
57650614 540768937
57650614 65288139
175159208 31217198
175159208 152596528
175159208 20967430
152858110 14913206
152858110 57652144
152858110 65265850
152728478 152481924
152728478 107495935
152728478 31217198
152728478 30349486
152728478 65288139
152728478 53077084
65288139 58312145
65288139 57650614
65288139 31217198
65288139 152728478
85054430 152577151
85054430 31217198
85054430 30349486
155827378 31217198
155827378 20967430
155827378 53077084
634282743 581562174
152914639 25590962
744045161 31217198
