677731326 83899887
114824042 77413288
114824042 83899887
114824042 20187731
7204109 83899887
77413288 20187731
77413288 114824042
11844691 83899887
67931799 83899887
102802631 83899887
102802631 128642501
102802631 37727676
135086312 83899887
58477129 20187731
58477129 83899887
37727676 20187731
37727676 531696261
37727676 83899887
37727676 128642501
192971742 83899887
83899887 20187731
83899887 128642501
128642501 20187731
128642501 83899887
127168385 20187731
531696261 20187731
20187731 37727676
20187731 128642501
20187731 83899887
20187731 531696261
20187731 127168385
20187731 77413288
3230950 20187731
3230950 83899887
58175130 83899887
106875012 20187731
106875012 83899887
27716426 83899887
