9778665 127386504
9778665 17385665
9778665 13638115
9778665 39200741
9778665 44204185
9778665 54680499
9778665 82527980
9778665 12151347
9778665 27165089
9778665 57310476
9778665 28141077
9778665 96198966
9778665 15087433
9778665 50615412
9778665 942450
9778665 65363523
9778665 61721125
785029290 61721125
48241974 44403093
48241974 54680499
48241974 82527980
48241974 68950911
48241974 18807372
48241974 39200741
48241974 65363523
48241974 57128896
48241974 61721125
205159942 61721125
205159942 50615412
129641800 209221442
129641800 54680499
129641800 44629980
129641800 122485408
22242877 17385665
22242877 39200741
125156937 61721125
15087433 17385665
15087433 30854150
15087433 39200741
15087433 82655732
15087433 82527980
15087433 5985802
15087433 65467671
15087433 50615412
15087433 942450
15087433 61721125
49062144 82527980
49062144 49054113
49062144 61721125
82264018 17385665
82264018 39200741
82264018 44302229
82264018 50615412
82264018 61721125
68950911 209221442
68950911 54680499
68950911 82527980
68950911 65363523
68950911 61721125
21233285 43987971
21233285 17385665
21233285 44204185
21233285 82527980
21233285 27165089
21233285 942450
21233285 61721125
707190664 54680499
13638115 209221442
13638115 48550507
13638115 17385665
13638115 54680499
13638115 6531324
13638115 9778665
13638115 49049164
13638115 48708273
13638115 50615412
13638115 61721125
27165089 17385665
27165089 44204185
27165089 49046772
27165089 82527980
27165089 9778665
27165089 57310476
27165089 21233285
27165089 132481006
27165089 65363523
27165089 61721125
57128896 54680499
57128896 48241974
57128896 49198894
57128896 17385665
57128896 129641800
57128896 27165089
57128896 48550507
57128896 82527980
57128896 61721125
44629980 54680499
44629980 129641800
82738061 39200741
82738061 54680499
82738061 32140799
82738061 50615412
82738061 61721125
96198966 127386504
96198966 17385665
96198966 30854150
96198966 39200741
96198966 44204185
96198966 98039207
96198966 49046772
96198966 82527980
96198966 27165089
96198966 44403093
96198966 9778665
96198966 57310476
96198966 50615412
96198966 65363523
96198966 61721125
44625112 53113664
131921638 61721125
12151347 48550507
12151347 127386504
12151347 30854150
12151347 39200741
12151347 54680499
12151347 82527980
12151347 9778665
12151347 49049164
12151347 28141077
12151347 65467671
12151347 61721125
44403093 48550507
44403093 17385665
44403093 39200741
44403093 68950181
44403093 44204185
44403093 129144606
44403093 49046772
44403093 96198966
44403093 5985802
44403093 21478383
44403093 50615412
44403093 48241974
44403093 61721125
44638886 48550507
44638886 17385665
44638886 49521587
44638886 39200741
44638886 54680499
44638886 50615412
44638886 61721125
132797587 61721125
48550507 209221442
48550507 17385665
48550507 54680499
48550507 44638886
48550507 82527980
48550507 12151347
48550507 18807372
48550507 44403093
48550507 49049164
48550507 44735601
48550507 49054113
48550507 65467671
48550507 50615412
48550507 38446013
48550507 65363523
48550507 57128896
49521669 17385665
49521669 13638115
49521669 39200741
49521669 54680499
49521669 82527980
49521669 49054113
49521669 48708273
49521669 53113664
49521669 942450
49521669 61721125
49521669 65363523
37895099 39200741
37895099 61721125
23257358 39200741
23257358 61721125
21478383 127386504
21478383 17385665
21478383 39200741
21478383 54680499
21478383 811585
21478383 44403093
21478383 65467671
21478383 50615412
21478383 38446013
21478383 61721125
53113664 44625112
53113664 811585
53113664 32140799
53113664 43895018
53113664 231664854
53113664 61721125
5985802 17385665
5985802 39200741
5985802 49521669
5985802 156655364
5985802 33835921
5985802 82527980
5985802 18807372
5985802 44403093
5985802 49054113
5985802 15087433
5985802 65467671
5985802 50615412
5985802 65363523
5985802 61721125
54680499 209221442
54680499 48550507
54680499 17385665
54680499 49521587
54680499 50859962
54680499 13638115
54680499 39200741
54680499 49521669
54680499 44204185
54680499 156655364
54680499 82655732
54680499 44638886
54680499 82527980
54680499 82738061
54680499 707190664
54680499 68950911
54680499 6531324
54680499 12151347
54680499 44629980
54680499 44302229
54680499 9778665
54680499 49049164
54680499 129641800
54680499 44735601
54680499 28141077
54680499 49056676
54680499 11076052
54680499 61257503
54680499 21478383
54680499 65467671
54680499 50615412
54680499 38446013
54680499 65363523
54680499 48241974
54680499 57128896
17385665 209221442
17385665 48550507
17385665 127386504
17385665 30854150
17385665 13638115
17385665 39200741
17385665 68950181
17385665 49521669
17385665 44204185
17385665 156655364
17385665 54680499
17385665 98039207
17385665 49046772
17385665 44638886
17385665 82527980
17385665 6531324
17385665 27165089
17385665 22242877
17385665 44403093
17385665 44416875
17385665 44302229
17385665 9778665
17385665 49049164
17385665 57310476
17385665 82264018
17385665 21233285
17385665 44735601
17385665 49054113
17385665 96198966
17385665 15087433
17385665 132481006
17385665 5985802
17385665 61257503
17385665 21478383
17385665 65467671
17385665 50615412
17385665 38446013
17385665 942450
17385665 82738047
17385665 65363523
17385665 57128896
17385665 61721125
61721125 65467671
61721125 942450
61721125 811585
61721125 21478383
61721125 30854150
61721125 23257358
61721125 39200741
61721125 53113664
61721125 6531324
61721125 82529276
61721125 156655364
61721125 57128896
61721125 49062144
61721125 27165089
92478512 209221442
92478512 30854150
92478512 39200741
92478512 9778665
92478512 61257503
92478512 61721125
82527980 43987971
82527980 48550507
82527980 127386504
82527980 17385665
82527980 49521587
82527980 30854150
82527980 131921638
82527980 39200741
82527980 49521669
82527980 44204185
82527980 54680499
82527980 98039207
82527980 82655732
82527980 75998896
82527980 82738061
82527980 68950911
82527980 6531324
82527980 12151347
82527980 27165089
82527980 135697358
82527980 22242877
82527980 18807372
82527980 44403093
82527980 9778665
82527980 49049164
82527980 57310476
82527980 150759461
82527980 21233285
82527980 28141077
82527980 49056676
82527980 96198966
82527980 15087433
82527980 11076052
82527980 5985802
82527980 49062144
82527980 65467671
82527980 50615412
82527980 82738047
82527980 65363523
82527980 48241974
82527980 57128896
82527980 61721125
82529276 61721125
57310476 17385665
57310476 44204185
57310476 27165089
57310476 9778665
57310476 96198966
57310476 65363523
57310476 61721125
150759461 27165089
150759461 61721125
48620006 61721125
38446013 209221442
38446013 127386504
38446013 17385665
38446013 39200741
38446013 68950181
38446013 54680499
38446013 122485408
38446013 21478383
38446013 61721125
11076052 39200741
11076052 54680499
11076052 82527980
11076052 44735601
32140799 82655732
32140799 82738061
32140799 53113664
32140799 61721125
33835921 39200741
33835921 54680499
33835921 6531324
33835921 27165089
33835921 18807372
33835921 57310476
33835921 15087433
33835921 30854150
33835921 156633887
33835921 61721125
49046772 17385665
49046772 44204185
49046772 27165089
49046772 22242877
49046772 44403093
49046772 57310476
49046772 96198966
49046772 61721125
49046772 65363523
48708273 13638115
48708273 54680499
48708273 44735601
48708273 49054113
48708273 49056676
48708273 50615412
48708273 65363523
48708273 61721125
98039207 17385665
98039207 44204185
98039207 82527980
98039207 27165089
98039207 96198966
98039207 65363523
98039207 61721125
122485408 39200741
122485408 129641800
122485408 50615412
122485408 38446013
122485408 65363523
122485408 61721125
82738047 17385665
82738047 39200741
82738047 82655732
82738047 82527980
82738047 28141077
82738047 49054113
82738047 61721125
43957418 61721125
43993954 61721125
942450 127386504
942450 39200741
942450 82655732
942450 9778665
942450 15087433
942450 61721125
65363523 39200741
65363523 5985802
65363523 122485408
65363523 68950911
65363523 209221442
65363523 54680499
65363523 82527980
65363523 28141077
65363523 9778665
65363523 65467671
65363523 61932643
65363523 50615412
65363523 17385665
65363523 44204185
65363523 27165089
65363523 96198966
65363523 48550507
65363523 49521587
65363523 30854150
65363523 98039207
65363523 49046772
65363523 49521669
65363523 135697358
65363523 57310476
65363523 48241974
49198894 57128896
49049164 17385665
49049164 13638115
49049164 54680499
49049164 61932643
49049164 82527980
49049164 12151347
49049164 28141077
49049164 61721125
68950181 17385665
68950181 39200741
68950181 43957418
68950181 12151347
68950181 44403093
68950181 44416875
68950181 65467671
68950181 38446013
68950181 942450
68950181 61721125
209221442 48550507
209221442 17385665
209221442 13638115
209221442 54680499
209221442 92478512
209221442 68950911
209221442 129641800
209221442 50615412
209221442 38446013
209221442 65363523
75998896 39200741
75998896 54680499
75998896 82527980
75998896 61721125
156633887 33835921
135697358 39200741
135697358 82527980
135697358 65363523
44204185 43987971
44204185 127386504
44204185 17385665
44204185 39200741
44204185 156655364
44204185 54680499
44204185 98039207
44204185 82527980
44204185 27165089
44204185 44403093
44204185 9778665
44204185 57310476
44204185 21233285
44204185 28141077
44204185 96198966
44204185 132481006
44204185 50615412
44204185 65363523
44204185 48241974
44204185 61721125
132481006 127386504
132481006 44204185
132481006 54680499
132481006 27165089
132481006 57310476
132481006 61721125
44735601 17385665
44735601 54680499
44735601 82527980
44735601 82738061
44735601 48708273
44735601 50615412
44735601 82738047
44735601 61721125
61257503 17385665
61257503 54680499
61257503 92478512
61257503 27165089
61257503 49054113
61257503 61721125
49521587 30854150
49521587 39200741
49521587 54680499
49521587 44638886
49521587 49054113
49521587 65363523
49521587 61721125
129144606 44403093
129144606 50615412
129144606 61721125
39200741 127386504
39200741 17385665
39200741 49521587
39200741 30854150
39200741 131921638
39200741 43957418
39200741 68950181
39200741 44204185
39200741 54680499
39200741 33835921
39200741 82655732
39200741 49046772
39200741 61932643
39200741 44638886
39200741 92478512
39200741 75998896
39200741 82527980
39200741 82738061
39200741 68950911
39200741 6531324
39200741 12151347
39200741 27165089
39200741 135697358
39200741 32140799
39200741 22242877
39200741 18807372
39200741 44302229
39200741 9778665
39200741 23257358
39200741 82264018
39200741 37895099
39200741 122485408
39200741 28141077
39200741 49054113
39200741 49056676
39200741 96198966
39200741 15087433
39200741 11076052
39200741 5985802
39200741 21478383
39200741 65467671
39200741 50615412
39200741 38446013
39200741 942450
39200741 65363523
39200741 48241974
39200741 61721125
231664854 53113664
50615412 209221442
50615412 48550507
50615412 17385665
50615412 13638115
50615412 39200741
50615412 44204185
50615412 54680499
50615412 129144606
50615412 61932643
50615412 44638886
50615412 82527980
50615412 82738061
50615412 6531324
50615412 44403093
50615412 44416875
50615412 9778665
50615412 205159942
50615412 44735601
50615412 122485408
50615412 28141077
50615412 49056676
50615412 96198966
50615412 15087433
50615412 48708273
50615412 5985802
50615412 21478383
50615412 65467671
50615412 65363523
43987971 44204185
43987971 27165089
43987971 61721125
44416875 17385665
44416875 68950181
44416875 49054113
44416875 49056676
44416875 61721125
44416875 50615412
61932643 39200741
61932643 49049164
61932643 129641800
61932643 28141077
61932643 50615412
61932643 65363523
61932643 61721125
54292401 61721125
49054113 17385665
49054113 49521587
49054113 30854150
49054113 39200741
49054113 49521669
49054113 44416875
49054113 28141077
49054113 48708273
49054113 5985802
49054113 61257503
49054113 49062144
49054113 82738047
49054113 61721125
44302229 17385665
44302229 39200741
44302229 54680499
44302229 49056676
44302229 61721125
28141077 17385665
28141077 30854150
28141077 39200741
28141077 44204185
28141077 54680499
28141077 61932643
28141077 82527980
28141077 12151347
28141077 9778665
28141077 49049164
28141077 82264018
28141077 37895099
28141077 129641800
28141077 49054113
28141077 65467671
28141077 50615412
28141077 82738047
28141077 65363523
28141077 61721125
43895018 53113664
43895018 44625112
50859962 54680499
50859962 61721125
65467671 17385665
65467671 30854150
65467671 39200741
65467671 68950181
65467671 54680499
65467671 82527980
65467671 82738061
65467671 12151347
65467671 811585
65467671 27165089
65467671 28141077
65467671 15087433
65467671 5985802
65467671 21478383
65467671 50615412
65467671 65363523
65467671 61721125
82655732 127386504
82655732 39200741
82655732 54680499
82655732 32140799
82655732 15087433
82655732 942450
82655732 82738047
82655732 61721125
127386504 30854150
127386504 44204185
127386504 12151347
127386504 9778665
127386504 61721125
18807372 39200741
18807372 33835921
18807372 6531324
18807372 129641800
18807372 38446013
18807372 942450
18807372 61721125
811585 65467671
811585 61721125
6531324 17385665
6531324 30854150
6531324 13638115
6531324 39200741
6531324 54680499
6531324 33835921
6531324 82527980
6531324 27165089
6531324 18807372
6531324 50615412
6531324 61721125
30854150 127386504
30854150 17385665
30854150 49521587
30854150 39200741
30854150 82655732
30854150 6531324
30854150 129641800
30854150 28141077
30854150 49054113
30854150 96198966
30854150 15087433
30854150 65467671
30854150 33835921
30854150 65363523
30854150 61721125
73599223 61721125
156655364 17385665
156655364 54680499
156655364 61721125
49056676 39200741
49056676 54680499
49056676 82527980
49056676 44416875
49056676 44302229
49056676 48708273
49056676 50615412
49056676 61721125
