166730391 579029029
166730391 29834580
166730391 34262027
166730391 321749393
166730391 685182962
215894158 322204477
215894158 57845109
215894158 55902618
215894158 578862997
215894158 299091796
215894158 579271510
215894158 238299507
33359246 4767176
33359246 748984177
33359246 28015523
33359246 136895156
33359246 685182962
833422741 129366452
183101931 129366488
183101931 177240434
183101931 57845109
183101931 29834580
183101931 17486539
183101931 579042387
183101931 579271510
183101931 28015523
183101931 748984177
227579460 243789164
634239116 29834580
177240434 814943723
177240434 581097678
177240434 57157674
177240434 57845109
177240434 34262027
177240434 528947818
177240434 578791882
177240434 29834580
177240434 136895156
177240434 28015523
177240434 668056065
177240434 233337472
177240434 748984177
177240434 4767176
177240434 685178220
177240434 35802596
177240434 17486539
177240434 579271510
177240434 129366452
177240434 453534648
177240434 243789164
177240434 129366488
177240434 33359246
177240434 579042387
177240434 322204477
58484024 28015523
58484024 136895156
58484024 177240434
58484024 4767176
58484024 29834580
58484024 55902618
58484024 57845109
58484024 34262027
58484024 229020616
58484024 579029029
58484024 748984177
58484024 322204477
58484024 579042387
58484024 215894158
58484024 57157674
58484024 238299507
58484024 33359246
58484024 163553282
58484024 129366488
58484024 321749393
58484024 833357335
58484024 579271510
58484024 17486539
58484024 163664563
58484024 685182962
58484024 685178220
578862997 4767176
578862997 29834580
578862997 28015523
578862997 243789164
578862997 129366488
578862997 579042387
578862997 322204477
685178220 129366488
55902618 668056065
55902618 28015523
55902618 579029029
55902618 34262027
55902618 29834580
55902618 358359848
55902618 233337472
55902618 177240434
55902618 581097678
55902618 748984177
55902618 4767176
55902618 322204477
55902618 528333818
55902618 579042387
55902618 215894158
55902618 238299507
55902618 163553282
55902618 129366488
55902618 833357335
55902618 579271510
55902618 17486539
55902618 685182962
55902618 299452728
300235371 57591319
4767176 28015523
4767176 29834580
4767176 136895156
4767176 177240434
4767176 233337472
4767176 229020616
4767176 578862997
4767176 129366488
4767176 833357335
4767176 685182962
4767176 2254844
4767176 17486539
29834580 28015523
29834580 136895156
29834580 229020616
29834580 528947818
29834580 55902618
29834580 233337472
29834580 578953961
29834580 581097678
29834580 4767176
29834580 578862997
29834580 322204477
29834580 57639208
29834580 579042387
29834580 147920434
29834580 238299507
29834580 129366488
29834580 833357335
29834580 833341302
29834580 579271510
29834580 17486539
29834580 2254844
29834580 280961658
29834580 685182962
29834580 685178220
29834580 183101931
229020616 668056065
229020616 528947818
229020616 28015523
229020616 579029029
229020616 29834580
229020616 57845109
229020616 177240434
229020616 748984177
229020616 4767176
229020616 58484024
229020616 322204477
229020616 579042387
229020616 238299507
229020616 243789164
229020616 833357335
229020616 129366452
229020616 579271510
229020616 685182962
229020616 17486539
129366488 28015523
129366488 579029029
129366488 4767176
136895156 579271510
136895156 833357335
136895156 129366488
136895156 4767176
136895156 29834580
136895156 34262027
136895156 28015523
528333818 55902618
321749393 215894158
321749393 238299507
321749393 668056065
321749393 34262027
321749393 28015523
321749393 299452728
321749393 17486539
321749393 579271510
700825567 748984177
700825567 28015523
700825567 528947818
700825567 685182962
700825567 17486539
700825567 579271510
700825567 833357335
700825567 215894158
700825567 579042387
299486928 28015523
299486928 322204477
299486928 579271510
70497700 177240434
70497700 28015523
70497700 579029029
70497700 17486539
70497700 579271510
268462506 215894158
268462506 57845109
268462506 17486539
17486539 668056065
17486539 55902618
17486539 129366452
17486539 33359246
17486539 4767176
17486539 129366488
17486539 581097678
17486539 233337472
17486539 833357335
17486539 29834580
17486539 147920434
17486539 58484024
17486539 748984177
17486539 243789164
17486539 578953961
17486539 34262027
17486539 321749393
17486539 833389876
17486539 268462506
17486539 28015523
17486539 528947818
17486539 136895156
17486539 238299507
17486539 56873436
17486539 578862997
17486539 579271510
17486539 579029029
17486539 579042387
17486539 322204477
17486539 528333818
17486539 57845109
17486539 177240434
17486539 163553282
17486539 578791882
17486539 833341302
17486539 57639208
17486539 229020616
17486539 57157674
17486539 358359848
17486539 215894158
17486539 814946373
17486539 814945921
17486539 700825567
17486539 299452728
17486539 183101931
17486539 685182962
17486539 166730391
17486539 280961658
17486539 2254844
17486539 299486928
28015523 136895156
28015523 528947818
28015523 814945921
28015523 668056065
28015523 56873436
28015523 229020616
28015523 579029029
28015523 34262027
28015523 29834580
28015523 57845109
28015523 233337472
28015523 578953961
28015523 177240434
28015523 581097678
28015523 748984177
28015523 70497700
28015523 4767176
28015523 58484024
28015523 578862997
28015523 700825567
28015523 322204477
28015523 528333818
28015523 579042387
28015523 147920434
28015523 814946373
28015523 833389876
28015523 215894158
28015523 57157674
28015523 238299507
28015523 33359246
28015523 163553282
28015523 129366488
28015523 321749393
28015523 833357335
28015523 814943723
28015523 129366452
28015523 579271510
28015523 17486539
28015523 299486928
28015523 2254844
28015523 685182962
28015523 35802596
28015523 685178220
28015523 183101931
2254844 28015523
2254844 579042387
2254844 29834580
2254844 4767176
56873436 579029029
56873436 215894158
34262027 528947818
34262027 579029029
34262027 685182962
34262027 579271510
34262027 163553282
34262027 215894158
34262027 4767176
34262027 578953961
129366452 833422741
129366452 233337472
129366452 17486539
238299507 29834580
238299507 685182962
528947818 17486539
35802596 28015523
35802596 215894158
147920434 322204477
147920434 28015523
147920434 668056065
147920434 4767176
147920434 17486539
147920434 163553282
57845109 579029029
57845109 136895156
57845109 668056065
57845109 28015523
57845109 528947818
57845109 229020616
57845109 34262027
57845109 233337472
57845109 578791882
57845109 578953961
57845109 177240434
57845109 581097678
57845109 748984177
57845109 322204477
57845109 57639208
57845109 579042387
57845109 833389876
57845109 215894158
57845109 129366488
57845109 833357335
57845109 579271510
57845109 17486539
57845109 685182962
579271510 358359848
579271510 321749393
579271510 833389876
579271510 578953961
579271510 58484024
579271510 578791882
579271510 322204477
579271510 579029029
579271510 163553282
579271510 833357335
579271510 57639208
579271510 243789164
579271510 685182962
579271510 17486539
685182962 668056065
685182962 34262027
685182962 55902618
685182962 322204477
685182962 163553282
685182962 233337472
685182962 58484024
685182962 57845109
685182962 579029029
685182962 238299507
685182962 17486539
299091796 215894158
748984177 177240434
748984177 233337472
748984177 685182962
748984177 17486539
748984177 579271510
233337472 29834580
233337472 668056065
233337472 528947818
233337472 34262027
233337472 57845109
233337472 28015523
233337472 56873436
233337472 177240434
233337472 4767176
233337472 35802596
233337472 685182962
233337472 17486539
233337472 579271510
233337472 129366452
233337472 163553282
233337472 238299507
233337472 215894158
233337472 579042387
233337472 322204477
163553282 55902618
163553282 578862997
163553282 757372399
163553282 56873436
163553282 238299507
163553282 147920434
163553282 215894158
163553282 233337472
163553282 833389876
163553282 57639208
163553282 34262027
163553282 528947818
163553282 28015523
163553282 299452728
163553282 685182962
163553282 17486539
163553282 579271510
163553282 814943723
163553282 833357335
163553282 453534648
163553282 129366488
578791882 57845109
578791882 28015523
578791882 17486539
578791882 579271510
578791882 177240434
299452728 57639208
299452728 17486539
299452728 322204477
299452728 581097678
299452728 55902618
299452728 163553282
299452728 321749393
163664563 833357335
163664563 129366488
163664563 685182962
57157674 28015523
814946373 579042387
814946373 28015523
814946373 748984177
814946373 579029029
814946373 579271510
814946373 129366452
579042387 833357335
579042387 238299507
358359848 685182962
358359848 579271510
358359848 579042387
358359848 4767176
581097678 177240434
581097678 55902618
581097678 528947818
581097678 28015523
581097678 29834580
581097678 34262027
581097678 579029029
581097678 57845109
581097678 233337472
581097678 299452728
581097678 685182962
581097678 2254844
581097678 17486539
581097678 579271510
581097678 833357335
581097678 163553282
581097678 238299507
581097678 215894158
581097678 579042387
581097678 58484024
581097678 4767176
581097678 748984177
322204477 668056065
322204477 28015523
322204477 29834580
322204477 748984177
322204477 233337472
322204477 581097678
322204477 578862997
322204477 56873436
322204477 358359848
322204477 528947818
322204477 57845109
322204477 57639208
322204477 579042387
322204477 147920434
322204477 833389876
322204477 215894158
322204477 299452728
322204477 685182962
322204477 299486928
322204477 17486539
322204477 579271510
322204477 238299507
757372399 28015523
57639208 177240434
57639208 28015523
57639208 4767176
57639208 29834580
57639208 322204477
57639208 358359848
57639208 57845109
57639208 668056065
57639208 579042387
57639208 215894158
57639208 163553282
57639208 243789164
57639208 833357335
57639208 579271510
57639208 17486539
57639208 685182962
57639208 299452728
