54246542 210990322
56737329 299632142
56737329 166524260
56737329 215895879
56737329 170037466
750544206 57415030
750544206 215895879
5793732 170037466
299632142 215895879
170037466 166524260
170037466 57415030
440730383 299632142
440730383 215895879
440730383 170037466
440730383 166524260
74440082 299632142
47361193 130564466
166524260 170037466
440773527 299632142
210990322 74440082
210990322 299632142
210990322 54246542
210990322 130564466
215895879 750544206
215895879 54598399
215895879 56737329
215895879 440730383
215895879 299632142
528708157 299632142
54598399 215895879
54598399 130564466
54598399 299632142
54598399 170037466
166516488 170037466
166516488 166524260
166516488 299632142
166516488 130564466
57415030 750544206
57415030 170037466
130564466 170037466
