152810885 131979782
152929078 131979782
58106098 28913164
152879828 536091745
365829144 131979782
152575946 28913164
58053518 131979782
152818020 152691039
152485442 131979782
152485442 20833673
57647354 28913164
57647354 152891078
57647354 152892084
57647354 131979782
30549917 260513573
152566895 254056553
152566895 131979782
13312799 4060659
82902299 131979782
260513573 30549917
260513573 144760898
20833673 152485442
152631461 131979782
58171984 131979782
152436042 131979782
152524147 131979782
28913164 152575946
28913164 152575199
28913164 57647354
28913164 58106098
28913164 131979782
152891078 57647354
152891078 131979782
152920022 16039261
152920022 131979782
119107828 131979782
16039261 152920022
152892084 57647354
58397971 152576534
536091745 152879828
536091745 152844504
144760898 260513573
152575199 28913164
