49520845 653125621
49520845 17325291
49520845 4879824
130498108 4020568
14372581 61532036
54890382 61532036
152592335 61532036
40702628 17620936
8777823 61532036
200028741 61532036
200145453 49126678
200145453 61532036
406435238 61532036
200281071 40378642
200281071 61532036
200281071 127478117
61630387 40378642
61630387 54650491
61630387 127478117
61630387 17620936
61630387 19913913
61630387 8302468
61630387 55882748
61630387 61532036
61630387 58525882
61630387 24196588
48732536 56956866
48732536 58525882
48732536 61532036
49126678 200145453
49126678 61532036
19913913 40378642
19913913 127478117
19913913 61630387
19913913 8302468
19913913 55882748
19913913 58525882
19913913 61532036
44843235 17325291
44843235 4879824
653125621 49520845
653125621 69210908
653125621 4879824
107053708 21038408
33979766 10539159
33979766 4020568
33979766 17620936
33979766 24196588
17620936 40378642
17620936 10539159
17620936 127478117
17620936 19913913
17620936 61630387
17620936 8302468
17620936 37327173
17620936 119917612
17620936 24196588
17620936 58525882
17620936 61532036
7532281 14511150
5220168 127478117
5220168 61532036
7054480 40378642
7054480 127478117
7054480 31307914
7054480 17620936
7054480 21038408
7054480 61532036
7054480 58525882
113516161 83918047
10539159 61532036
10539159 24196588
10539159 33979766
10539159 17620936
200013161 40378642
200013161 127478117
200013161 61532036
40378642 200281071
40378642 127478117
40378642 55882748
40378642 61532036
98763414 8302468
98763414 61532036
176267435 40378642
176267435 127478117
176267435 17620936
176267435 8302468
176267435 37327173
176267435 61532036
176267435 58525882
176267435 83918047
176267435 119917612
667595126 40378642
667595126 127478117
60484447 61532036
27461031 127478117
27461031 61532036
200070581 40378642
200070581 127478117
200070581 61532036
200070581 58525882
140889917 61532036
199992163 61532036
10773477 61532036
10773477 8302468
142496664 61532036
17325291 49520845
17325291 4879824
17325291 44843235
1856605 61532036
52531160 61532036
52599223 40378642
52599223 127478117
52599223 17620936
52599223 61630387
52599223 61532036
52599223 83918047
52599223 24196588
200043416 127478117
200043416 61532036
56956866 40378642
56956866 127478117
56956866 48732536
56956866 8302468
56956866 61532036
119917612 225326029
119917612 176267435
119917612 17620936
119917612 61532036
119917612 58525882
119917612 83918047
152702727 40378642
152702727 127478117
152702727 58525882
152702727 61532036
61532036 61630387
61532036 58525882
61532036 55882748
61532036 127478117
61532036 8302468
61532036 40378642
4490390 127478117
4490390 61532036
21038408 40378642
21038408 127478117
21038408 7054480
21038408 107053708
21038408 31307914
21038408 61532036
127478117 40378642
127478117 200281071
127478117 61630387
127478117 8302468
127478117 55882748
127478117 58525882
127478117 61532036
54650491 40378642
54650491 127478117
54650491 61630387
54650491 8302468
54650491 55882748
54650491 83918047
54650491 61532036
54650491 58525882
34119368 40378642
34119368 61532036
61255357 8302468
61255357 61532036
49362591 55882748
49362591 58525882
49362591 61532036
200177124 61532036
57194224 40378642
57194224 225326029
57194224 83918047
57194224 127478117
57194224 8302468
57194224 17620936
57194224 58525882
57194224 61532036
37327173 17620936
37327173 61532036
58525882 40378642
58525882 127478117
58525882 19913913
58525882 61630387
58525882 95498513
58525882 8302468
58525882 55882748
58525882 61532036
54494687 127478117
54494687 61532036
4020568 130498108
4020568 61532036
4020568 33979766
41093891 127478117
41093891 61532036
8302468 98763414
8302468 31307914
8302468 83918047
8302468 61532036
69210908 653125621
200626705 61532036
166610274 40378642
166610274 127478117
166610274 61630387
166610274 83918047
166610274 61532036
166610274 58525882
83918047 8302468
83918047 61532036
55882748 40378642
55882748 127478117
55882748 61532036
20711589 8302468
20711589 61532036
141137508 61532036
48552094 58525882
48552094 61532036
95498513 40378642
95498513 127478117
95498513 17620936
95498513 19913913
95498513 8302468
95498513 55882748
95498513 24196588
95498513 58525882
95498513 61532036
9408649 61532036
199938422 61532036
24196588 10539159
24196588 17620936
24196588 61630387
24196588 33979766
24196588 95498513
24196588 52599223
24196588 58525882
24196588 61532036
4879824 653125621
4879824 17325291
4879824 44843235
4879824 61532036
56852355 61532036
