684443724 127183688
210276479 15335957
210276479 152877128
210276479 127183688
210276479 54136852
210276479 107496003
60701730 138022312
60701730 127183688
60701730 107496003
60701730 85826422
22021207 127183688
154895104 127183688
81990715 127183688
85826422 127183688
85826422 60701730
85826422 44755040
85826422 136618901
85826422 57648286
833318921 127183688
541470497 210263382
92328634 5955522
92328634 127183688
92328634 130228776
581846971 127183688
57483975 127183688
57483975 152858333
128986329 127183688
127671321 127183688
127671321 136618901
152499115 127183688
152816125 127183688
152816125 38099118
152816125 210265969
152816125 107496003
210265969 127183688
210265969 210263382
210265969 152816125
210265969 152734092
210265969 130228776
37993817 132595672
37993817 127183688
341554553 127183688
152933476 127183688
152933476 152702770
152933476 38099118
152702770 152630905
152702770 152877128
152702770 127183688
152702770 152933476
601693497 127183688
73587660 127183688
152858333 127183688
152858333 57483975
57648286 581124493
57648286 152877128
57648286 65397665
57648286 85826422
7368192 127183688
5955522 127183688
5955522 92328634
130338950 132595672
130338950 38099118
52570811 92328634
52570811 15335957
52570811 541470497
52570811 127183688
52570811 210263382
52570811 38099118
152701701 127183688
131001702 127183688
210263382 138022312
210263382 541470497
210263382 210265969
210263382 52570811
665976481 127183688
57648783 127183688
57648783 541470497
57648783 38099118
252067966 127183688
169713136 127183688
65397665 152877128
65397665 127183688
65397665 57648286
129776054 127183688
98767626 127183688
15335957 210276479
15335957 127183688
15335957 38099118
15335957 130228776
152734092 127183688
210191180 127183688
136618901 127183688
136618901 44755040
136618901 127671321
136618901 85826422
136618901 155818684
175151854 127183688
175151854 57373087
634218121 127183688
152734522 127183688
170734088 127183688
134515279 127183688
134515279 57373087
54136852 210276479
54136852 127183688
54136852 44755040
242726717 127183688
210197882 127183688
152572496 127183688
581124493 127183688
581124493 57648286
57373087 134515279
57373087 127183688
57373087 155864695
57373087 175151854
57373087 130228776
54297285 127183688
44755040 152877128
44755040 136618901
44755040 54136852
44755040 85826422
481300272 127183688
155818684 127183688
155818684 136618901
155864695 127183688
155864695 57373087
76331898 127183688
138022312 152877128
138022312 127183688
138022312 60701730
138022312 57483975
152877128 210276479
152877128 138022312
152877128 127183688
152877128 152702770
152877128 57648286
152877128 65397665
152877128 107496003
33409150 127183688
107496003 132595672
107496003 152877128
107496003 210276479
107496003 60701730
107496003 152816125
107496003 38099118
107496003 152630905
152630905 127183688
152630905 152702770
152630905 107496003
38099118 130338950
38099118 127183688
54233034 127183688
115741321 127183688
170883367 127183688
676723123 127183688
41008836 127183688
41008836 130228776
