7378465 16369344
7378465 677157448
7378465 128663885
26536820 128663885
26536820 57608062
4866519 58287962
4866519 17991005
4866519 45161993
4866519 58251708
4866519 58054219
4866519 39018444
16369344 128663885
16369344 17856491
16369344 17991005
16369344 45161993
16369344 7378465
78541096 128663885
58385638 128663885
128281650 128663885
677322244 128663885
677157448 7378465
223873190 128663885
223873190 58251708
39018444 12984887
39018444 27024486
39018444 16369344
39018444 4866519
39018444 58259485
39018444 58251708
39018444 45161993
39018444 77578794
39018444 58018048
39018444 58446542
58357605 58023867
57610058 128663885
57610058 58054219
58164077 128663885
45161993 4866519
45161993 128663885
45161993 17856491
45161993 12984887
45161993 37983254
45161993 16369344
45161993 128281650
45161993 54365650
45161993 58251708
45161993 58054219
45161993 39018444
45161993 77578794
363236467 128663885
128663885 82738291
128663885 17856491
128663885 58018663
128663885 58385367
65762666 128663885
31645752 128663885
205884971 128663885
205884971 58374930
73095727 54365650
73095727 37983254
73095727 128663885
73095727 17856491
73095727 54407379
56496912 128663885
58385367 128663885
58385367 17856491
37983254 128663885
37983254 45161993
729902182 56590763
58054219 57608062
58054219 57610058
58054219 4866519
58054219 128663885
58054219 82738291
58054219 54365650
77578794 128663885
77578794 17856491
54407379 24312232
58375362 128663885
58375362 17856491
58375362 52571733
58018048 128663885
58018048 17856491
58018048 39018444
58018048 3506855
58018048 58259485
84757790 128663885
52571733 128663885
205885410 128663885
54365650 12984887
54365650 128663885
54365650 58287962
54365650 73095727
54365650 17856491
54365650 45161993
54365650 58251708
54365650 27024486
54365650 58054219
54365650 58446542
58010305 128663885
69898310 128663885
69898310 17856491
12984887 54365650
12984887 45161993
12984887 58251708
12984887 27024486
12984887 39018444
12984887 77578794
82738291 58054219
54392462 128663885
58023867 128663885
58023867 58357605
24312232 54407379
17856491 128663885
17856491 58018663
17856491 58385367
3506855 128663885
3506855 58018048
130883304 128663885
58172319 128663885
58374930 205884971
58374930 128663885
58374930 58486831
17296523 45161993
58446542 39018444
58446542 128663885
58446542 54365650
58355603 128663885
58251708 54365650
58251708 12984887
58251708 128663885
58251708 4866519
58251708 223873190
58251708 58392710
58251708 58018663
58251708 128947202
58251708 45161993
58251708 16369344
58251708 17856491
58251708 69609581
58251708 27024486
58251708 39018444
58486831 58374930
58486831 128663885
58486831 17856491
58287962 54365650
58287962 128947202
58287962 4866519
58287962 54407379
58287962 39018444
128947202 128663885
58018663 17856491
58018663 128663885
56590763 37983254
56590763 729902182
52576599 58005796
58005796 128663885
15323224 128663885
26514658 17856491
26514658 128663885
58275024 128663885
58392710 128663885
58392710 58251708
58138155 128663885
58138155 17856491
58297647 128663885
27024486 17991005
27024486 57608062
27024486 54365650
27024486 58251708
27024486 12984887
27024486 39018444
17991005 4866519
17991005 16369344
17991005 128663885
17991005 27024486
541465678 17856491
541465678 128663885
58273647 128663885
57608062 128663885
57608062 26536820
57608062 58054219
57608062 27024486
