56969499 52523593
56969499 12227036
56969499 79113720
56969499 156722533
161141323 12227036
17410238 921564
17410238 14442631
17410238 130283172
17410238 54620107
17410238 55004463
17410238 12227036
17410238 100806033
17410238 54438678
17410238 60692513
17410238 83554720
17410238 57054049
17410238 54437440
17410238 5547188
130283172 100806033
130283172 23512427
130283172 54620107
130283172 60692513
130283172 55004463
130283172 45370249
130283172 83554741
130283172 5227303
130283172 12227036
130283172 83554720
130283172 75816405
130283172 17410238
52523593 21208025
52523593 55004463
52523593 56969499
52523593 54620107
52523593 921564
52523593 23512427
52523593 54434387
52523593 52453981
52523593 12227036
52523593 54481032
52523593 54438678
52523593 54437440
52523593 5547188
52523593 17410238
49306324 100806033
49306324 54620107
49306324 55004463
49306324 45433451
49306324 12227036
49306324 54481032
49306324 57054049
49306324 39638363
17539904 5547188
17539904 12227036
17539904 54434387
17539904 54438678
17539904 54437440
17539904 14442631
17539904 17410238
301956601 100806033
301956601 45429933
301956601 12227036
301956601 39638363
301956601 54438678
301956601 57054049
5227303 921564
5227303 54620107
5227303 21208025
5227303 130283172
5227303 12227036
5227303 79113720
5227303 287690552
5227303 54437440
5227303 45357034
55004463 130283172
55004463 60692513
55004463 49306324
55004463 100806033
55004463 54620107
55004463 23512427
55004463 54437347
55004463 83554741
55004463 52453981
55004463 45429933
55004463 12227036
55004463 54481032
55004463 83554720
55004463 79113720
55004463 39638363
55004463 14442631
55004463 54438678
55004463 54437440
55004463 100056241
55004463 54426829
55004463 83554899
55004463 17539904
55004463 17410238
55899388 100806033
55899388 45429933
55899388 12227036
55899388 52546932
55899388 79113720
55899388 54426829
55899388 5547188
57054049 100806033
57054049 83554741
57054049 54481032
57054049 21208025
57054049 60692513
57054049 301956601
57054049 55004463
57054049 45429933
57054049 54434387
57054049 12227036
57054049 45433451
57054049 49306324
57054049 39638363
57054049 130283172
57054049 23512427
57054049 54620107
57054049 54438678
57054049 287690552
57054049 54437440
57054049 156722533
57054049 54426829
57054049 52534052
57054049 5547188
57054049 17410238
54438678 45429933
54438678 12227036
54438678 79113720
54438678 100806033
54438678 54620107
54438678 54481032
54438678 57054049
54438678 23512427
54438678 21208025
54438678 56971447
54438678 45370249
54438678 39638363
54438678 301956601
54438678 45459103
54438678 45433451
54438678 83554741
54438678 52523593
54438678 68934628
54438678 55004463
54438678 14442631
54438678 156722533
54438678 54426829
54438678 45357034
54438678 52534052
54438678 5547188
54438678 17539904
54438678 17410238
54437347 5547188
54437347 54481032
54437347 12227036
54437347 55004463
52534052 83554741
52534052 54620107
52534052 21208025
52534052 54438678
52534052 12227036
52534052 57054049
52534052 45370249
52534052 60692513
52534052 54481032
52534052 54437440
25044556 12227036
54481032 12227036
54481032 100806033
54481032 54437347
54481032 83554741
54481032 21208025
54481032 55004463
54481032 60692513
54481032 49306324
54481032 68934628
54481032 54620107
54481032 54434387
54481032 45433451
54481032 83554720
54481032 79113720
54481032 14442631
54481032 57054049
54481032 54438678
54481032 287690552
54481032 54437440
54481032 156722533
54481032 14668242
54481032 52534052
54481032 5547188
54426829 12227036
54426829 21208025
54426829 54438678
54426829 100806033
54426829 55004463
54426829 14668242
54426829 45429933
54426829 54437440
72939568 14450571
5547188 23512427
5547188 100806033
5547188 12227036
5547188 68934628
5547188 79113720
5547188 54620107
5547188 52523593
5547188 83554741
5547188 54481032
5547188 54437347
5547188 55899388
5547188 54434387
5547188 54438678
5547188 130283172
5547188 45433451
5547188 55004463
5547188 17539904
5547188 17410238
60692513 21208025
60692513 54620107
60692513 100806033
60692513 130283172
60692513 55004463
60692513 83554741
60692513 68934628
60692513 12227036
60692513 54481032
60692513 83554720
60692513 57054049
60692513 52534052
60692513 17410238
14450571 31986903
14450571 12227036
14450571 138404781
52546932 12227036
52546932 55899388
14668242 14442631
14668242 54481032
45459103 54620107
45459103 54438678
45459103 12227036
45459103 45429933
45459103 54434387
138404781 14450571
45357034 54620107
45357034 45429933
45357034 12227036
45357034 14442631
45357034 54437440
45357034 921564
45357034 156722533
45357034 5227303
45357034 54438678
23512427 12227036
68934628 54620107
68934628 60692513
68934628 12227036
68934628 54481032
68934628 54438678
68934628 54437440
68934628 5547188
54434387 45459103
54434387 54620107
54434387 45433451
54434387 21208025
54434387 12227036
54434387 54481032
54434387 39638363
54434387 57054049
54434387 5547188
54434387 17539904
156722533 57054049
156722533 56969499
156722533 54620107
156722533 45429933
156722533 54438678
156722533 12227036
156722533 54481032
156722533 287690552
156722533 45357034
45433451 55004463
45433451 54620107
45433451 21208025
45433451 54434387
45433451 45429933
45433451 12227036
45433451 54481032
45433451 79113720
45433451 57054049
45433451 54438678
45433451 54437440
45433451 5547188
83554720 60692513
83554720 130283172
83554720 45370249
83554720 12227036
83554720 54481032
83554720 55004463
83554720 100806033
83554720 14442631
83554720 100056241
83554720 17410238
54620107 100806033
54620107 49306324
54620107 21208025
54620107 130283172
54620107 60692513
54620107 55004463
54620107 83554741
54620107 52523593
54620107 45433451
54620107 45459103
54620107 54434387
54620107 5227303
54620107 68934628
54620107 45429933
54620107 12227036
54620107 54481032
54620107 79113720
54620107 39638363
54620107 14442631
54620107 57054049
54620107 54438678
54620107 287690552
54620107 54437440
54620107 156722533
54620107 45357034
54620107 52534052
54620107 5547188
54620107 17410238
12227036 55004463
12227036 60692513
12227036 130283172
12227036 23512427
12227036 21208025
12227036 83554741
12227036 68934628
12227036 54437347
12227036 45429933
12227036 5227303
12227036 54434387
12227036 45459103
12227036 45433451
12227036 54620107
12227036 55899388
12227036 49306324
12227036 301956601
12227036 54481032
12227036 83554720
12227036 79113720
12227036 39638363
12227036 14442631
12227036 25044556
12227036 57054049
12227036 54438678
12227036 287690552
12227036 54437440
12227036 156722533
12227036 100056241
12227036 54426829
12227036 52534052
12227036 161141323
12227036 75816405
12227036 5547188
12227036 17410238
31986903 14450571
45429933 54620107
45429933 100806033
45429933 55004463
45429933 21208025
45429933 45459103
45429933 55899388
45429933 12227036
45429933 301956601
45429933 83554720
45429933 79113720
45429933 39638363
45429933 14442631
45429933 57054049
45429933 54438678
45429933 287690552
45429933 54437440
45429933 156722533
45429933 54426829
45429933 45357034
45429933 5547188
287690552 21208025
287690552 12227036
287690552 45429933
287690552 54620107
287690552 5227303
287690552 79113720
287690552 54481032
287690552 156722533
287690552 54437440
14442631 55004463
14442631 54481032
14442631 12227036
14442631 21208025
14442631 54620107
14442631 17410238
14442631 45429933
14442631 54438678
14442631 14668242
14442631 5547188
14442631 17539904
45370249 100806033
45370249 130283172
45370249 17410238
45370249 83554899
45370249 54438678
56971447 54438678
56971447 12227036
39638363 55004463
39638363 45429933
39638363 100806033
39638363 54434387
39638363 12227036
39638363 56969499
39638363 54620107
39638363 301956601
39638363 54438678
39638363 54437440
39638363 14450571
100806033 130283172
100806033 21208025
100806033 49306324
100806033 54620107
100806033 60692513
100806033 55899388
100806033 83554741
100806033 45429933
100806033 301956601
100806033 54481032
100806033 83554720
100806033 79113720
100806033 54438678
100806033 54426829
100806033 17410238
921564 21208025
921564 5227303
921564 12227036
921564 45357034
921564 17410238
54437440 54620107
54437440 21208025
54437440 68934628
54437440 54481032
54437440 55004463
54437440 79113720
54437440 12227036
54437440 45429933
54437440 45433451
54437440 287690552
54437440 5227303
54437440 54426829
54437440 45357034
54437440 52534052
54437440 17539904
54437440 17410238
100056241 12227036
100056241 55004463
100056241 83554720
100056241 14450571
83554899 83554720
83554899 21208025
83554741 100806033
83554741 60692513
83554741 55004463
83554741 54620107
83554741 21208025
83554741 12227036
83554741 54481032
83554741 83554720
83554741 57054049
83554741 54438678
83554741 52534052
83554741 5547188
56970803 12227036
52453981 52523593
52453981 55004463
52453981 45433451
52453981 12227036
75816405 14442631
75816405 12227036
75816405 14450571
79113720 54481032
79113720 55004463
79113720 12227036
79113720 921564
79113720 45429933
79113720 100806033
79113720 55899388
79113720 54620107
79113720 45433451
79113720 56969499
79113720 5227303
79113720 54438678
79113720 287690552
79113720 54437440
79113720 5547188
21208025 287690552
21208025 921564
21208025 100806033
21208025 54620107
21208025 60692513
21208025 83554741
21208025 52523593
21208025 45433451
21208025 54434387
21208025 5227303
21208025 45429933
21208025 12227036
21208025 54481032
21208025 14442631
21208025 57054049
21208025 54438678
21208025 54437440
21208025 54426829
21208025 52534052
21208025 83554899
