155415136 14604935
536936924 14604935
49054768 14604935
438214809 14604935
690934101 14604935
638375918 14604935
426671955 14604935
749604737 14604935
749604737 836612873
111674890 14604935
148137339 14604935
57616422 14604935
329353795 14604935
4144872 14604935
4144872 68947468
4144872 8569117
686286973 14604935
129144607 14604935
52743447 14604935
8569117 14604935
8569117 4144872
8569117 48555400
8569117 60379444
600197062 14604935
51806412 14604935
57018062 14604935
235209456 14604935
228415401 14604935
68947468 14604935
68947468 48362051
68947468 19964356
68947468 4144872
19964356 14604935
195512704 14604935
44047181 14604935
775264448 14604935
836614099 14604935
7876494 14604935
164977151 14604935
164977151 338062537
44609065 14604935
547718166 14604935
48362051 14604935
50840749 14604935
42525386 14604935
44742765 14604935
32334838 52391301
32334838 14604935
32334838 60379444
32334838 49043874
22987245 14604935
836614815 14604935
71261736 14604935
7994978 14604935
814114106 14604935
44240611 14604935
144538179 14604935
75668569 14604935
104865344 14604935
55052608 14604935
836614070 14604935
13974586 14604935
260891212 14604935
338062537 14604935
338062537 164977151
49043874 14604935
49043874 32334838
133997607 14604935
132891026 14604935
57228794 14604935
67140381 14604935
836612075 14604935
52391301 14604935
52391301 32334838
60379444 14604935
60379444 32334838
60379444 8569117
669223374 14604935
754829832 14604935
835970362 14604935
48222596 14604935
391107731 14604935
601633205 14604935
836613072 14604935
156574399 14604935
54248981 14604935
11356410 14604935
48516517 14604935
89865129 14604935
48555400 14604935
48555400 8569117
