551804029 4005003
99686541 833325705
99686541 67348740
152905222 833325705
113597717 3636524
113597717 4005003
130338949 3636524
49031105 833325705
49031105 3636524
49031105 4005003
82028878 833325705
152728136 58035007
4005003 551804029
4005003 113597717
152515014 17933463
152485334 833325705
634038027 67277208
7920394 103060181
7920394 67277208
103060181 99762286
103060181 7920394
103060181 67277208
103060181 17933463
152542378 833325705
49051801 50886548
14577156 833325705
133788718 58035007
67277208 103060181
67277208 7920394
67277208 17933463
17933463 103060181
17933463 3636524
17933463 67277208
17933463 152515014
3636524 113597717
3636524 17933463
3636524 130338949
58035007 133788718
833325705 14577156
833325705 685165365
99762286 103060181
