115167491 127243309
82781245 127243309
95090384 127243309
836614037 127243309
563499961 127243309
296968920 127243309
72696921 127243309
72696921 108154255
162845276 127243309
670264299 127243309
346433958 127243309
135930571 127243309
99228920 127243309
187995255 127243309
131455951 127243309
139968801 127243309
180301405 127243309
530233830 127243309
647960832 127243309
124545658 127243309
308464301 127243309
183180713 127243309
113020422 127243309
317137287 127243309
163464927 127243309
30339271 127243309
182151465 127243309
187906616 127243309
189045807 127243309
10703749 127243309
651450842 127243309
505607886 127243309
130491107 127243309
178576145 127243309
150769317 127243309
178875741 127243309
193193140 127243309
113270251 127243309
32363281 127243309
182589634 127243309
178806324 127243309
400444207 127243309
69323746 127243309
372944125 127243309
167039458 127243309
571982477 127243309
80910618 127243309
193120152 127243309
193120152 137437963
528484985 127243309
633342792 127243309
188161380 127243309
84263814 127243309
137437963 193120152
127243309 113020422
127243309 155067824
127243309 72696921
108154255 127243309
108154255 72696921
189467225 127243309
188711563 127243309
359417980 127243309
404957351 127243309
178646595 127243309
155067824 127243309
24632877 127243309
185450115 127243309
424376024 127243309
161901877 127243309
164820775 127243309
458673648 127243309
692067039 127243309
179165000 127243309
165089167 127243309
540668752 127243309
184949569 127243309
346908666 127243309
150986044 127243309
