152543446 50907189
78304919 50907189
78304919 210220755
78304919 39091909
78304919 57646941
82644668 50907189
82644668 57646941
82644668 152911846
82644668 57646143
581808166 50907189
582348298 50907189
57647823 57648205
57647823 57643614
57647823 50907189
57647823 68881796
261286185 50907189
261286185 44758582
582456260 50907189
57646143 57648205
57646143 57649576
57646143 57649101
57646143 57643614
57646143 50907189
57646143 68881796
57646143 152885359
57646143 44758582
57646143 210220755
57646143 57646941
57646143 82644668
57646143 43997416
581103924 50907189
581532751 50907189
581287521 50907189
39091909 82638337
39091909 50907189
39091909 210228534
39091909 78304919
421480153 50907189
138917765 50907189
138917765 68881796
152723451 50907189
152723451 57649576
57649101 57646143
57649101 8673978
57649101 50907189
57649101 210228534
57649101 68881796
57649101 152819412
57649101 57646941
57649101 43997416
8673978 57649101
8673978 50907189
8673978 68881796
581126975 50907189
57643614 57648205
57643614 57646143
57643614 128501311
57643614 50907189
57643614 68881796
57643614 78304919
57643614 44758582
57643614 57647823
57643614 57646941
57643614 43997416
68881796 57648205
68881796 57646143
68881796 82638337
68881796 8673978
68881796 152484968
68881796 43937364
68881796 57649101
68881796 57643614
68881796 172469376
68881796 50907189
68881796 210228534
68881796 138917765
68881796 152885359
68881796 44758582
68881796 57647823
68881796 210220755
68881796 130012406
68881796 57646941
68881796 43997416
67264266 50907189
581150139 50907189
152733959 50907189
152885359 57646143
152885359 50907189
152885359 68881796
152885359 57649576
43997416 68881796
43997416 57643614
43997416 50907189
43997416 57646143
43997416 57649101
43997416 128501311
155858500 50907189
172469376 57648205
172469376 50907189
172469376 68881796
306568989 50907189
306568989 138917765
82638337 50907189
82638337 68881796
82638337 39091909
581697782 50907189
57412263 57769544
57412263 152601449
48076197 50907189
128882224 50907189
210220755 57646143
210220755 50907189
210220755 68881796
210220755 78304919
210220755 43937364
836613554 50907189
152484968 50907189
152484968 68881796
152881028 50907189
43937364 57648205
43937364 128501311
43937364 50907189
43937364 210228534
43937364 68881796
43937364 44758582
43937364 130012406
43937364 210220755
152734092 50907189
79934902 50907189
152911846 50907189
601628089 50907189
482875785 50907189
57769544 50907189
57769544 57412263
601654685 50907189
210228534 152880264
210228534 57648205
210228534 43937364
210228534 57649101
210228534 50907189
210228534 68881796
210228534 39091909
210228534 57646941
581436976 50907189
298857796 50907189
152595647 50907189
152687486 50907189
152727648 57649101
152727648 50907189
53698386 50907189
53698386 82644668
44758582 57648205
44758582 57646143
44758582 43937364
44758582 57643614
44758582 50907189
44758582 68881796
44758582 261286185
561072389 50907189
155879820 50907189
58155105 50907189
152880264 57648205
152880264 50907189
152880264 210228534
152920974 50907189
756598058 50907189
152907166 50907189
152907166 43937364
582721807 50907189
215770070 50907189
152620522 50907189
298831321 50907189
128501311 43937364
128501311 50907189
128501311 582342013
128501311 68881796
128501311 57646941
128501311 43997416
57648205 152880264
57648205 57646143
57648205 43937364
57648205 57643614
57648205 172469376
57648205 50907189
57648205 210228534
57648205 582342013
57648205 68881796
57648205 44758582
57648205 57647823
57648205 57646941
57649576 57646143
57649576 50907189
57649576 152723451
57649576 152885359
57646941 152734092
57646941 50907189
57646941 68881796
57646941 581697782
57646941 581807760
57646941 57646143
57646941 128501311
57646941 78304919
57646941 57643614
57646941 57648205
57646941 43937364
57646941 152484968
57646941 152816012
57646941 210228534
57646941 82644668
130012406 50907189
130012406 68881796
155827565 50907189
298858131 50907189
806401972 50907189
581367691 50907189
152601449 50907189
152601449 57412263
299497963 50907189
582489455 50907189
58376998 50907189
152816012 50907189
152816012 57646941
152816012 82644668
152819412 50907189
82111080 50907189
298837925 50907189
155816098 50907189
581807760 50907189
581725267 50907189
581867584 50907189
582342013 57648205
582342013 128501311
582342013 50907189
