28662954 16278701
28662954 152930561
28662954 69681850
28662954 57650370
28662954 15963570
28662954 25592731
28662954 152797864
28662954 152545111
28662954 152904654
28662954 152900260
28662954 152782793
28662954 152907017
28662954 152955769
28662954 54426765
28662954 152574735
28662954 152898782
28662954 152546203
28662954 50633074
28662954 121878337
28662954 38199449
28662954 58098833
28662954 44754953
28662954 490443142
152912208 152930561
152912208 21124335
152912208 152546203
152912208 50633074
152912208 152838893
152912208 152955769
152912208 69681850
152912208 152954325
152912208 152545111
152912208 152782793
152912208 58098833
152912208 152833683
152912208 16278701
152912208 25592731
152912208 152726093
152912208 152907017
152912208 44754953
152898782 58057530
152898782 82279479
152898782 152855078
152898782 152932686
152898782 57650370
152898782 50633074
152898782 152734913
152898782 152545111
152898782 28662954
152898782 44754953
152898782 110771162
806250814 490443164
806250814 152430922
806250814 82279479
806250814 38199449
806250814 152898782
806250814 152545111
806250814 82644668
74341464 152486862
74341464 69681850
74341464 152546203
74341464 152545111
74341464 110771162
57650435 69681850
57650435 210199844
57650435 58106858
57650435 152734913
57650435 152545111
57650435 152579234
82644668 16278701
82644668 2182529
82644668 38199449
82644668 152930734
82644668 152907920
82644668 25592731
82644668 15963570
82644668 152734913
82644668 152928266
82644668 50633074
82644668 152486862
82644668 57650370
82644668 152797864
82644668 152574735
82644668 152904654
82644668 69681850
82644668 152726093
82644668 44757753
82644668 57611980
82644668 152900260
82644668 152782793
82644668 152920063
82644668 152430922
82644668 28662954
82644668 44754953
82644668 110771162
82644668 490443142
82644668 152579234
806251232 152486862
152907017 152928266
152907017 58098833
152907017 152430922
152907017 27954621
152907017 69681850
152907017 152546203
152907017 152574735
152907017 58106858
152907017 128033372
152907017 50633074
152907017 152907920
152907017 152838893
152907017 152912208
152907017 28662954
152907017 44754953
9127976 152897154
9127976 69681850
9127976 152574735
9127976 152545111
152726093 152954325
152726093 69681850
152726093 152955769
152726093 152545111
152726093 152839683
36981265 152603712
36981265 59187659
36981265 69681850
36981265 152545111
152693521 58057530
152693521 32915206
152693521 57646169
152693521 152733884
152693521 152574735
152693521 54426765
152693521 50633074
152693521 152797864
152693521 152930561
152693521 152579234
152579234 152907920
152579234 152928266
152579234 152574735
152579234 82279479
152579234 490443142
152579234 16278701
152579234 152430922
152579234 70390288
152579234 82644668
152579234 152734913
152579234 54426765
152579234 50633074
152579234 25592731
152579234 152839683
152579234 152797864
152579234 69681850
152579234 57650435
152579234 32915206
152579234 152545111
58106858 152928266
58106858 490443164
58106858 57650435
58106858 121878337
58106858 27954621
58106858 152897154
58106858 152907017
58106858 69681850
58106858 38199449
58106858 152907920
58106858 152734913
58106858 152545111
58106858 44754953
152928919 152928266
152928919 57650370
25592731 152928266
25592731 15963570
25592731 490443164
25592731 152430922
25592731 152486862
25592731 82279479
25592731 152897154
25592731 69681850
25592731 152546203
25592731 152574735
25592731 54426765
25592731 38199449
25592731 50633074
25592731 152907920
25592731 152734913
25592731 152797864
25592731 152545111
25592731 82644668
25592731 152912208
25592731 28662954
25592731 152579234
152782793 38884887
152782793 152928266
152782793 490443164
152782793 152430922
152782793 82279479
152782793 152919256
152782793 152603712
152782793 69681850
152782793 152955769
152782793 152733884
152782793 152546203
152782793 210199844
152782793 54426765
152782793 38199449
152782793 50633074
152782793 152734913
152782793 152545111
152782793 152833683
152782793 82644668
152782793 152912208
152782793 28662954
152782793 110771162
152782793 490443142
21124335 69681850
21124335 152955769
21124335 210199844
21124335 128033372
21124335 50633074
21124335 152912208
21124335 490443142
152833683 57646169
152833683 152907920
152833683 69681850
152833683 152782793
152833683 152912208
152546203 152928266
152546203 490443164
152546203 152486862
152546203 152954325
152546203 152907017
152546203 152574735
152546203 38199449
152546203 2182529
152546203 25592731
152546203 152907920
152546203 152734913
152546203 152545111
152546203 152912208
152546203 28662954
152546203 44754953
152546203 110771162
69681850 38884887
69681850 152904654
69681850 152928266
69681850 15963570
69681850 70390288
69681850 833865666
69681850 152900260
69681850 152486862
69681850 57650435
69681850 121878337
69681850 152855078
69681850 152604180
69681850 21124335
69681850 16853151
69681850 152930734
69681850 57650370
69681850 152782875
69681850 44757753
69681850 36981265
69681850 27954621
69681850 152897154
69681850 152907017
69681850 152782793
69681850 57611980
69681850 74341464
69681850 57646169
69681850 152955769
69681850 210199844
69681850 54426765
69681850 152933228
69681850 58106858
69681850 298837234
69681850 152731503
69681850 9127976
69681850 128033372
69681850 25592731
69681850 152907920
69681850 152734913
69681850 152726093
69681850 152913340
69681850 152932541
69681850 152941574
69681850 152833683
69681850 152930561
69681850 152838893
69681850 82644668
69681850 152912208
69681850 28662954
69681850 44754953
69681850 178135435
69681850 110771162
69681850 152579234
57650370 38884887
57650370 15963570
57650370 152796269
57650370 152932686
57650370 152930734
57650370 27954621
57650370 210238941
57650370 134215361
57650370 57646169
57650370 69681850
57650370 152733884
57650370 210199844
57650370 152574735
57650370 152933228
57650370 2182529
57650370 128033372
57650370 50633074
57650370 152907920
57650370 152734913
57650370 152898782
57650370 152928919
57650370 152545111
57650370 152930561
57650370 82644668
57650370 28662954
57650370 490443142
152934327 152574735
152934327 152545111
152796269 490443164
152796269 152604180
152796269 57650370
152796269 27954621
152796269 152574735
152796269 50633074
152796269 152734913
152796269 152545111
57611980 490443164
57611980 152486862
57611980 152603712
57611980 69681850
57611980 2182529
57611980 152907920
57611980 152545111
152731503 152430922
152731503 152486862
152731503 134215361
152731503 69681850
152731503 152574735
152731503 38199449
152731503 50633074
152731503 152907920
152731503 152545111
152920063 152928266
152920063 152955769
152920063 50633074
152920063 152734913
152920063 152545111
152932541 152574735
152932541 69681850
152932541 152486862
152932541 152545111
152932541 152546203
152932541 152900260
152932541 152430922
152932541 152928266
152904654 38884887
152904654 152928266
152904654 152920063
152904654 490443164
152904654 82279479
152904654 152850099
152904654 152930734
152904654 27954621
152904654 69681850
152904654 152546203
152904654 152574735
152904654 54426765
152904654 2182529
152904654 50633074
152904654 152907920
152904654 152734913
152904654 152797864
152904654 152545111
152904654 152941574
152904654 82644668
152904654 28662954
152904654 490443142
152941574 152932686
152941574 152545111
152941574 152928266
152941574 152574735
152941574 69681850
152941574 152904654
152941574 152920063
152941574 490443142
152900260 38884887
152900260 152928266
152900260 152430922
152900260 82279479
152900260 27954621
152900260 69681850
152900260 152546203
152900260 152907920
152900260 152734913
152900260 152797864
152900260 82644668
152900260 28662954
152900260 44754953
152900260 490443142
16278701 152545111
16278701 152930561
16278701 82644668
16278701 152912208
16278701 28662954
16278701 44754953
16278701 178135435
16278701 152579234
152734763 152486862
152734763 152934327
152734763 152545111
152925051 152545111
152839683 152486862
152839683 490443164
152839683 178135435
152839683 32915206
152839683 152545111
152839683 152941574
152839683 152730723
152839683 152928266
152839683 50633074
152839683 152574735
152730723 152839683
38884887 152904654
38884887 15963570
38884887 490443164
38884887 152900260
38884887 152486862
38884887 152604180
38884887 16853151
38884887 57650370
38884887 152897154
38884887 152782793
38884887 69681850
38884887 833357546
38884887 152546203
38884887 152574735
38884887 298837234
38884887 50633074
38884887 152734913
38884887 152838893
152486862 38884887
152486862 152734763
152486862 152928266
152486862 152920063
152486862 82279479
152486862 134215361
152486862 69681850
152486862 152546203
152486862 152574735
152486862 54426765
152486862 152678853
152486862 152731503
152486862 806251232
152486862 50633074
152486862 152545111
152486862 490443142
152486862 152839683
2182529 152904654
2182529 152928266
2182529 82279479
2182529 57650370
2182529 152603712
2182529 57611980
2182529 152546203
2182529 54426765
2182529 152907920
2182529 152734913
2182529 152797864
2182529 82644668
2182529 490443142
152954325 152928266
152954325 152955769
152954325 152546203
152954325 152726093
152954325 152545111
152954325 152912208
15963570 152928266
15963570 490443164
15963570 69681850
15963570 152955769
15963570 152934327
15963570 152574735
15963570 38199449
15963570 50633074
15963570 152545111
15963570 28662954
152930561 69681850
152930561 152574735
152930561 128033372
152930561 16278701
152930561 57650370
152930561 152733884
152930561 27954621
152930561 152693521
152930561 152912208
152930561 28662954
152930561 178135435
57646169 152919256
57646169 57650370
57646169 152693521
57646169 69681850
57646169 210199844
57646169 128033372
57646169 152734913
57646169 152833683
152678853 152486862
152678853 152545111
32915206 152928266
32915206 490443164
32915206 152430922
32915206 82279479
32915206 152604180
32915206 152574735
32915206 54426765
32915206 38199449
32915206 25592731
32915206 50633074
32915206 152907920
32915206 152545111
32915206 490443142
32915206 152839683
32915206 152579234
73198488 50633074
110771162 69681850
110771162 152430922
110771162 152955769
110771162 152574735
110771162 38884887
110771162 44754953
110771162 490443142
152955769 152928266
152955769 152920063
152955769 490443164
152955769 152954325
152955769 27954621
152955769 152897154
152955769 69681850
152955769 152574735
152955769 152726093
152955769 152545111
152955769 152913340
152955769 82644668
152955769 152912208
152955769 28662954
152955769 110771162
27954621 58057530
27954621 152904654
27954621 152900260
27954621 121878337
27954621 152919256
27954621 152796269
27954621 16853151
27954621 57650370
27954621 152782875
27954621 152907017
27954621 69681850
27954621 152955769
27954621 210199844
27954621 152574735
27954621 58106858
27954621 128033372
27954621 50633074
27954621 152797864
27954621 152930561
27954621 44754953
490443142 152928266
490443142 152900260
490443142 152907920
490443142 152782793
490443142 152920063
490443142 82644668
490443142 152546203
490443142 152904654
490443142 21124335
490443142 152941574
490443142 82279479
490443142 110771162
490443142 152930734
490443142 152734913
490443142 152545111
490443142 2182529
490443142 38199449
490443142 57650370
490443142 50633074
490443142 152430922
490443142 152486862
490443142 152579234
44754953 28662954
44754953 152734913
44754953 152900260
44754953 152955769
44754953 152546203
44754953 69681850
44754953 152574735
44754953 152545111
44754953 490443164
44754953 50633074
44754953 152928266
44754953 152912208
44754953 38199449
44754953 16278701
44754953 32915206
44754953 152430922
44754953 38884887
44754953 152898782
44754953 110771162
59187659 152934327
59187659 152574735
152897154 38884887
152897154 152932686
152897154 69681850
152897154 152955769
152897154 58106858
152897154 9127976
152730628 152546203
152907920 38884887
152907920 152904654
152907920 152928266
152907920 32915206
152907920 152920063
152907920 152900260
152907920 152430922
152907920 152486862
152907920 82279479
152907920 152930734
152907920 57650370
152907920 152907017
152907920 134215361
152907920 57611980
152907920 69681850
152907920 152546203
152907920 54426765
152907920 58106858
152907920 38199449
152907920 152731503
152907920 2182529
152907920 25592731
152907920 50633074
152907920 152734913
152907920 152797864
152907920 152545111
152907920 152833683
152907920 82644668
152907920 490443142
152907920 152579234
490443164 38884887
490443164 152904654
490443164 16853151
490443164 152603712
490443164 152782793
490443164 152546203
490443164 152574735
490443164 50633074
490443164 152734913
490443164 152797864
490443164 152545111
490443164 44754953
121878337 152928266
121878337 152604180
121878337 27954621
121878337 69681850
121878337 152546203
121878337 152574735
121878337 58106858
121878337 28662954
54426765 152904654
54426765 152928266
54426765 32915206
54426765 152486862
54426765 82279479
54426765 152604180
54426765 152954325
54426765 152693521
54426765 152782793
54426765 69681850
54426765 2182529
54426765 25592731
54426765 50633074
54426765 152907920
54426765 152734913
54426765 152574735
54426765 28662954
54426765 178135435
54426765 152579234
70390288 152928266
70390288 152920063
70390288 490443164
70390288 152430922
70390288 69681850
70390288 152734913
70390288 152545111
70390288 152579234
152782875 27954621
152782875 152782793
152782875 69681850
152782875 152734913
152782875 152545111
152782875 44754953
210238941 57650370
152928266 15963570
152928266 70390288
152928266 152920063
152928266 152900260
152928266 152430922
152928266 82279479
152928266 152930734
152928266 59187659
152928266 152954325
152928266 69681850
152928266 152955769
152928266 152546203
152928266 54426765
152928266 58106858
152928266 38199449
152928266 2182529
152928266 25592731
152928266 152907920
152928266 152734913
152928266 152928919
152928266 152797864
152928266 152545111
152928266 152932541
152928266 152941574
152928266 82644668
152928266 44754953
152928266 490443142
152928266 152579234
44757753 69681850
44757753 25592731
44757753 50633074
44757753 152928919
44757753 152545111
44757753 44754953
134215361 57650370
134215361 152933228
134215361 128033372
134215361 152907920
134215361 44754953
16853151 38884887
16853151 490443164
16853151 152486862
16853151 27954621
16853151 69681850
16853151 152546203
16853151 152574735
16853151 152545111
833865666 152545111
152574735 38884887
152574735 152904654
152574735 15963570
152574735 32915206
152574735 490443164
152574735 152486862
152574735 121878337
152574735 152855078
152574735 152919256
152574735 152604180
152574735 152796269
152574735 16853151
152574735 152930734
152574735 57650370
152574735 152856119
152574735 152603712
152574735 59187659
152574735 27954621
152574735 152907017
152574735 152693521
152574735 152955769
152574735 152733884
152574735 152546203
152574735 210199844
152574735 152933228
152574735 152731503
152574735 25592731
152574735 50633074
152574735 152734913
152574735 54426765
152574735 152545111
152574735 152930561
152574735 82644668
152574735 28662954
152574735 44754953
152574735 110771162
152574735 152839683
152574735 152579234
58057530 27954621
58057530 152693521
58057530 152898782
58057530 152545111
58098833 152928266
58098833 16853151
58098833 152907017
58098833 152782793
58098833 152545111
58098833 152912208
58098833 28662954
50633074 38884887
50633074 152904654
50633074 15963570
50633074 32915206
50633074 152920063
50633074 58098833
50633074 490443164
50633074 152430922
50633074 152486862
50633074 152855078
50633074 152919256
50633074 21124335
50633074 152796269
50633074 152932686
50633074 152930734
50633074 57650370
50633074 152856119
50633074 152603712
50633074 44757753
50633074 59187659
50633074 27954621
50633074 152907017
50633074 152693521
50633074 152782793
50633074 57611980
50633074 152733884
50633074 73198488
50633074 210199844
50633074 152574735
50633074 54426765
50633074 152933228
50633074 38199449
50633074 152731503
50633074 25592731
50633074 152907920
50633074 152734913
50633074 152898782
50633074 152797864
50633074 152545111
50633074 152941574
50633074 152838893
50633074 82644668
50633074 152912208
50633074 28662954
50633074 44754953
50633074 490443142
50633074 152839683
50633074 152579234
152838893 152546203
152838893 69681850
152430922 152928266
152430922 152920063
152430922 152486862
152430922 82279479
152430922 152930734
152430922 152782793
152430922 152733884
152430922 38199449
152430922 25592731
152430922 50633074
152430922 152907920
152430922 152545111
152430922 152932541
152430922 82644668
152430922 44754953
152430922 110771162
152430922 490443142
152430922 152579234
152850099 152486862
152850099 152545111
210199844 57650435
210199844 152604180
210199844 21124335
210199844 57650370
210199844 27954621
210199844 152782793
210199844 57646169
210199844 69681850
210199844 833357546
210199844 152574735
210199844 50633074
210199844 178135435
152919256 490443164
152919256 27954621
152919256 57646169
152919256 152574735
152919256 50633074
152919256 152545111
152913340 69681850
152913340 490443164
152913340 152955769
152913340 152574735
152855078 152486862
152855078 69681850
152855078 152574735
152855078 50633074
152855078 152734913
152855078 152545111
38199449 152928266
38199449 152430922
38199449 152486862
38199449 82279479
38199449 58106858
38199449 25592731
38199449 50633074
38199449 152907920
38199449 152545111
38199449 82644668
178135435 152545111
178135435 152486862
178135435 16278701
178135435 25592731
178135435 69681850
178135435 54426765
178135435 152930561
178135435 152930734
178135435 210199844
178135435 152734913
178135435 152839683
152604180 58098833
152604180 490443164
152604180 152486862
152604180 121878337
152604180 152796269
152604180 69681850
152604180 152546203
152604180 152574735
152604180 152545111
833357546 490443164
833357546 806250814
833357546 210199844
833357546 152545111
152545111 152574735
152545111 152486862
152545111 152955769
152545111 152928266
152545111 58057530
152545111 15963570
152545111 152734913
152545111 50633074
152545111 490443164
152545111 28662954
152545111 490443142
152603712 490443164
152603712 57611980
152603712 152546203
152603712 152574735
152603712 152545111
152932686 15963570
152932686 57650370
152932686 152897154
152932686 152545111
152932686 110771162
128033372 21124335
128033372 57650370
128033372 27954621
128033372 152907017
128033372 134215361
128033372 57646169
128033372 69681850
128033372 152545111
128033372 152930561
152856119 490443164
152856119 152486862
152856119 69681850
152856119 152574735
152856119 50633074
152856119 152734913
152856119 152545111
298837234 38884887
298837234 69681850
298837234 152955769
298837234 152545111
152733884 152430922
152733884 57650370
152733884 152782793
152733884 152574735
152733884 50633074
152733884 152545111
152733884 152930561
152797864 152734913
152797864 152928266
152797864 152907920
152797864 44757753
152797864 2182529
152797864 152546203
152797864 25592731
152797864 50633074
152797864 38199449
152797864 152900260
152797864 152904654
152797864 152855078
152797864 490443164
152797864 152574735
152797864 27954621
152797864 82279479
152797864 152545111
152797864 82644668
152797864 28662954
152797864 110771162
152797864 152579234
152734913 38884887
152734913 152904654
152734913 152928266
152734913 70390288
152734913 152920063
152734913 490443164
152734913 152900260
152734913 82279479
152734913 152855078
152734913 152796269
152734913 152930734
152734913 57650370
152734913 152856119
152734913 152782875
152734913 152782793
152734913 57646169
152734913 69681850
152734913 152546203
152734913 152574735
152734913 54426765
152734913 38199449
152734913 2182529
152734913 25592731
152734913 50633074
152734913 152907920
152734913 152898782
152734913 152797864
152734913 152545111
152734913 82644668
152734913 44754953
152734913 490443142
152734913 152579234
152930734 152928266
152930734 490443164
152930734 152430922
152930734 152486862
152930734 82279479
152930734 57650370
152930734 152545111
152930734 69681850
152930734 152574735
152930734 38199449
152930734 50633074
152930734 152907920
152930734 152734913
152930734 152797864
152930734 82644668
152930734 178135435
152930734 152839683
152930734 490443142
152933228 57650370
152933228 134215361
152933228 69681850
152933228 152546203
152933228 152574735
152933228 50633074
152933228 152839683
82279479 152904654
82279479 152928266
82279479 15963570
82279479 152920063
82279479 490443164
82279479 152900260
82279479 152430922
82279479 152486862
82279479 152855078
82279479 44757753
82279479 152782793
82279479 69681850
82279479 54426765
82279479 38199449
82279479 2182529
82279479 152907920
82279479 152734913
82279479 152545111
82279479 490443142
