38996152 34199870
45161790 421485951
45161790 833331865
45161790 295336263
45161790 23926324
45161790 57648628
45161790 316536857
45161790 54285761
45161790 58024780
45161790 36706902
45161790 14883450
45161790 34199870
45161790 833297606
36732765 57648628
58293208 362982185
58293208 57648628
58293208 16523641
58293208 144694092
58293208 57609830
833297606 58001200
833297606 64664580
833297606 57648628
833297606 2634374
833297606 176741194
833297606 45161790
833297606 36706902
833297606 58292255
833297606 34199870
152572799 4508477
152572799 57648628
175164011 4508477
175164011 57648628
152714815 57648628
36706902 45161890
36706902 58001200
36706902 144694092
36706902 833331865
36706902 45161843
36706902 37604801
36706902 45161790
36706902 23926324
36706902 316536857
36706902 421485951
36706902 39795715
36706902 295336263
36706902 38923011
36706902 57648628
36706902 833297606
478641559 527727812
478641559 57648628
806241562 319388144
362982185 58293208
362982185 16523641
45161890 421464976
45161890 38923011
45161890 37604801
45161890 57648628
45161890 45161843
45161890 14883450
45161890 34199870
45161890 36706902
45161890 54285761
38463131 295336263
38463131 58001200
38463131 64664580
38463131 57648628
38463131 16523641
38463131 35338465
38463131 58024780
81378230 22688844
527727812 478641559
580875101 205885135
580875101 57648628
421502190 385833694
421502190 57648628
21991668 57648628
21991668 162461110
21991668 64664580
21991668 23926324
21991668 16523641
21991668 421464976
21991668 368532542
21991668 316536857
21991668 58253751
21991668 34199870
368532542 57648628
22688844 57648628
22688844 2634374
38493399 57648628
58292255 39795715
58292255 833297606
34199870 35338465
34199870 58001200
34199870 58292255
34199870 58024780
34199870 38996152
34199870 45161890
34199870 57648628
34199870 421464976
34199870 21991668
138239945 57648628
54285761 22688844
54285761 144694092
54285761 45161890
54285761 57648628
54285761 58024780
54285761 176741194
54285761 36706902
421464976 319388144
421464976 21991668
421464976 176741194
421464976 45161890
421464976 316536857
64664580 57648628
64664580 16523641
64664580 316536857
64664580 58253751
58253751 57648628
58253751 64664580
58253751 21991668
58253751 162461110
58253751 16523641
319388144 806241562
319388144 421464976
319388144 97965762
319388144 316536857
58001200 295336263
58001200 38923011
58001200 57648628
58001200 14883450
58001200 176741194
58001200 36706902
152882248 38996152
38923011 37604801
38923011 23926324
38923011 58001200
38923011 144694092
38923011 57648628
38923011 45161890
38923011 36706902
144694092 38923011
144694092 39795715
144694092 127204050
144694092 37604801
144694092 295336263
144694092 205885135
144694092 57648628
144694092 16523641
144694092 368532542
144694092 58024780
144694092 36706902
144694092 58293208
144694092 14883450
638099087 57648628
97965762 319388144
97965762 700627551
97965762 144694092
97965762 57648628
97965762 16523641
97965762 368532542
4508477 175164011
4508477 152572799
4508477 205885135
4508477 57648628
316536857 21991668
316536857 34199870
316536857 57648628
316536857 833331865
316536857 16523641
316536857 45161790
316536857 64664580
316536857 11846884
316536857 319388144
316536857 58280256
316536857 295336263
316536857 162461110
316536857 421464976
316536857 123056604
316536857 36706902
316536857 14883450
23926324 421485951
23926324 45161790
23926324 37604801
23926324 38923011
23926324 205885135
23926324 57648628
23926324 21991668
23926324 36706902
123056604 16523641
123056604 316536857
123056604 57648628
39795715 58292255
39795715 144694092
39795715 36706902
39795715 57648628
421496881 58001200
421496881 37604801
58024780 38463131
58024780 144694092
58024780 11846884
58024780 54285761
58024780 35338465
58024780 14883450
58024780 34199870
58024780 176741194
269372029 22688844
14883450 316536857
14883450 58001200
14883450 45161890
14883450 11846884
14883450 57648628
700627551 2634374
700627551 57648628
37604801 23926324
37604801 421496881
37604801 38923011
37604801 144694092
37604801 57648628
37604801 45161890
37604801 36706902
295336263 58001200
295336263 57648628
295336263 316536857
833331865 45161790
833331865 58015960
833331865 57648628
833331865 36706902
833331865 316536857
58015960 833331865
58015960 57648628
57648628 39795715
57648628 16211609
57648628 23926324
57648628 175164011
57648628 37604801
57648628 478641559
57648628 152572799
57648628 38923011
57648628 295336263
57648628 298856591
57648628 700627551
57648628 58001200
57648628 36732765
57648628 64664580
57648628 152714815
57648628 580875101
57648628 217126810
57648628 421502190
57648628 4508477
57648628 138239945
57648628 421464976
57648628 368532542
57648628 45161890
57648628 638099087
57648628 2634374
57648628 123056604
57648628 58253751
57648628 36706902
57648628 176741194
57648628 58293208
57648628 25373951
57648628 14883450
57648628 385833694
421485951 295336263
421485951 23926324
421485951 45161790
421485951 57648628
421485951 176741194
421485951 36706902
346792431 236064537
346792431 176741194
147659774 319388144
16211609 57648628
58280256 362982185
58280256 57648628
58280256 316536857
421479878 64664580
421479878 57648628
25373951 64664580
25373951 16523641
25373951 57648628
25373951 385833694
35338465 57648628
35338465 16523641
35338465 58024780
35338465 34199870
317757086 25373951
210223567 57648628
162461110 16523641
162461110 21991668
162461110 58253751
236064537 346792431
205885135 144694092
205885135 4508477
205885135 23926324
205885135 580875101
205885135 295336263
205885135 176741194
205885135 36706902
45161843 14883450
45161843 36706902
45161843 45161890
130379497 57648628
2634374 700627551
2634374 57648628
2634374 21991668
2634374 833297606
11846884 57648628
11846884 316536857
11846884 58024780
11846884 14883450
16523641 57648628
16523641 162461110
16523641 362982185
16523641 421464976
16523641 64664580
16523641 35338465
16523641 38463131
16523641 11846884
16523641 21991668
16523641 123056604
16523641 58253751
16523641 58293208
16523641 25373951
298856591 57648628
58528724 22688844
217126810 57648628
300328411 14883450
176741194 58001200
176741194 205885135
176741194 58024780
176741194 421464976
176741194 57648628
176741194 346792431
176741194 54285761
176741194 421485951
176741194 833297606
176741194 14883450
57609830 58293208
57609830 57648628
385833694 57648628
385833694 421502190
