579256354 129776261
579256354 216078050
144552578 129776261
215864105 129776261
449823152 129776261
449823152 34064154
19057177 129776261
57461487 129776261
578938493 159769900
578938493 129776261
260509847 24175885
260509847 159769900
260509847 129776261
212914304 129776261
159769900 16617003
159769900 578938493
159769900 260509847
159769900 129776261
129776261 24175885
129776261 144814750
129776261 165157143
129776261 16617003
129776261 424518007
129776261 371474161
129776261 144552578
129776261 546375005
129776261 216078050
129776261 224237470
129776261 21674550
129776261 201138356
129776261 159769900
129776261 144529750
129776261 50628001
129776261 449823152
129776261 578938493
129776261 82713411
129776261 456858548
129776261 579256354
129776261 201146513
129776261 212509989
129776261 329451076
129776261 68308228
129776261 160306021
129776261 159867151
129776261 383720925
129776261 321765365
129776261 833328113
129776261 212914304
129776261 29512404
129776261 19057177
129776261 215864105
129776261 140955928
129776261 34064154
129776261 154950462
129776261 57461487
129776261 25220857
321765365 129776261
321765365 424518007
201138356 129776261
201138356 833328113
201138356 144814750
16617003 424518007
16617003 371474161
16617003 159769900
16617003 129776261
29512404 129776261
329451076 129776261
424518007 16617003
424518007 129776261
424518007 321765365
456858548 129776261
82713411 216078050
82713411 34064154
82713411 129776261
24175885 216078050
24175885 129776261
24175885 260509847
833328113 201138356
833328113 129776261
165157143 129776261
224237470 129776261
25220857 129776261
25220857 21674550
216078050 24175885
216078050 144814750
216078050 578938493
216078050 82713411
216078050 579256354
216078050 215864105
216078050 129776261
546375005 129776261
68308228 129776261
159867151 129776261
144814750 129776261
144814750 201138356
212509989 129776261
160306021 129776261
34064154 449823152
34064154 82713411
34064154 129776261
50628001 129776261
21674550 129776261
21674550 25220857
371474161 129776261
371474161 16617003
201146513 129776261
140955928 129776261
154950462 129776261
144529750 129776261
383720925 129776261
