92885267 132477033
73766944 61532036
265264313 138623602
71313262 60896757
71313262 86103542
71313262 61532036
12653711 61532036
28363931 61532036
60896757 61532036
60896757 71313262
134312270 28363931
134312270 61532036
139194232 52493715
199824115 61532036
76169596 28363931
138623602 64958133
138623602 27416970
138623602 98445960
31072338 28363931
31072338 61532036
137632862 61532036
61753180 67731273
61753180 61532036
302297037 61532036
27416970 64958133
27416970 98445960
27416970 138623602
8329367 28363931
8329367 61532036
18730403 28363931
64958133 138623602
64958133 98445960
64958133 27416970
29822959 28363931
86103542 71313262
8351597 28363931
60132310 61532036
60132310 96978253
213236530 61532036
61532036 83515114
61532036 163812964
61532036 28363931
55238338 61532036
11399781 52493715
11399781 61532036
21038408 28363931
21038408 83515114
21038408 61532036
702390900 64958133
702390900 67349425
702390900 98445960
702390900 665902177
10163438 14502216
14502216 67731273
67731273 64958133
67731273 61753180
67731273 27416970
67731273 14502216
67731273 98445960
67731273 23322496
96978253 60132310
756788561 61532036
134189622 61532036
127568113 36393879
73396812 28363931
52075135 61532036
836613224 61532036
230926775 61532036
836613861 61532036
98445960 67731273
98445960 138623602
98445960 27416970
98445960 61532036
98445960 702390900
98445960 64958133
54296815 28363931
54296815 61532036
45541232 67731273
45541232 64958133
45541232 138623602
45541232 61753180
82496136 64958133
82496136 61532036
67349425 702390900
85230966 28363931
85230966 61532036
163812964 61532036
232615915 61532036
83515114 28363931
83515114 21038408
83515114 61532036
836612105 61532036
52493715 11399781
836614804 61532036
