90892514 98847895
7158977 12182295
24486399 49349764
6273337 98847895
6273337 129871361
6273337 127970363
6273337 127841488
38678514 37915919
75781183 98847895
127841488 139847055
127841488 508063837
127841488 6273337
127841488 13010647
127841488 98847895
127841488 38678514
127841488 158012821
127841488 6666430
127841488 252891550
127841488 35450759
127841488 11864470
127841488 8829943
127841488 127970363
127841488 79035197
127841488 188099897
127841488 6758397
127841488 24486399
127841488 38915882
127841488 88558999
127841488 75648559
127841488 129871361
127841488 42336536
127841488 12182295
127841488 37722579
127841488 149439292
127841488 37915919
127841488 49349764
6666430 98847895
6666430 127841488
6666430 35450759
6666430 127970363
6666430 38915882
6666430 49349764
158012821 98847895
158012821 127841488
158012821 127970363
37915919 38678514
37915919 127841488
37915919 35450759
37915919 38915882
37915919 42336536
37915919 12182295
137485783 98847895
137485783 38678514
137485783 127841488
137485783 35450759
137485783 37915919
137485783 88558999
149439292 98847895
149439292 188099897
35450759 414172014
35450759 98847895
35450759 443893039
35450759 6666430
35450759 127841488
35450759 137485783
35450759 8829943
35450759 127970363
35450759 188099897
35450759 13084277
35450759 38915882
35450759 525006724
35450759 42336536
35450759 37722579
35450759 37915919
98847895 127841488
98847895 127970363
98847895 129871361
75648559 508063837
75648559 127841488
75648559 12182295
6758397 98847895
6758397 127841488
13084277 98847895
13084277 35450759
13084277 49349764
37722579 98847895
37722579 127841488
37722579 35450759
129871361 98847895
129871361 127841488
129871361 12182295
88558999 98847895
88558999 38678514
88558999 38915882
525006724 98847895
525006724 127841488
525006724 35450759
73571873 12182295
79035197 38915882
79035197 12182295
38915882 13010647
38915882 98847895
38915882 149440138
38915882 127841488
38915882 127484461
38915882 35450759
38915882 8829943
38915882 127970363
38915882 88558999
38915882 12182295
38915882 37915919
127970363 98847895
42336536 98847895
42336536 127841488
42336536 35450759
42336536 127970363
42336536 24486399
42336536 37915919
96564326 98847895
443893039 98847895
443893039 35450759
443893039 127970363
11864470 98847895
11864470 38678514
11864470 88558999
149440138 98847895
149440138 38915882
149440138 12182295
12182295 98847895
12182295 38915882
12182295 129871361
12182295 37915919
8829943 98847895
8829943 127841488
8829943 35450759
8829943 38915882
8829943 37915919
127484461 38915882
414172014 98847895
414172014 127841488
414172014 35450759
188099897 98847895
188099897 127841488
188099897 35450759
188099897 38915882
188099897 37915919
13010647 98847895
13010647 38678514
13010647 127841488
13010647 37915919
13010647 38915882
262259923 98847895
