161148749 127166025
581231878 57646010
581231878 127166025
581231878 152574338
581231878 57644885
581231878 57645870
581231878 31415083
581231878 57651661
152669179 127166025
152669179 31415083
689223316 127166025
57645480 127166025
57645480 12937256
57645480 152885704
57645480 57644885
57645480 57645870
57645480 31415083
57645480 57646010
57645480 207069988
57645480 33127612
57645480 32088013
57645480 57607183
29629099 57646010
29629099 127166025
152574338 127166025
152574338 57645870
152574338 31415083
152574338 581231878
54316162 127166025
481033950 127166025
57646010 50653123
57646010 152660333
57646010 58158539
57646010 152577125
57646010 33127612
57646010 14938437
57646010 58149971
57646010 29629099
57646010 58079507
57646010 40195209
57646010 152688708
57646010 127166025
57646010 84207031
57646010 207069988
57646010 66986517
57646010 152937438
57646010 5405439
57646010 57644885
57646010 57645870
57646010 155852510
57646010 57646313
57646010 210266690
57646010 57652390
57646010 152885704
57646010 31415083
57646010 230926775
57646010 114338115
57646010 581231878
57646010 152921384
57646010 57651661
57646010 57645480
57646010 152500687
57646010 32088013
57646010 57607183
65508600 127166025
152921384 57646010
152921384 127166025
152921384 57644885
152921384 57645870
581737078 127166025
215711833 127166025
152500687 580956546
152500687 57646010
152500687 58079507
152500687 127166025
833363394 127166025
58158539 57646010
58158539 127166025
58079507 57646010
58079507 57644885
58079507 127166025
58079507 31415083
58079507 152500687
728466451 31415083
728466451 127166025
85054200 127166025
40195209 57646010
40195209 66986517
581545349 127166025
58149971 21109204
58149971 127166025
58149971 31415083
152677419 127166025
152677419 44754932
580956546 834303624
580956546 127166025
580956546 57645870
580956546 152500687
32088013 5405439
32088013 47694073
32088013 57646010
32088013 127166025
32088013 57644885
32088013 57645480
32088013 57645870
32088013 31415083
32088013 152660333
32088013 66986517
32088013 560329487
152688708 57646010
152688708 127166025
152688708 31415083
14938437 57646010
14938437 127166025
152891939 127166025
84207031 57646010
84207031 127166025
833865595 127166025
152937438 57646010
152937438 127166025
155852510 57646010
155852510 152817700
155852510 127166025
57646313 57646010
57646313 5405439
57646313 57644885
57646313 12284870
57646313 127166025
57646313 57645870
57646313 57651661
634097798 127166025
124768015 127166025
57607183 127166025
57607183 57646010
57607183 57645480
536276008 127166025
536276008 31415083
298858991 127166025
66986517 21109204
66986517 33127612
66986517 57646010
66986517 54316162
66986517 40195209
66986517 127166025
66986517 5405439
66986517 57645870
66986517 31415083
66986517 114338115
66986517 57645480
66986517 32088013
155851493 127166025
113610094 127166025
10561330 127166025
57652390 57646010
57652390 5405439
57652390 127166025
57652390 152885704
57652390 31415083
114060032 127166025
50653123 57646010
581704724 127166025
138188584 127166025
57651661 31415083
57651661 57644885
57651661 57646313
57651661 127166025
57651661 57645870
57651661 57646010
57651661 152577125
57651661 581231878
33127612 57646010
33127612 66986517
33127612 127166025
33127612 31415083
33127612 57645480
834303624 127166025
834303624 580956546
834303624 31415083
5405439 21109204
5405439 57646010
5405439 127166025
5405439 47694073
5405439 66986517
5405439 57646313
5405439 57652390
5405439 31415083
5405439 57651661
5405439 32088013
31415083 152577125
31415083 57646010
31415083 834303624
31415083 58149971
31415083 728466451
31415083 536276008
31415083 152688708
31415083 152669179
31415083 66986517
31415083 152574338
31415083 5405439
31415083 57644885
31415083 581231878
31415083 58079507
31415083 33127612
31415083 127166025
31415083 152885704
31415083 57645870
31415083 57651661
31415083 32088013
207069988 127166025
152885704 152660333
152885704 57646010
152885704 57652390
152885704 127166025
152885704 31415083
152885704 57645480
12284870 127166025
44754932 152677419
44754932 127166025
230926775 57646010
230926775 127166025
836614615 127166025
581088733 127166025
57644885 57646010
57644885 58079507
57644885 127166025
57644885 57645870
57644885 57646313
57644885 31415083
57644885 581231878
57644885 152921384
57644885 57651661
57644885 57645480
57644885 58369832
57644885 32088013
57610406 127166025
152817700 127166025
152817700 155852510
152660333 57646010
152660333 127166025
152660333 57645870
152660333 152885704
152660333 32088013
58369832 127166025
58369832 57644885
181243279 127166025
181243279 57645870
12937256 127166025
12937256 5405439
12937256 57645480
152575579 127166025
152582299 127166025
21109204 127166025
21109204 66986517
21109204 5405439
210266690 57646010
210266690 127166025
298835010 127166025
47694073 127166025
47694073 5405439
47694073 57644885
47694073 57646313
47694073 32088013
560329487 127166025
560329487 57645870
560329487 32088013
57645870 152660333
57645870 152577125
57645870 57646010
57645870 181243279
57645870 66986517
57645870 152574338
57645870 560329487
57645870 57644885
57645870 580956546
57645870 581231878
57645870 152921384
57645870 57646313
57645870 127166025
57645870 31415083
57645870 57651661
57645870 57645480
57645870 32088013
152577125 152660333
152577125 57646010
152577125 58079507
152577125 127166025
152577125 57645870
152577125 31415083
152577125 57651661
582226110 127166025
114338115 57646010
114338115 66986517
114338115 127166025
