73481617 67628097
73481617 57588039
73481617 69681850
73481617 155862398
73481617 97088726
73481617 57645054
73481617 57847381
73481617 152937221
73481617 57643889
73481617 80355520
73481617 57847231
73481617 19254585
73481617 145458588
73481617 490443155
152566454 152800376
152566454 69681850
48682976 57645054
48682976 57588039
48682976 69681850
48682976 75064842
48682976 145458588
48682976 152733508
48682976 57647406
48682976 67628097
48682976 57643889
48682976 155862398
48682976 490443155
48682976 152731531
48682976 80355520
48682976 57847231
48682976 298831541
48682976 152927936
48682976 110771162
152728716 57647921
152728716 69681850
152728716 57847231
152701456 490443164
152701456 80355520
69681850 75064842
69681850 152800216
69681850 152939322
69681850 155862398
69681850 97088726
69681850 155859209
69681850 152724516
69681850 152927827
69681850 57645054
69681850 152920495
69681850 152937221
69681850 57643889
69681850 639051883
69681850 152889329
69681850 57847231
69681850 19254585
69681850 73481617
69681850 152731531
69681850 234712693
69681850 67628097
69681850 152931722
69681850 297861349
69681850 152602339
69681850 57647406
69681850 49062449
69681850 57588039
69681850 145458588
69681850 152566454
69681850 152733508
69681850 57647921
69681850 152515858
69681850 33741427
69681850 490443155
69681850 152921687
69681850 58291633
69681850 48682976
69681850 152728716
69681850 106984563
69681850 152927936
69681850 110771162
152800216 67628097
152800216 152931722
152800216 57588039
152800216 69681850
152800216 155862398
152800216 97088726
152800216 152515858
152800216 57847381
152800216 152937221
152800216 297861349
152800216 57847231
152800216 19254585
152800216 57647921
152800216 152927936
152800216 110771162
58291633 69681850
97088726 67628097
97088726 33741427
97088726 57588039
97088726 75064842
97088726 69681850
97088726 152800216
97088726 152939322
97088726 302416979
97088726 155862398
97088726 57645054
97088726 490443164
97088726 57847381
97088726 152920495
97088726 57643889
97088726 152921687
97088726 297861349
97088726 152889329
97088726 80355520
97088726 57847231
97088726 67595076
97088726 19254585
97088726 73481617
97088726 57647921
97088726 152731531
97088726 110771162
152927936 152800216
152927936 298831541
152927936 155862398
152927936 69681850
152927936 48682976
152927936 57647921
152927936 490443164
152927936 145458588
57645054 67628097
57645054 57588039
57645054 69681850
57645054 152733508
57645054 152602339
57645054 155862398
57645054 155859209
57645054 57847381
57645054 152920495
57645054 152937221
57645054 57643889
57645054 80355520
57645054 57847231
57645054 19254585
57645054 73481617
57645054 490443155
57645054 57647921
57645054 48682976
57645054 110771162
302416979 57588039
302416979 97088726
302416979 57847231
152800376 145458588
145458588 155862398
145458588 57847381
145458588 152937221
145458588 57643889
145458588 57847231
145458588 19254585
145458588 73481617
145458588 490443155
145458588 67628097
145458588 152602339
145458588 57647406
145458588 490443164
145458588 80355520
145458588 69681850
145458588 152733508
145458588 57647921
145458588 48682976
145458588 298831541
145458588 152927936
145458588 110771162
80355520 152701456
80355520 155862398
80355520 97088726
80355520 155859209
80355520 152927827
80355520 57645054
80355520 57847381
80355520 152920495
80355520 152937221
80355520 57643889
80355520 57847231
80355520 19254585
80355520 73481617
80355520 67628097
80355520 297861349
80355520 57647406
80355520 145458588
80355520 57647921
80355520 152515858
80355520 490443164
80355520 490443155
80355520 152921687
80355520 48682976
80355520 110771162
155859209 69681850
155859209 155862398
155859209 57645054
155859209 57847381
155859209 152937221
155859209 80355520
155859209 57847231
155859209 19254585
155859209 73481617
155859209 57647921
297861349 152800216
297861349 97088726
297861349 57847231
297861349 152515858
297861349 80355520
297861349 69681850
297861349 298831541
57847231 67628097
57847231 49062449
57847231 57588039
57847231 69681850
57847231 152733508
57847231 152800216
57847231 152602339
57847231 57647406
57847231 302416979
57847231 155862398
57847231 97088726
57847231 155859209
57847231 152515858
57847231 57645054
57847231 57847381
57847231 152920495
57847231 152937221
57847231 57643889
57847231 152921687
57847231 297861349
57847231 152889329
57847231 80355520
57847231 67595076
57847231 19254585
57847231 73481617
57847231 145458588
57847231 490443155
57847231 57647921
57847231 48682976
57847231 298831541
57847231 152728716
57847231 106984563
57847231 110771162
57647406 155862398
57647406 57847381
57647406 152920495
57647406 57847231
57647406 490443155
57647406 67628097
57647406 490443164
57647406 80355520
57647406 145458588
57647406 69681850
57647406 152733508
57647406 57647921
57647406 48682976
57647406 298831541
110771162 57847231
110771162 298831541
110771162 69681850
110771162 48682976
110771162 155862398
110771162 57588039
110771162 152800216
110771162 57643889
110771162 97088726
110771162 57647921
110771162 145458588
110771162 80355520
110771162 152920495
110771162 67628097
152602339 155862398
152602339 57645054
152602339 57847381
152602339 57643889
152602339 57847231
152602339 67628097
152602339 57588039
152602339 145458588
152602339 69681850
152602339 57647921
152602339 298831541
152602339 110771162
490443164 155862398
490443164 97088726
490443164 57847381
490443164 67628097
490443164 57647406
490443164 145458588
490443164 152733508
490443164 57647921
490443164 80355520
490443164 298831541
152920495 67628097
152920495 57588039
152920495 69681850
152920495 57647406
152920495 155862398
152920495 97088726
152920495 152515858
152920495 57645054
152920495 490443164
152920495 57847381
152920495 57643889
152920495 152921687
152920495 80355520
152920495 57847231
152920495 19254585
152920495 490443155
152920495 57647921
152920495 234712693
152920495 110771162
639051883 57588039
639051883 69681850
639051883 298831541
234712693 57588039
234712693 69681850
234712693 155862398
152939322 69681850
152939322 97088726
19254585 67628097
19254585 57588039
19254585 69681850
19254585 152800216
19254585 155862398
19254585 97088726
19254585 152515858
19254585 57645054
19254585 57847381
19254585 152920495
19254585 152937221
19254585 57643889
19254585 152921687
19254585 80355520
19254585 57847231
19254585 67595076
19254585 73481617
19254585 57647921
152937221 67628097
152937221 57588039
152937221 69681850
152937221 152800216
152937221 155862398
152937221 152515858
152937221 57645054
152937221 57847381
152937221 57643889
152937221 152921687
152937221 80355520
152937221 57847231
152937221 19254585
152937221 73481617
152937221 145458588
152937221 490443155
152937221 57647921
49062449 57847231
49062449 69681850
49062449 298831541
490443155 67628097
490443155 57588039
490443155 57647406
490443155 152939322
490443155 155862398
490443155 57645054
490443155 57847381
490443155 152920495
490443155 152937221
490443155 57643889
490443155 57847231
490443155 19254585
490443155 73481617
490443155 145458588
490443155 57647921
490443155 80355520
490443155 69681850
490443155 152921687
490443155 48682976
490443155 298831541
152724516 69681850
106984563 57847381
106984563 57847231
106984563 69681850
106984563 57643889
75064842 57588039
75064842 69681850
75064842 155862398
75064842 97088726
75064842 490443164
75064842 57847381
75064842 57647921
75064842 48682976
75064842 298831541
57643889 67628097
57643889 57588039
57643889 69681850
57643889 152800216
57643889 152602339
57643889 152939322
57643889 155862398
57643889 97088726
57643889 57645054
57643889 490443164
57643889 57847381
57643889 152920495
57643889 152937221
57643889 152921687
57643889 80355520
57643889 57847231
57643889 67595076
57643889 19254585
57643889 73481617
57643889 145458588
57643889 490443155
57643889 57647921
57643889 48682976
57643889 106984563
57643889 110771162
298831541 490443164
298831541 145458588
298831541 19254585
298831541 57847231
298831541 67628097
298831541 75064842
298831541 152731531
298831541 152515858
298831541 639051883
298831541 152939322
298831541 48682976
298831541 57647406
298831541 152733508
298831541 297861349
298831541 490443155
298831541 152921687
298831541 155862398
298831541 152927936
298831541 110771162
152931722 69681850
152731531 57588039
152731531 69681850
152731531 97088726
152731531 490443164
152731531 57847381
152731531 57647921
152731531 48682976
152731531 298831541
67628097 152800216
67628097 155862398
67628097 97088726
67628097 57645054
67628097 57847381
67628097 152920495
67628097 152937221
67628097 57643889
67628097 639051883
67628097 57847231
67628097 19254585
67628097 73481617
67628097 490443155
67628097 152602339
67628097 57647406
67628097 490443164
67628097 33741427
67628097 80355520
67628097 57588039
67628097 145458588
67628097 69681850
67628097 57647921
67628097 152921687
67628097 48682976
67628097 298831541
67628097 110771162
67595076 97088726
67595076 57847381
67595076 57643889
67595076 57847231
67595076 19254585
67595076 57588039
152889329 69681850
152889329 97088726
152889329 57847231
152889329 145458588
152889329 298831541
155862398 67628097
155862398 57588039
155862398 75064842
155862398 69681850
155862398 152733508
155862398 152800216
155862398 152602339
155862398 57647406
155862398 97088726
155862398 155859209
155862398 152515858
155862398 57645054
155862398 57847381
155862398 152920495
155862398 152937221
155862398 57643889
155862398 152921687
155862398 80355520
155862398 57847231
155862398 19254585
155862398 73481617
155862398 145458588
155862398 490443155
155862398 57647921
155862398 234712693
155862398 48682976
155862398 298831541
155862398 152927936
155862398 110771162
152927827 33741427
152927827 69681850
152927827 80355520
57588039 75064842
57588039 152800216
57588039 302416979
57588039 155862398
57588039 97088726
57588039 57645054
57588039 57847381
57588039 152920495
57588039 152937221
57588039 57643889
57588039 639051883
57588039 57847231
57588039 19254585
57588039 73481617
57588039 490443155
57588039 152731531
57588039 234712693
57588039 67628097
57588039 152515858
57588039 152602339
57588039 33741427
57588039 67595076
57588039 69681850
57588039 57647921
57588039 152921687
57588039 48682976
57588039 110771162
33741427 97088726
33741427 152927827
33741427 67628097
33741427 57588039
33741427 57647921
33741427 69681850
57847381 67628097
57847381 57588039
57847381 75064842
57847381 152733508
57847381 152800216
57847381 152602339
57847381 57647406
57847381 155862398
57847381 97088726
57847381 152515858
57847381 57645054
57847381 490443164
57847381 152920495
57847381 152937221
57847381 57643889
57847381 152921687
57847381 80355520
57847381 57847231
57847381 67595076
57847381 19254585
57847381 73481617
57847381 145458588
57847381 490443155
57847381 57647921
57847381 152731531
57847381 106984563
152733508 155862398
152733508 57847231
152733508 57647406
152733508 490443164
152733508 145458588
152733508 69681850
152733508 57647921
152733508 152800376
152733508 48682976
152733508 298831541
152733508 110771162
152515858 152800216
152515858 155862398
152515858 57847381
152515858 152920495
152515858 152937221
152515858 57847231
152515858 19254585
152515858 297861349
152515858 57588039
152515858 57647921
152515858 80355520
152515858 69681850
152515858 152921687
152515858 298831541
152515858 110771162
152921687 155862398
152921687 97088726
152921687 57847381
152921687 152920495
152921687 152937221
152921687 57643889
152921687 57847231
152921687 19254585
152921687 67628097
152921687 57588039
152921687 57647921
152921687 152515858
152921687 80355520
152921687 490443155
152921687 69681850
152921687 298831541
57647921 75064842
57647921 152800216
57647921 155862398
57647921 97088726
57647921 155859209
57647921 57645054
57647921 57847381
57647921 152920495
57647921 152937221
57647921 57643889
57647921 57847231
57647921 19254585
57647921 490443155
57647921 152731531
57647921 67628097
57647921 152515858
57647921 57647406
57647921 490443164
57647921 33741427
57647921 80355520
57647921 57588039
57647921 145458588
57647921 69681850
57647921 152733508
57647921 152921687
57647921 110771162
