155831288 30841064
599710495 30841064
582163724 30841064
582839463 30841064
14324719 30841064
291763128 30841064
141707642 30841064
36334508 30841064
41940960 30841064
84928088 30841064
42225554 59039871
39061725 9094815
39061725 30841064
17477740 141707642
17477740 30841064
155822170 30841064
124305222 30841064
54254291 36334508
55858736 556609760
55858736 30841064
55858736 578961868
32726566 30841064
40456954 30841064
11630343 30841064
12773544 30841064
210989945 30841064
34528944 30841064
18235368 30841064
154834106 30841064
357609192 30841064
9192060 30841064
9094815 30841064
556609760 30841064
28547916 30841064
71590914 556609760
44990387 556609760
44990387 30841064
55045382 556609760
30246946 30841064
961270 59039871
50861087 30841064
56973428 130319174
56973428 30841064
267683842 36334508
31434519 30841064
163885806 30841064
54302861 30841064
13156190 30841064
152729754 30841064
232664032 30841064
58093695 30841064
103087635 30841064
97271708 30841064
44886588 578961868
44886588 30841064
130319174 30841064
166700797 30841064
599321595 30841064
5876044 30841064
240297380 540807174
79437394 30841064
131624677 30841064
578961868 599654999
40472952 30841064
59039871 42225554
59039871 961270
59039871 30841064
540807174 30841064
599654999 30841064
120094592 30841064
21983516 30841064
132949427 30841064
130228528 30841064
17368392 30841064
72204705 30841064
62288169 30841064
54612323 30841064
24828278 30841064
72474877 30841064
