38054162 561803610
38054162 421501820
37232765 154958608
37232765 561803610
37232765 401160190
37232765 421501820
421501820 561803610
421501820 401160190
421501820 37232765
421501820 38054162
421501820 833305244
421501820 23300100
833305244 561803610
833305244 37232765
833305244 421501820
401160190 38054162
401160190 37232765
401160190 561803610
401160190 421501820
561803610 38054162
561803610 37232765
561803610 401160190
561803610 421501820
154958608 561803610
154958608 37232765
154958608 421501820
