21663166 39143812
21663166 133255228
166697285 39143812
38535683 127367879
38535683 39143812
128685037 39143812
81377061 54372165
81377061 52027425
81377061 127367879
81377061 14729485
81377061 39143812
81377061 49501333
81377061 73918546
57167984 39143812
33873390 39143812
155615828 127367879
155615828 39143812
73344423 54372165
73344423 127367879
73344423 72059330
73344423 39143812
73344423 49501333
73344423 73918546
135310089 56841180
135310089 49501333
135310089 39190332
194605518 39143812
208385806 54372165
208385806 81377061
208385806 39190332
208385806 49501333
208385806 39143812
17180835 82651980
17180835 39143812
17180835 158140231
132532676 39143812
54386136 39143812
31596638 4633692
344419605 39143812
148043807 39143812
82651980 54372165
82651980 39143812
82651980 49501333
82651980 301980314
82651980 17180835
184619024 39143812
241652840 39143812
158140231 54372165
158140231 17180835
158140231 49501333
49501333 127367879
49501333 39143812
49501333 701208492
57456474 39143812
19879202 99572455
19879202 39143812
169549880 39143812
16867402 127367879
16867402 39143812
45373842 49501333
29326652 39143812
132230597 127367879
132230597 39143812
99572455 19879202
701208492 49501333
54431044 39143812
54372165 638008796
54372165 73344423
54372165 733977355
54372165 57471312
54372165 52027425
54372165 127367879
54372165 81377061
54372165 14729485
54372165 72059330
54372165 82651980
54372165 39143812
54372165 158140231
54372165 49501333
54372165 12890818
54372165 147872868
54372165 301980314
54372165 73918546
54372165 129406022
21568510 39143812
21568510 301980314
19640333 127367879
56841180 135310089
56841180 39190332
241782386 39143812
55046584 4633692
319930595 39143812
54436503 39143812
89065438 39143812
56921089 39143812
147872868 54372165
147872868 39143812
147872868 49501333
147872868 301980314
4633692 39143812
836610487 301870448
127367879 39143812
127367879 49501333
733977355 301870448
733977355 54372165
733977355 39143812
301870448 733977355
301870448 39143812
39190332 56841180
39190332 127367879
39190332 135310089
39190332 39143812
663272846 39143812
299555762 39143812
148027643 39143812
28510187 27976262
28510187 39143812
686439145 39143812
638008796 49501333
638008796 39143812
638008796 52027425
638008796 54372165
27976262 28510187
27976262 24673838
12890818 39143812
12890818 49501333
563447685 39143812
14729485 54372165
14729485 39143812
14729485 301980314
5580048 49501333
5580048 39143812
133255228 39143812
73918546 73344423
73918546 39143812
73918546 49501333
2633665 127367879
2633665 39143812
695784894 39143812
57471312 54372165
57471312 39143812
39143812 663272846
39143812 57191165
39143812 28510187
39143812 733977355
39143812 301870448
39143812 695784894
39143812 38535683
39143812 344419605
39143812 54372165
39143812 241782386
39143812 52027425
39143812 127367879
39143812 81377061
39143812 155615828
39143812 179767250
39143812 39190332
39143812 128685037
39143812 19879202
39143812 133255228
39143812 351056777
39143812 49501333
39143812 21663166
39143812 12890818
39143812 147872868
39143812 301980314
39143812 73918546
39143812 129406022
52027425 54372165
52027425 72059330
52027425 39143812
52027425 301980314
56412225 39143812
54381356 39143812
37701836 39143812
72059330 54372165
72059330 52027425
72059330 301980314
57191165 39143812
179767250 39143812
24673838 27976262
136072207 39143812
301980314 54372165
301980314 52027425
301980314 14729485
301980314 72059330
301980314 82651980
301980314 39143812
301980314 21568510
301980314 147872868
301980314 73918546
301980314 29326652
91235269 39143812
84193376 39143812
52062953 39190332
33579151 39143812
351056777 39143812
21798886 39143812
51796815 39143812
7355588 39143812
129406022 49501333
129406022 39143812
129406022 54372165
49063648 39143812
