581243647 57646698
152889223 130374394
130374394 127429872
152728782 37393741
152937308 127429872
58159429 130374394
58159429 172468366
172468366 58159429
58007107 130374394
58007107 127429872
8101267 52224578
57411349 127429872
386901657 31248672
138582662 127429872
58397814 127429872
13200975 216785238
13200975 35729483
35729483 52203928
35729483 31248672
35729483 4035917
35729483 834555917
35729483 36309247
35729483 300995545
35729483 13200975
642657706 42400184
223850978 130374394
152953628 130374394
36309247 35729483
36309247 37393741
36309247 31248672
58476176 130374394
37393741 36309247
52203928 35729483
4035917 35729483
505174399 31248672
300995545 35729483
42400184 642657706
152920202 130374394
58157071 582393364
57646698 581243647
31248672 505174399
31248672 35729483
31248672 36309247
130012406 127429872
152577891 582393364
216785238 13200975
834555917 35729483
