813907487 128278475
44908828 128278475
44908828 127166025
45222858 128278475
45222858 80623035
48300680 128278475
174586250 127166025
25225404 127166025
836613244 127166025
836613244 128278475
44481864 128278475
80623035 44147524
80623035 45222858
50876251 577023761
50876251 128278475
422671654 128278475
20435056 127166025
20435056 31415083
728466451 31415083
728466451 833658470
728466451 127166025
231359426 128278475
422739190 127166025
231285634 128278475
57646113 24111735
57646113 127166025
57646113 31415083
582287460 127166025
329307064 127166025
329307064 128278475
735707982 128278475
49521414 128278475
57648633 24111735
57648633 46867494
57648633 127166025
82669018 128278475
638709729 128278475
638709729 127166025
140959236 127166025
349763382 128278475
112025420 127166025
48083231 128278475
45820427 127166025
305429104 44284859
305429104 128278475
755771515 128278475
49046632 128278475
13473886 128278475
224563705 128278475
582409191 127166025
72202742 127166025
72202742 128278475
383770630 128278475
81814896 128278475
43921653 128278475
136238835 128278475
82528994 127166025
82528994 128278475
82528994 67624518
696012626 128278475
134609265 127166025
2225127 128278475
111615111 127166025
44147524 128278475
44147524 80623035
44545326 128278475
833658470 31415083
346638520 127166025
67624518 128278475
67624518 82528994
31415083 239880237
31415083 728466451
31415083 57646113
31415083 57648633
31415083 20435056
31415083 127166025
31415083 833658470
31415083 24111735
31415083 152815224
67657029 128278475
52023922 127166025
52023922 128278475
226700414 127166025
44727700 128278475
34637328 127166025
152725089 127166025
45020220 128278475
45020220 127166025
239880237 127166025
239880237 128278475
239880237 31415083
239880237 152815224
44945850 128278475
15137839 127166025
44284859 305429104
44284859 128278475
724596644 127166025
46867494 127166025
46867494 57648633
578791882 127166025
178111129 128278475
57332300 127166025
57332300 128278475
804994809 127166025
581707558 127166025
836613584 127166025
836613584 128278475
534122068 128278475
744005601 128278475
24111735 788843482
24111735 46867494
24111735 57646113
24111735 127166025
24111735 31415083
577023761 128278475
577023761 50876251
152815224 239880237
152815224 127166025
152815224 31415083
788843482 24111735
788843482 127166025
127896893 127166025
48085674 128278475
128278475 127166025
836613198 127166025
44904810 128278475
47699078 128278475
82528347 128278475
