58150444 139708394
59964827 179596262
59964827 65282520
59964827 75373337
191866336 75373337
87604214 75373337
134173140 5469490
134173140 8603269
134173140 75373337
134173140 17448494
82536808 44983090
82536808 75373337
134131080 5469490
134131080 17448494
134131080 75373337
54408170 5469490
54408170 8603269
54408170 75373337
643377816 75373337
93743956 152956984
17448494 5469490
17448494 75373337
17448494 59964827
17448494 134131080
17448494 134173140
17448494 54417556
17448494 97137276
17448494 8603269
17448494 179596262
17448494 65282520
17448494 44983090
65282520 59964827
65282520 139744445
65282520 75373337
65282520 17448494
305066450 179596262
607689486 75373337
44885427 54417556
52908789 75373337
155875778 75373337
3224814 179632851
152956507 24744201
152956507 152818312
139744445 65282520
139744445 5469490
139744445 44983090
139744445 75373337
139744445 17448494
75373337 54408170
128638448 75373337
349746063 5469490
349746063 75373337
349746063 44983090
134235599 75373337
497791285 75373337
58106993 67979463
97137276 5469490
97137276 44983090
97137276 8603269
97137276 75373337
97137276 17448494
163458840 75373337
152840171 75373337
163815142 54408170
210187172 67979463
44983090 19203632
44983090 5469490
44983090 179632851
44983090 82536808
44983090 139744445
44983090 75373337
44983090 17448494
607731726 75373337
146136975 5469490
146136975 75373337
152956984 24744201
152956984 93743956
152956984 67979463
179632851 17448494
179632851 75373337
179632851 44983090
179632851 3224814
5469490 179596262
5469490 44983090
5469490 146136975
5469490 8603269
5469490 134131080
5469490 75373337
5469490 17448494
192651451 75373337
679493789 75373337
49170679 75373337
8603269 179596262
8603269 19203632
8603269 59964827
8603269 5469490
8603269 134173140
8603269 44983090
8603269 75373337
519748486 75373337
57648093 67979463
152818312 152956507
19203632 5469490
19203632 44983090
19203632 8603269
19203632 17448494
179481496 75373337
43900963 44983090
43900963 75373337
179596262 59964827
179596262 5469490
179596262 8603269
179596262 305066450
179596262 75373337
179596262 17448494
50900171 5469490
50900171 75373337
24744201 152956984
24744201 152956507
24744201 5469490
24744201 67979463
322223132 67979463
67979463 24744201
67979463 57648093
67979463 322223132
67979463 152956984
67979463 210187172
67979463 58106993
218296338 5469490
218296338 75373337
218296338 44983090
218296338 191866336
52199471 75373337
