785353650 512916904
785353650 212827718
785353650 299131696
785353650 758005240
93624084 512916904
93624084 16523641
25540628 512916904
25540628 212827718
25540628 16523641
512916904 212827718
512916904 93624084
512916904 785353650
512916904 25540628
21679774 16523641
3651689 16523641
3651689 299131696
3651689 512916904
212827718 512916904
212827718 299131696
212827718 785353650
212827718 25540628
212827718 16523641
164531431 512916904
16523641 21679774
16523641 299131696
16523641 758005240
16523641 785353650
16523641 212827718
16523641 512916904
16523641 25540628
16523641 3651689
758005240 512916904
758005240 785353650
758005240 16523641
607527304 512916904
607527304 785353650
