152797754 152844597
148932406 152579234
152684063 152844597
152519248 152844597
152519248 92197229
152519248 152921217
152519248 152579234
152579234 490443142
152579234 152519248
152579234 152844597
152693889 152844597
152657279 152844597
152657279 152580176
152657279 152579234
10143296 152844597
152801345 152844597
9023080 152844597
92197229 152844597
92197229 490443142
92197229 152519248
454727239 152578396
454727239 152844597
454727239 152734462
490443142 152844597
490443142 92197229
490443142 152579234
152844597 152684063
152844597 92197229
152844597 152578396
152844597 152700965
152844597 152657279
152844597 152693889
152844597 152797754
152844597 490443142
152844597 152580176
152844597 152921217
152844597 152801345
152844597 152851238
152844597 152579234
152844597 10143296
152844597 454727239
152844597 58149482
152844597 152734462
152844597 148932406
152844597 22991969
152723052 152844597
152723052 22991969
152851238 152844597
374986437 152844597
152580176 152657279
152580176 152844597
152921217 152844597
22991969 152844597
22991969 152723052
152578396 152844597
152578396 454727239
58149482 152844597
