58056244 78954259
58056244 84941185
58056244 130458714
56942948 130458714
225315030 58049591
96051440 130458714
253892424 130458714
84941185 176087378
84941185 253892424
84941185 130458714
84941185 696010432
84941185 160462889
84941185 59681720
84941185 364182571
84941185 25272912
84941185 73172398
84941185 58049591
84941185 58095172
176087378 58095172
176087378 84941185
176087378 52082185
176087378 130458714
58049591 58053017
58049591 84941185
58049591 696010432
58049591 130458714
58095172 130458714
58492204 696010432
58492204 138850078
58492204 130458714
58492204 58049591
142779130 643728571
77219778 130458714
251944260 130458714
33760295 130458714
138850078 130458714
52082185 176087378
65738685 696010432
65738685 130458714
538558792 130458714
56715482 130458714
5301064 58053017
5301064 130458714
5301064 25272912
5301064 210983686
513934292 130458714
86271930 130458714
243769066 109234499
58053017 130458714
160462889 130458714
131127749 130458714
59681720 130458714
59681720 84941185
59681720 58049591
25272912 243769066
25272912 57396161
25272912 130458714
56937192 56929011
56929011 56937192
643728571 142779130
643728571 130458714
643728571 78954259
14531179 212693224
14531179 130458714
109234499 243769066
130458714 58049591
56046052 130458714
58343285 130458714
78954259 643728571
78954259 130458714
78954259 73172398
696010432 65738685
696010432 58049591
696010432 84941185
696010432 130458714
73172398 130458714
73172398 58049591
