823769687 152591837
823769687 833687236
823769687 833333839
163887935 50905856
50905856 28293193
833687236 823769687
49240220 57647265
57647265 57643890
57647265 44755040
57647265 49240220
210228861 52964169
52964169 210228861
52964169 253955365
788843261 57643890
24624148 823769687
582833075 107257337
58156854 57643890
58156854 210230093
506707164 50905856
148080925 152591837
148080925 253955365
148080925 152954990
163804443 44755040
28293193 50905856
210244678 57643890
210244678 107257337
253955365 57643890
253955365 44755040
253955365 52964169
253955365 148080925
107257337 582833075
107257337 210244678
210185744 57643890
210185744 210230093
163895710 50905856
152591837 57643890
152591837 142943820
152591837 148080925
152591837 823769687
142943820 57643890
142943820 152591837
142943820 210230093
57643890 152591837
57643890 58156854
57643890 253955365
57643890 210185744
57643890 210230093
57643890 210244678
57643890 142943820
57643890 148080925
57643890 788843261
57643890 57647265
152446394 823769687
44931265 50905856
44755040 253955365
44755040 57647265
833333839 823769687
210230093 57643890
210230093 58156854
210230093 210185744
210230093 142943820
