724753703 159909324
724753703 686781229
159896630 160300794
159896630 643934913
159896630 97375036
159896630 144547767
159896630 642109563
159896630 138378410
159896630 160327296
159896630 3653589
159896630 686781229
159896630 183357895
159896630 216074532
159896630 144545810
159896630 151069043
159896630 159903164
159896630 54477350
159896630 102369773
159896630 661207256
159896630 298808954
159896630 833397807
159896630 161094746
159896630 646676656
159896630 131787021
159896630 159914446
159896630 124751636
159896630 18361949
159896630 346819581
159896630 161107750
159896630 144548169
159896630 159903014
159896630 268392485
159896630 182988578
159896630 159909324
159896630 298807540
159896630 159885690
159914446 298808954
159914446 131787021
159914446 144547767
159914446 643934913
159914446 54477350
159914446 151069043
159914446 101551749
159914446 216074532
159914446 144545810
159914446 138378410
159914446 782188615
159914446 160300794
159914446 159903164
159914446 161095835
159914446 160327296
159914446 102369773
159914446 183737840
159914446 724753703
159914446 505901837
159914446 686781229
159914446 5102123
159914446 646676656
159914446 833397807
159914446 159896630
159914446 642109563
159914446 3653589
159914446 297572525
159914446 161094746
159914446 681518837
159914446 661207256
159914446 681579976
159914446 203564400
159914446 18361949
159914446 346819581
159914446 159885690
159914446 224943747
159914446 298807540
159914446 159909324
159914446 182988578
159914446 51850857
159914446 268392485
159914446 161107750
159914446 144548169
159914446 159903014
51850857 161095835
51850857 144547767
51850857 203564400
51850857 159909324
51850857 505901837
51850857 160327296
51850857 297572525
51850857 686781229
51850857 643934913
51850857 782188615
51850857 18361949
51850857 159914446
51850857 160300794
51850857 5102123
51850857 724753703
51850857 144545810
144533191 159909324
144533191 138378410
144533191 144545810
144533191 833397807
144533191 161107750
782188615 144545810
782188615 681518837
782188615 161095835
782188615 144547767
782188615 160300794
782188615 643934913
782188615 297572525
782188615 160327296
782188615 686781229
782188615 724753703
782188615 161107750
782188615 144548169
782188615 268392485
782188615 51850857
782188615 159909324
782188615 159885690
782188615 18361949
782188615 203564400
782188615 159914446
782188615 131787021
782188615 505901837
782188615 183737840
782188615 661207256
782188615 159903164
151069043 101551749
151069043 160300794
151069043 159896630
151069043 5102123
151069043 138378410
151069043 161095835
151069043 3653589
151069043 131787021
151069043 124751636
151069043 159885690
151069043 268392485
151069043 159903014
297572525 101551749
297572525 160300794
297572525 643934913
297572525 10773057
297572525 144547767
297572525 642109563
297572525 5102123
297572525 160327296
297572525 3653589
297572525 686781229
297572525 183357895
297572525 681518837
297572525 144545810
297572525 782188615
297572525 159903164
297572525 54477350
297572525 661207256
297572525 833397807
297572525 183737840
297572525 505901837
297572525 131787021
297572525 159914446
297572525 203564400
297572525 18361949
297572525 161107750
297572525 51850857
297572525 159885690
297572525 346819581
183737840 183357895
183737840 144545810
183737840 161094746
183737840 102369773
183737840 101551749
183737840 138378410
183737840 681579976
183737840 3653589
183737840 298808954
183737840 159903164
183737840 724753703
183737840 782188615
183737840 686781229
183737840 297572525
183737840 160300794
183737840 5102123
183737840 643934913
183737840 505901837
183737840 131787021
183737840 159914446
183737840 203564400
183737840 18361949
183737840 161107750
183737840 159903014
183737840 268392485
183737840 51850857
183737840 159909324
183737840 298807540
183737840 224943747
160300794 101551749
160300794 159896630
160300794 643934913
160300794 297572525
160300794 681579976
160300794 144547767
160300794 5102123
160300794 138378410
160300794 161095835
160300794 160327296
160300794 3653589
160300794 686781229
160300794 183357895
160300794 216074532
160300794 144545810
160300794 151069043
160300794 782188615
160300794 54477350
160300794 102369773
160300794 661207256
160300794 298808954
160300794 833397807
160300794 161094746
160300794 183737840
160300794 505901837
160300794 131787021
160300794 159914446
160300794 124751636
160300794 203564400
160300794 18361949
160300794 159885690
160300794 161107750
160300794 144548169
160300794 51850857
160300794 182988578
160300794 159909324
160300794 298807540
268392485 160327296
268392485 161094746
268392485 159914446
268392485 298808954
268392485 144545810
268392485 138378410
268392485 643934913
268392485 216074532
268392485 101551749
268392485 159909324
268392485 182988578
268392485 131787021
268392485 681579976
268392485 203564400
268392485 183737840
268392485 102369773
268392485 505901837
268392485 3653589
268392485 151069043
268392485 159903164
268392485 782188615
268392485 833397807
268392485 642109563
268392485 681518837
268392485 97375036
268392485 18361949
268392485 298807540
268392485 159896630
268392485 661207256
268392485 161107750
268392485 144548169
268392485 159903014
144547767 101551749
144547767 160300794
144547767 159896630
144547767 643934913
144547767 297572525
144547767 681579976
144547767 5102123
144547767 138378410
144547767 161095835
144547767 160327296
144547767 686781229
144547767 216074532
144547767 144545810
144547767 782188615
144547767 159903164
144547767 661207256
144547767 161094746
144547767 505901837
144547767 131787021
144547767 159914446
144547767 203564400
144547767 18361949
144547767 159885690
144547767 224943747
144547767 298807540
144547767 161107750
144547767 144548169
144547767 159903014
144547767 51850857
160327296 160300794
160327296 159896630
160327296 297572525
160327296 681579976
160327296 144547767
160327296 642109563
160327296 3653589
160327296 686781229
160327296 183357895
160327296 782188615
160327296 159903164
160327296 54477350
160327296 102369773
160327296 661207256
160327296 298808954
160327296 833397807
160327296 646676656
160327296 159914446
160327296 203564400
160327296 346819581
160327296 159885690
160327296 161107750
160327296 144548169
160327296 268392485
160327296 51850857
160327296 182988578
160327296 159909324
160327296 298807540
203564400 131787021
203564400 661207256
203564400 124751636
203564400 642109563
203564400 505901837
203564400 161095835
203564400 298808954
203564400 160300794
203564400 297572525
203564400 159903164
203564400 161094746
203564400 833397807
203564400 101551749
203564400 3653589
203564400 144545810
203564400 160327296
203564400 159914446
203564400 686781229
203564400 183357895
203564400 782188615
203564400 183737840
203564400 102369773
203564400 144547767
203564400 5102123
203564400 681579976
203564400 138378410
203564400 18361949
203564400 298807540
203564400 2668885
203564400 182988578
203564400 51850857
203564400 268392485
203564400 159903014
203564400 144548169
203564400 161107750
833397807 643934913
833397807 101551749
833397807 159903164
833397807 216074532
833397807 681518837
833397807 661207256
833397807 297572525
833397807 3653589
833397807 159896630
833397807 102369773
833397807 681579976
833397807 160327296
833397807 54477350
833397807 298808954
833397807 144545810
833397807 161107750
833397807 144533191
833397807 268392485
833397807 182988578
833397807 159909324
833397807 298807540
833397807 159885690
833397807 203564400
833397807 159914446
833397807 131787021
833397807 505901837
833397807 161094746
224943747 161095835
224943747 144547767
224943747 97375036
224943747 159914446
224943747 54477350
224943747 183737840
224943747 183357895
224943747 144545810
224943747 686781229
224943747 101551749
224943747 102369773
224943747 159885690
224943747 161107750
224943747 159903014
224943747 182988578
224943747 298807540
661207256 144545810
661207256 54477350
661207256 101551749
661207256 782188615
661207256 297572525
661207256 160327296
661207256 160300794
661207256 681579976
661207256 159896630
661207256 102369773
661207256 159903164
661207256 144547767
661207256 643934913
661207256 151069043
661207256 724753703
661207256 686781229
661207256 5102123
661207256 183357895
661207256 298808954
661207256 833397807
661207256 161094746
661207256 646676656
661207256 505901837
661207256 131787021
661207256 159914446
661207256 203564400
661207256 18361949
661207256 346819581
661207256 159885690
661207256 161107750
661207256 144548169
661207256 159903014
661207256 268392485
661207256 182988578
661207256 159909324
661207256 298807540
216074532 159896630
216074532 681579976
216074532 144547767
216074532 138378410
216074532 161095835
216074532 686781229
216074532 144545810
216074532 159903164
216074532 298808954
216074532 833397807
216074532 646676656
216074532 124751636
216074532 161107750
216074532 159903014
216074532 268392485
216074532 182988578
216074532 159909324
216074532 298807540
298807540 3653589
298807540 161095835
298807540 216074532
298807540 724753703
298807540 102369773
298807540 138378410
298807540 159903164
298807540 161094746
298807540 681518837
298807540 833397807
298807540 346819581
298807540 54477350
298807540 183737840
298807540 160300794
298807540 661207256
298807540 160327296
298807540 159885690
298807540 681579976
298807540 101551749
298807540 224943747
298807540 159896630
298807540 159914446
298807540 643934913
298807540 144547767
298807540 298808954
298807540 203564400
298807540 183357895
298807540 159909324
298807540 182988578
298807540 161107750
298807540 159903014
298807540 268392485
131787021 297572525
131787021 101551749
131787021 782188615
131787021 160327296
131787021 54477350
131787021 161095835
131787021 661207256
131787021 144545810
131787021 216074532
131787021 138378410
131787021 144547767
131787021 298808954
131787021 642109563
131787021 160300794
131787021 833397807
131787021 3653589
131787021 151069043
131787021 183737840
131787021 161094746
131787021 681518837
131787021 10773057
131787021 643934913
131787021 159896630
131787021 159914446
131787021 124751636
131787021 203564400
131787021 18361949
131787021 346819581
131787021 159885690
131787021 224943747
131787021 298807540
131787021 159909324
131787021 749560349
131787021 268392485
131787021 159903014
131787021 144548169
131787021 161107750
182194174 159903164
182194174 54477350
182194174 160327296
182194174 101551749
182194174 151069043
182194174 681579976
182194174 216074532
182194174 724753703
182194174 161095835
182194174 159914446
182194174 159885690
182194174 161107750
182988578 54477350
182988578 642109563
182988578 216074532
182988578 661207256
182988578 160327296
182988578 159885690
182988578 159896630
182988578 161095835
182988578 151069043
182988578 833397807
182988578 681579976
182988578 203564400
182988578 346819581
182988578 160300794
182988578 159903164
182988578 724753703
182988578 224943747
182988578 298808954
182988578 159914446
182988578 646676656
182988578 102369773
182988578 298807540
182988578 161094746
182988578 3653589
182988578 159909324
182988578 686781229
182988578 101551749
182988578 268392485
182988578 161107750
182988578 144548169
159903164 101551749
159903164 216074532
159903164 151069043
159903164 297572525
159903164 681579976
159903164 643934913
159903164 160327296
159903164 159896630
159903164 3653589
159903164 144547767
159903164 161095835
159903164 183357895
159903164 97375036
159903164 724753703
159903164 782188615
159903164 642109563
159903164 681518837
159903164 686781229
159903164 54477350
159903164 102369773
159903164 661207256
159903164 298808954
159903164 833397807
159903164 161094746
159903164 183737840
159903164 646676656
159903164 505901837
159903164 131787021
159903164 159914446
159903164 203564400
159903164 18361949
159903164 346819581
159903164 159885690
159903164 224943747
159903164 298807540
159903164 159909324
159903164 182988578
159903164 268392485
159903164 176065232
159903164 161107750
159903164 144548169
54477350 297572525
54477350 138378410
54477350 5102123
54477350 161095835
54477350 144547767
54477350 101551749
54477350 144545810
54477350 643934913
54477350 159896630
54477350 97375036
54477350 216074532
54477350 782188615
54477350 681518837
54477350 642109563
54477350 183357895
54477350 160300794
54477350 681579976
54477350 159903164
54477350 160327296
54477350 3653589
54477350 724753703
54477350 686781229
54477350 102369773
54477350 661207256
54477350 298808954
54477350 833397807
54477350 161094746
54477350 225473907
54477350 183737840
54477350 646676656
54477350 505901837
54477350 131787021
54477350 159914446
54477350 124751636
54477350 18361949
54477350 346819581
54477350 159885690
54477350 224943747
54477350 159909324
54477350 182988578
54477350 159903014
54477350 144548169
54477350 161107750
144545810 101551749
144545810 160300794
144545810 159896630
144545810 643934913
144545810 297572525
144545810 144547767
144545810 642109563
144545810 5102123
144545810 138378410
144545810 161095835
144545810 3653589
144545810 686781229
144545810 216074532
144545810 681518837
144545810 151069043
144545810 782188615
144545810 54477350
144545810 661207256
144545810 298808954
144545810 833397807
144545810 161094746
144545810 183737840
144545810 505901837
144545810 131787021
144545810 159914446
144545810 203564400
144545810 18361949
144545810 346819581
144545810 159885690
144545810 224943747
144545810 298807540
144545810 159909324
144545810 51850857
144545810 268392485
144545810 159903014
144545810 144533191
144545810 144548169
144545810 161107750
505901837 138378410
505901837 159903164
505901837 661207256
505901837 161094746
505901837 833397807
505901837 54477350
505901837 161095835
505901837 183737840
505901837 643934913
505901837 183357895
505901837 144547767
505901837 297572525
505901837 782188615
505901837 686781229
505901837 144545810
505901837 5102123
505901837 102369773
505901837 160300794
505901837 3653589
505901837 642109563
505901837 161107750
505901837 268392485
505901837 51850857
505901837 159909324
505901837 159885690
505901837 18361949
505901837 203564400
505901837 159914446
681518837 101551749
681518837 297572525
681518837 642109563
681518837 724753703
681518837 161095835
681518837 183357895
681518837 161107750
681518837 144548169
681518837 159903014
681518837 268392485
681518837 749560349
681518837 298807540
681518837 18361949
681518837 131787021
681518837 833397807
681518837 102369773
681518837 54477350
681518837 782188615
681518837 144545810
144548169 144545810
144548169 97375036
144548169 131787021
144548169 159896630
144548169 681518837
144548169 144547767
144548169 268392485
144548169 643934913
144548169 159903014
144548169 138378410
144548169 160327296
144548169 159909324
144548169 182988578
144548169 101551749
144548169 298808954
144548169 102369773
144548169 724753703
144548169 346819581
144548169 203564400
144548169 646676656
144548169 54477350
144548169 661207256
144548169 159885690
144548169 159914446
144548169 782188615
144548169 161095835
144548169 686781229
144548169 642109563
144548169 159903164
144548169 161107750
749560349 161095835
749560349 681518837
749560349 131787021
749560349 151069043
749560349 643934913
346819581 102369773
346819581 646676656
346819581 54477350
346819581 161095835
346819581 151069043
346819581 298808954
346819581 724753703
346819581 833397807
346819581 642109563
346819581 297572525
346819581 160327296
346819581 144545810
346819581 661207256
346819581 159914446
346819581 686781229
346819581 643934913
346819581 131787021
346819581 159903164
346819581 159896630
346819581 101551749
346819581 681579976
346819581 3653589
346819581 161107750
346819581 144548169
346819581 182988578
346819581 159909324
346819581 159885690
642109563 101551749
642109563 159896630
642109563 643934913
642109563 297572525
642109563 151069043
642109563 681579976
642109563 144547767
642109563 5102123
642109563 138378410
642109563 161095835
642109563 160327296
642109563 3653589
642109563 686781229
642109563 216074532
642109563 681518837
642109563 144545810
642109563 782188615
642109563 159903164
642109563 54477350
642109563 102369773
642109563 661207256
642109563 298808954
642109563 161094746
642109563 646676656
642109563 505901837
642109563 131787021
642109563 159914446
642109563 124751636
642109563 161107750
642109563 144548169
642109563 176065232
642109563 159903014
642109563 268392485
642109563 182988578
642109563 159909324
642109563 224943747
642109563 159885690
642109563 346819581
642109563 18361949
642109563 203564400
102369773 681518837
102369773 160327296
102369773 160300794
102369773 686781229
102369773 159903164
102369773 159885690
102369773 161095835
102369773 159896630
102369773 642109563
102369773 54477350
102369773 724753703
102369773 151069043
102369773 183357895
102369773 3653589
102369773 661207256
102369773 298808954
102369773 833397807
102369773 161094746
102369773 183737840
102369773 646676656
102369773 505901837
102369773 159914446
102369773 161107750
102369773 144548169
102369773 159903014
102369773 268392485
102369773 182988578
102369773 159909324
102369773 298807540
102369773 224943747
102369773 346819581
102369773 203564400
102369773 124751636
161094746 144545810
161094746 661207256
161094746 101551749
161094746 159896630
161094746 298808954
161094746 144547767
161094746 183357895
161094746 160300794
161094746 151069043
161094746 833397807
161094746 159903164
161094746 643934913
161094746 3653589
161094746 686781229
161094746 102369773
161094746 642109563
161094746 138378410
161094746 54477350
161094746 183737840
161094746 505901837
161094746 131787021
161094746 159914446
161094746 203564400
161094746 18361949
161094746 159885690
161094746 298807540
161094746 159909324
161094746 161107750
161094746 159903014
161094746 268392485
161094746 182988578
161107750 138378410
161107750 18361949
161107750 159909324
161107750 159914446
161107750 159885690
161107750 144547767
161107750 144545810
161107750 131787021
161107750 159896630
161107750 144548169
161107750 161095835
161107750 159903014
161107750 298807540
161107750 643934913
161107750 298808954
161107750 661207256
161107750 268392485
161107750 101551749
161107750 297572525
161107750 124751636
161107750 216074532
161107750 144533191
161107750 54477350
161107750 160327296
161107750 151069043
161107750 160300794
161107750 161094746
161107750 642109563
161107750 102369773
161107750 681579976
161107750 203564400
161107750 3653589
161107750 681518837
161107750 782188615
161107750 183737840
161107750 176065232
161107750 183357895
161107750 833397807
161107750 159903164
161107750 505901837
161107750 182988578
161107750 646676656
161107750 224943747
161107750 724753703
161107750 686781229
161107750 346819581
161095835 160300794
161095835 681579976
161095835 144547767
161095835 642109563
161095835 138378410
161095835 3653589
161095835 216074532
161095835 681518837
161095835 144545810
161095835 151069043
161095835 782188615
161095835 54477350
161095835 102369773
161095835 298808954
161095835 505901837
161095835 131787021
161095835 159914446
161095835 203564400
161095835 18361949
161095835 159885690
161095835 224943747
161095835 298807540
161095835 159909324
161095835 182988578
161095835 51850857
161095835 159903014
161095835 144548169
161095835 161107750
10773057 101551749
10773057 297572525
10773057 5102123
10773057 161095835
10773057 216074532
10773057 151069043
10773057 159903164
10773057 131787021
10773057 159914446
10773057 159885690
10773057 161107750
18361949 54477350
18361949 298808954
18361949 131787021
18361949 642109563
18361949 3653589
18361949 661207256
18361949 643934913
18361949 161094746
18361949 782188615
18361949 144547767
18361949 151069043
18361949 183737840
18361949 681518837
18361949 160300794
18361949 159903164
18361949 5102123
18361949 159914446
18361949 297572525
18361949 505901837
18361949 161095835
18361949 681579976
18361949 686781229
18361949 144545810
18361949 101551749
18361949 833397807
18361949 159896630
18361949 203564400
18361949 138378410
18361949 724753703
18361949 346819581
18361949 298807540
18361949 159909324
18361949 51850857
18361949 268392485
18361949 159903014
18361949 161107750
159909324 54477350
159909324 183737840
159909324 159885690
159909324 216074532
159909324 160327296
159909324 161094746
159909324 49815237
159909324 160300794
159909324 131787021
159909324 101551749
159909324 661207256
159909324 159903164
159909324 138378410
159909324 643934913
159909324 833397807
159909324 18361949
159909324 97375036
159909324 505901837
159909324 102369773
159909324 298808954
159909324 3653589
159909324 159896630
159909324 646676656
159909324 681579976
159909324 724753703
159909324 346819581
159909324 642109563
159909324 782188615
159909324 159914446
159909324 144545810
159909324 686781229
159909324 10773057
159909324 298807540
159909324 161095835
159909324 681518837
159909324 182988578
159909324 51850857
159909324 268392485
159909324 159903014
159909324 144533191
159909324 144548169
159909324 161107750
646676656 661207256
646676656 216074532
646676656 54477350
646676656 159903164
646676656 159896630
646676656 298808954
646676656 686781229
646676656 102369773
646676656 724753703
646676656 160327296
646676656 642109563
646676656 161107750
646676656 144548169
646676656 51850857
646676656 182988578
646676656 159909324
646676656 159885690
646676656 346819581
646676656 159914446
3653589 101551749
3653589 160300794
3653589 159896630
3653589 643934913
3653589 297572525
3653589 681579976
3653589 642109563
3653589 724753703
3653589 138378410
3653589 161095835
3653589 160327296
3653589 686781229
3653589 183357895
3653589 216074532
3653589 144545810
3653589 151069043
3653589 159903164
3653589 54477350
3653589 102369773
3653589 298808954
3653589 833397807
3653589 161094746
3653589 183737840
3653589 505901837
3653589 131787021
3653589 159914446
3653589 203564400
3653589 18361949
3653589 346819581
3653589 159885690
3653589 224943747
3653589 298807540
3653589 159909324
3653589 182988578
3653589 268392485
3653589 159903014
3653589 161107750
5102123 160300794
5102123 159896630
5102123 643934913
5102123 297572525
5102123 151069043
5102123 10773057
5102123 144547767
5102123 642109563
5102123 161095835
5102123 686781229
5102123 216074532
5102123 144545810
5102123 54477350
5102123 661207256
5102123 183737840
5102123 505901837
5102123 159914446
5102123 203564400
5102123 18361949
5102123 159909324
5102123 51850857
81758752 686781229
81758752 151069043
81758752 646676656
643934913 101551749
643934913 160300794
643934913 159896630
643934913 297572525
643934913 97375036
643934913 681579976
643934913 144547767
643934913 5102123
643934913 138378410
643934913 686781229
643934913 183357895
643934913 144545810
643934913 782188615
643934913 159903164
643934913 54477350
643934913 661207256
643934913 298808954
643934913 833397807
643934913 161094746
643934913 183737840
643934913 505901837
643934913 131787021
643934913 159914446
643934913 161107750
643934913 144548169
643934913 268392485
643934913 51850857
643934913 159909324
643934913 298807540
643934913 159885690
643934913 346819581
643934913 18361949
176065232 159903164
176065232 161107750
298808954 54477350
298808954 161095835
298808954 101551749
298808954 216074532
298808954 144545810
298808954 642109563
298808954 102369773
298808954 159903164
298808954 151069043
298808954 160300794
298808954 97375036
298808954 3653589
298808954 661207256
298808954 681579976
298808954 159896630
298808954 160327296
298808954 643934913
298808954 686781229
298808954 183357895
298808954 724753703
298808954 138378410
298808954 833397807
298808954 161094746
298808954 183737840
298808954 646676656
298808954 131787021
298808954 159914446
298808954 124751636
298808954 203564400
298808954 18361949
298808954 346819581
298808954 159885690
298808954 298807540
298808954 159909324
298808954 182988578
298808954 268392485
298808954 159903014
298808954 144548169
298808954 161107750
124751636 54477350
124751636 151069043
124751636 298808954
124751636 159896630
124751636 216074532
124751636 642109563
124751636 131787021
124751636 160300794
124751636 681579976
124751636 161095835
124751636 138378410
124751636 102369773
124751636 203564400
124751636 161107750
124751636 159903014
124751636 159885690
183357895 101551749
183357895 160300794
183357895 159896630
183357895 643934913
183357895 297572525
183357895 681579976
183357895 724753703
183357895 160327296
183357895 3653589
183357895 686781229
183357895 216074532
183357895 681518837
183357895 159903164
183357895 54477350
183357895 661207256
183357895 298808954
183357895 161094746
183357895 161107750
183357895 159909324
183357895 298807540
183357895 224943747
183357895 159885690
183357895 203564400
183357895 159914446
183357895 505901837
183357895 183737840
681579976 101551749
681579976 160300794
681579976 643934913
681579976 144547767
681579976 642109563
681579976 161095835
681579976 160327296
681579976 3653589
681579976 183357895
681579976 216074532
681579976 151069043
681579976 159903164
681579976 54477350
681579976 661207256
681579976 298808954
681579976 833397807
681579976 183737840
681579976 159914446
681579976 203564400
681579976 18361949
681579976 346819581
681579976 159885690
681579976 298807540
681579976 159909324
681579976 182988578
681579976 268392485
681579976 161107750
686781229 101551749
686781229 160300794
686781229 159896630
686781229 643934913
686781229 297572525
686781229 144547767
686781229 642109563
686781229 5102123
686781229 724753703
686781229 138378410
686781229 161095835
686781229 160327296
686781229 3653589
686781229 183357895
686781229 216074532
686781229 681518837
686781229 144545810
686781229 782188615
686781229 159903164
686781229 54477350
686781229 102369773
686781229 661207256
686781229 298808954
686781229 833397807
686781229 161094746
686781229 183737840
686781229 646676656
686781229 505901837
686781229 159914446
686781229 161107750
686781229 144548169
686781229 159903014
686781229 51850857
686781229 182988578
686781229 159909324
686781229 224943747
686781229 159885690
686781229 346819581
686781229 18361949
686781229 203564400
138378410 101551749
138378410 159896630
138378410 643934913
138378410 151069043
138378410 144547767
138378410 642109563
138378410 724753703
138378410 161095835
138378410 3653589
138378410 686781229
138378410 183357895
138378410 216074532
138378410 681518837
138378410 144545810
138378410 54477350
138378410 298808954
138378410 161094746
138378410 183737840
138378410 131787021
138378410 159914446
138378410 124751636
138378410 203564400
138378410 18361949
138378410 298807540
138378410 159909324
138378410 161107750
138378410 144548169
138378410 144533191
138378410 159903014
138378410 268392485
159885690 159896630
159885690 124751636
159885690 131787021
159885690 54477350
159885690 642109563
159885690 159914446
159885690 151069043
159885690 144545810
159885690 144547767
159885690 681579976
159885690 298808954
159885690 101551749
159885690 160300794
159885690 833397807
159885690 159903164
159885690 161095835
159885690 160327296
159885690 3653589
159885690 661207256
159885690 646676656
159885690 102369773
159885690 10773057
159885690 782188615
159885690 505901837
159885690 183357895
159885690 686781229
159885690 346819581
159885690 182194174
159885690 161094746
159885690 643934913
159885690 224943747
159885690 298807540
159885690 159909324
159885690 182988578
159885690 144548169
159885690 161107750
2668885 203564400
101551749 160300794
101551749 643934913
101551749 297572525
101551749 10773057
101551749 681579976
101551749 144547767
101551749 642109563
101551749 138378410
101551749 3653589
101551749 686781229
101551749 183357895
101551749 681518837
101551749 144545810
101551749 151069043
101551749 159903164
101551749 54477350
101551749 102369773
101551749 661207256
101551749 298808954
101551749 833397807
101551749 161094746
101551749 182194174
101551749 183737840
101551749 131787021
101551749 159914446
101551749 203564400
101551749 18361949
101551749 346819581
101551749 159885690
101551749 224943747
101551749 298807540
101551749 159909324
101551749 182988578
101551749 268392485
101551749 159903014
101551749 144548169
101551749 161107750
97375036 159896630
97375036 643934913
97375036 159903164
97375036 54477350
97375036 298808954
97375036 224943747
97375036 159909324
97375036 268392485
97375036 144548169
97375036 161107750
225473907 54477350
159903014 183737840
159903014 138378410
159903014 144545810
159903014 298808954
159903014 144547767
159903014 124751636
159903014 54477350
159903014 159885690
159903014 101551749
159903014 268392485
159903014 203564400
159903014 159896630
159903014 131787021
159903014 661207256
159903014 159914446
159903014 161094746
159903014 298807540
159903014 151069043
159903014 161095835
159903014 681518837
159903014 642109563
159903014 18361949
159903014 216074532
159903014 686781229
159903014 159909324
159903014 224943747
159903014 3653589
159903014 102369773
159903014 724753703
159903014 144548169
159903014 161107750
