8970384 27963944
8970384 30569549
8970384 51590556
8970384 129234713
8970384 38502088
8970384 10829344
8970384 534492672
51590556 27963944
51590556 30569549
51590556 8970384
51590556 129234713
51590556 38502088
51590556 10829344
51590556 534492672
7461484 27963944
7461484 38502088
129234713 27963944
129234713 30569549
129234713 8970384
129234713 51590556
129234713 38502088
129234713 534492672
129234713 10829344
38502088 27963944
38502088 30569549
38502088 21142153
38502088 8970384
38502088 51590556
38502088 7461484
38502088 129234713
38502088 10829344
38502088 534492672
21142153 38502088
10829344 27963944
10829344 30569549
10829344 8970384
10829344 51590556
10829344 129234713
10829344 38502088
10829344 534492672
27963944 30569549
27963944 8970384
27963944 51590556
27963944 7461484
27963944 129234713
27963944 38502088
27963944 10829344
27963944 534492672
534492672 27963944
534492672 30569549
534492672 8970384
534492672 51590556
534492672 129234713
534492672 38502088
534492672 10829344
30569549 27963944
30569549 8970384
30569549 51590556
30569549 129234713
30569549 38502088
30569549 10829344
30569549 534492672
