49921375 191853623
28280246 24564321
28280246 4436311
28280246 60951529
28280246 79444439
689578315 60951529
6921950 67300513
6921950 23460239
6921950 49502820
6921950 37567633
6921950 36855522
6921950 37123747
24564321 60951529
24564321 17899338
24564321 79444439
24564321 57564518
35819242 37123747
35819242 60951529
179753319 60951529
29878214 36855522
29878214 37567633
29878214 60951529
29878214 79444439
49216398 128119161
49216398 60951529
59317575 60951529
49355930 60951529
49355930 79444439
49355930 29878214
49338441 60951529
49338441 127441226
40325026 60951529
164393626 79444439
164393626 60951529
55016875 60951529
49710271 60951529
36855522 37123747
36855522 37567633
36855522 29878214
36855522 60951529
36855522 6921950
57563948 60951529
127737746 60951529
49502820 128119161
49502820 23460239
49502820 60951529
180263340 60951529
660139019 128119161
660139019 60951529
660139019 836610636
660139019 79444439
49358995 60951529
49358995 4436311
84176617 4436311
84176617 60951529
526785812 4436311
526785812 166609949
191853623 60951529
191853623 79444439
8273550 79444439
8273550 60951529
8273550 24564321
79444439 127737746
79444439 12203974
79444439 16699616
79444439 2462751
79444439 24564321
79444439 29878214
79444439 191853623
79444439 60951529
79444439 836610636
79444439 57564518
37567633 36855522
37567633 29878214
37567633 60951529
37567633 6921950
138874032 60951529
130186759 836610621
130186759 60951529
130186759 24564321
130186759 12203974
54390261 60951529
12203974 16699616
12203974 128119161
12203974 50183333
12203974 130186759
12203974 128741574
12203974 60951529
12203974 836610636
12203974 79444439
12203974 32375660
2462751 128119161
2462751 24564321
2462751 60951529
2462751 836610636
2462751 79444439
54475984 4436311
54475984 60951529
52397141 60951529
130911640 60951529
8077940 128119161
8077940 24564321
8077940 60951529
8077940 79444439
32375660 12203974
32375660 60951529
32375660 836610636
32375660 79444439
49309896 23460239
127577470 24564321
127577470 4436311
127577470 60951529
37123747 35819242
37123747 36855522
37123747 6921950
37123747 60951529
36469935 28280246
36469935 60951529
38821261 60951529
349575962 60951529
212465907 60951529
74941288 127441226
190283407 24564321
190283407 60951529
190283407 836610636
9962133 60951529
57564518 79444439
57564518 836610636
57564518 60951529
57564518 24564321
4436311 526785812
4436311 60951529
49358569 24564321
49358569 60951529
49358569 836610636
49358569 79444439
91273765 60951529
607933194 60951529
545633083 60951529
836610636 60951529
836610636 79444439
836610636 57564518
33169533 4436311
33169533 60951529
166609949 526785812
166609949 60951529
131892799 60951529
10505132 60951529
85630357 60951529
836610751 60951529
836610621 130186759
825413863 60951529
23460239 6921950
23460239 49502820
128741574 60951529
136812071 4436311
136812071 128119161
127441226 49338441
127441226 60951529
127441226 79444439
127441226 74941288
72059834 24564321
16699616 12203974
16699616 24564321
16699616 60951529
16699616 836610636
16699616 79444439
60951529 127737746
60951529 128119161
60951529 825413863
60951529 28280246
60951529 36855522
60951529 24564321
60951529 4436311
60951529 836610636
60951529 79444439
60951529 131892799
60951529 32375660
48744398 79444439
67300513 6921950
67300513 60951529
128119161 79444439
128119161 60951529
17899338 60951529
17899338 24564321
