152480832 127166025
152480832 24708360
581067818 127166025
210191556 57646304
210191556 127166025
210191556 24708360
58297914 24708360
58297914 127166025
58297914 82642870
582269457 127166025
35360403 25714698
35360403 152688426
35360403 67837730
35360403 57646304
35360403 210196241
35360403 101699171
35360403 127166025
35360403 57649922
35360403 45215711
35360403 24708360
35360403 152928969
35360403 152885704
35360403 31415083
35360403 57588372
152713804 127166025
152713804 24708360
152714209 24708360
152714209 127166025
252110034 127166025
252110034 45215711
252110034 57588372
152688426 58316867
152688426 127166025
152688774 210196241
152688774 127166025
152688774 35360403
152688774 45215711
152688774 24708360
152688774 152885704
152688774 31415083
103133355 127166025
103133355 57588372
44896192 127166025
45162105 18122955
152446146 127166025
152446146 45215711
152446146 58310159
152446146 148188455
152446146 31415083
152929726 582269457
152929726 101699171
152929726 127166025
152929726 152713210
58093364 127166025
152600903 127166025
152600903 57588372
57588372 25714698
57588372 210187899
57588372 67837730
57588372 152735242
57588372 103133355
57588372 152941773
57588372 57646304
57588372 101699171
57588372 1858563
57588372 84345122
57588372 127166025
57588372 152905254
57588372 152850866
57588372 18122955
57588372 35360403
57588372 32654305
57588372 57649922
57588372 45215711
57588372 151663873
57588372 59202795
57588372 152928969
57588372 148188455
57588372 57652033
57588372 31415083
57588372 252110034
57588372 52581294
57588372 27019571
152933440 127166025
58424461 25714698
58424461 58316867
58424461 127166025
58424461 31415083
58424461 52581294
152735242 152928146
152735242 24708360
152735242 155821724
152735242 57588372
152735242 57652033
152735242 127166025
152735242 52581294
57652033 35360403
57652033 24708360
57652033 152928969
57652033 57588372
57652033 58297914
57652033 152735242
20454838 24708360
20454838 127166025
20454838 31415083
57649922 67837730
57649922 58316867
57649922 68993847
57649922 127166025
57649922 18122955
57649922 35360403
57649922 45215711
57649922 24708360
57649922 31415083
57649922 57588372
57649922 52581294
54483226 582269457
54483226 127166025
54483226 24708360
82642333 127166025
82642333 18122955
82642333 24708360
127579270 127166025
127579270 24708360
710866716 127166025
710866716 24708360
152631957 127166025
27160210 25714698
27160210 127166025
27160210 18122955
27160210 45215711
27160210 24708360
27160210 31415083
27160210 57588372
27160210 52581294
27160210 35226811
27160210 27019571
298857252 127166025
25714698 27160210
25714698 58424461
25714698 101699171
25714698 1858563
25714698 127166025
25714698 35360403
25714698 24708360
25714698 152713210
25714698 31415083
25714698 57588372
25714698 52581294
25714698 27019571
152905254 127166025
152905254 24708360
152905254 57588372
57589892 84345122
57589892 127166025
57589892 18122955
57589892 31415083
57589892 52581294
357639916 152941773
357639916 127166025
357639916 27019571
68993847 127166025
68993847 57649922
152660721 127166025
298831803 127166025
58009113 24708360
58009113 127166025
152928969 84345122
152928969 127166025
152928969 35360403
152928969 57652033
152928969 57588372
152928969 27019571
582375701 127166025
582375701 24708360
582399231 24708360
582399231 127166025
33673838 127166025
33673838 57588372
152544761 127166025
121878426 127166025
121878426 152885704
18862889 127166025
18862889 101699171
152933485 127166025
152933485 24708360
18122955 27160210
18122955 45162105
18122955 101699171
18122955 57589892
18122955 84345122
18122955 127166025
18122955 57649922
18122955 45215711
18122955 24708360
18122955 82642333
18122955 31415083
18122955 57588372
18122955 27019571
152678471 127166025
57642845 127166025
84345122 57589892
84345122 18122955
84345122 24708360
84345122 152928969
84345122 57588372
84345122 127166025
84345122 152850866
84345122 27019571
148188455 127166025
148188455 35360403
148188455 152446146
148188455 24708360
148188455 152713210
148188455 57588372
32654305 582269457
32654305 45215711
32654305 151663873
32654305 24708360
32654305 57588372
32654305 67837730
32654305 20454838
32654305 127166025
137433529 127166025
152713210 148188455
152713210 127166025
152713210 152678471
152785059 127166025
152785059 152885704
155821724 127166025
152619585 127166025
58310159 127166025
58310159 152446146
58310159 24708360
152912929 127166025
152912929 152928969
61879069 127166025
35226811 27160210
35226811 127166025
35226811 45215711
35226811 24708360
152941773 127166025
152941773 24708360
152941773 57588372
52581294 25714698
52581294 27160210
52581294 58424461
52581294 57589892
52581294 57649922
52581294 57588372
52581294 127166025
52581294 152735242
52581294 152850866
31415083 25714698
31415083 27160210
31415083 58424461
31415083 58316867
31415083 57589892
31415083 152688774
31415083 18122955
31415083 35360403
31415083 57649922
31415083 152446146
31415083 45215711
31415083 24708360
31415083 152660481
31415083 57588372
31415083 210196241
31415083 127166025
31415083 152735242
31415083 152885704
31415083 152850866
67837730 152928146
67837730 57649922
67837730 57588372
67837730 32654305
67837730 127166025
67837730 27019571
152850866 25714698
152850866 35360403
152850866 24708360
152850866 59202795
152850866 57588372
152850866 210196241
152850866 84345122
152850866 127166025
152850866 31415083
152850866 52581294
518911983 127166025
152885704 152785059
152885704 101699171
152885704 47221404
152885704 152688774
152885704 35360403
152885704 45215711
152885704 24708360
152885704 121878426
152885704 127166025
152885704 31415083
101699171 25714698
101699171 127166025
101699171 152850866
101699171 18122955
101699171 35360403
101699171 45215711
101699171 152933485
101699171 24708360
101699171 152928969
101699171 152929726
101699171 152885704
101699171 57588372
101699171 18862889
151663873 127166025
151663873 32654305
151663873 57588372
1858563 25714698
1858563 127166025
1858563 35360403
1858563 45215711
1858563 24708360
1858563 57588372
45215711 27160210
45215711 57646304
45215711 152928146
45215711 101699171
45215711 1858563
45215711 127166025
45215711 152688774
45215711 18122955
45215711 35360403
45215711 57649922
45215711 152446146
45215711 24708360
45215711 152885704
45215711 31415083
45215711 252110034
45215711 57588372
45215711 35226811
45215711 82642870
152816371 127166025
57646304 210191556
57646304 127166025
57646304 35360403
57646304 45215711
57646304 152928969
57646304 57588372
201198756 127166025
201198756 24708360
59202795 127166025
59202795 152850866
59202795 24708360
59202795 57588372
59202795 27019571
82642870 127166025
82642870 45215711
82642870 58297914
82642870 24708360
152564874 127166025
152564874 57588372
210196241 152688774
210196241 35360403
210196241 127166025
210196241 31415083
210196241 152850866
59203961 127166025
59203961 24708360
152660481 127166025
152660481 35360403
152660481 24708360
152660481 57652668
152660481 31415083
152848322 127166025
58316867 152688426
58316867 58424461
58316867 127166025
58316867 57649922
58316867 24708360
58316867 31415083
58316867 35226811
24708360 201198756
24708360 25714698
24708360 210187899
24708360 58297914
24708360 20454838
24708360 27160210
24708360 152735242
24708360 59203961
24708360 366218320
24708360 152941773
24708360 210191556
24708360 152714209
24708360 710866716
24708360 54483226
24708360 152928146
24708360 101699171
24708360 58316867
24708360 1858563
24708360 582399231
24708360 84345122
24708360 127166025
24708360 152905254
24708360 47221404
24708360 152850866
24708360 152688774
24708360 18122955
24708360 35360403
24708360 57649922
24708360 45215711
24708360 152933485
24708360 127579270
24708360 152713804
24708360 59202795
24708360 82642333
24708360 58310159
24708360 58009113
24708360 148188455
24708360 582375701
24708360 57652033
24708360 152885704
24708360 31415083
24708360 35226811
24708360 27019571
24708360 82642870
52578317 127166025
210187899 127166025
210187899 24708360
210187899 57588372
366218320 127166025
366218320 24708360
152849206 127166025
152849206 84345122
152928146 67837730
152928146 152735242
152928146 127166025
152928146 45215711
152928146 24708360
27019571 24708360
27019571 18122955
27019571 127166025
27019571 57588372
27019571 820133459
27019571 27160210
27019571 152928969
27019571 59202795
27019571 25714698
27019571 84345122
27019571 35360403
27019571 155821724
27019571 67837730
47221404 127166025
47221404 35360403
47221404 24708360
47221404 152885704
96787750 127166025
57652668 127166025
57652668 152660481
