585513985 8861460
30929805 8861460
4241620 8861460
607637820 8861460
65263086 37796997
65263086 8861460
65263086 9150168
13186883 8861460
19328376 28984537
102394722 57607083
102394722 23395944
102394722 58476360
102394722 58126576
102394722 45161208
22360838 8861460
83916610 8861460
8861460 37796997
8861460 39974200
8861460 14314609
8861460 58022021
30837494 33826910
45544604 10889786
37231081 8861460
25922551 58126576
25922551 28984537
45161208 23395944
45161208 102394722
45161208 27978923
152927066 45161208
152927066 10889786
152927066 8861460
36194188 23613845
36194188 8861460
9150168 8861460
9150168 65263086
208398940 8861460
515925737 8861460
152809281 8861460
152809281 10889786
695174739 8861460
695174739 521516165
695174739 27978923
28984537 19328376
28984537 25922551
192202130 8861460
29328411 6784094
29328411 36130994
73507276 8861460
23613845 36194188
23613845 8861460
64859072 10889786
58022021 8861460
71743193 8861460
71743193 25301660
3506855 37796997
3506855 8861460
58126576 57607083
58126576 23395944
58126576 102394722
58126576 45161208
58126576 25922551
23395944 57607083
23395944 102394722
23395944 45161208
22284204 8861460
33826910 8861460
48840161 8861460
52447973 8861460
58476360 8861460
58476360 102394722
58476360 45161208
767698183 8861460
421479669 8861460
37796997 8861460
37796997 16124008
37796997 48751782
37796997 65263086
57607083 58126576
57607083 23395944
57607083 102394722
14314609 8861460
514633285 8861460
68949392 8861460
45221775 8861460
48751782 37796997
48751782 8861460
48751782 39974200
208386990 8861460
36130994 8861460
16124008 37796997
16124008 8861460
49197023 8861460
10889786 8861460
10889786 64859072
10889786 45544604
10889786 152927066
104977753 8861460
163894807 8861460
39974200 48751782
25012913 8861460
