676017312 423042501
676017312 833325237
676017312 8552385
676017312 79966882
833325237 79966882
833325237 833544702
833325237 230926909
833325237 8552385
833325237 423042501
833544702 230926909
833544702 79966882
833544702 8552385
833544702 833325237
230926909 79966882
230926909 8552385
230926909 833325237
230926909 833544702
423042501 676017312
423042501 307312085
79966882 676017312
79966882 8552385
79966882 230926909
79966882 833544702
79966882 833325237
8552385 79966882
8552385 676017312
8552385 230926909
8552385 833325237
