152957056 152620851
152957056 279316776
152957056 78316824
152957056 152473130
152957056 23518497
298834343 78316824
298834343 44174800
152620851 152957056
152620851 78316824
152620851 23518497
152957778 23518497
833336862 658761667
152601409 23518497
141107549 23518497
144737001 23518497
658761667 78316824
658761667 833336862
57393327 30076337
100951782 149541190
100951782 23518497
132225056 78316824
78316824 132225056
78316824 756501573
78316824 460149259
78316824 610294445
78316824 152482576
78316824 136839470
78316824 658761667
78316824 152620851
78316824 152515844
78316824 152817539
78316824 298834343
78316824 763411367
78316824 167225987
78316824 152808331
78316824 522435693
78316824 37080791
78316824 756503217
78316824 23518497
27977337 78316824
5966802 23518497
32701735 78316824
32701735 23518497
349875690 23518497
756501573 23518497
756501573 763411367
756501573 78316824
93402359 23518497
152502516 580986284
152502516 78316824
152502516 45022911
152502516 23518497
81968439 23518497
17725756 152856794
17725756 23518497
152808331 421480352
152808331 23518497
812680274 78316824
812680274 23518497
114837226 78316824
9614026 351103124
763411367 23518497
763411367 78316824
763411367 756501573
580986284 152502516
224331020 23518497
279316776 152957056
45022911 152482576
45022911 78316824
45022911 23518497
45022911 349875690
149541190 100951782
152596707 152856794
460149259 78316824
37080791 152473130
37080791 78316824
37080791 23518497
581230590 23518497
581230590 763411367
581230590 78316824
82269495 152817539
82269495 23518497
82269495 49520646
82269495 44174800
82269495 152603219
152515844 152482576
152515844 78316824
152515844 23518497
136589654 23518497
152473130 152957056
152473130 152730573
152473130 37080791
152473130 23518497
152431008 23518497
522435693 78316824
522435693 152482576
522435693 23518497
44174800 298834343
44174800 23518497
44174800 82269495
152925642 78316824
159991891 23518497
130996094 23518497
505215713 78316824
36465610 32701735
36465610 78316824
36465610 23518497
582733461 23518497
582733461 78316824
61758114 23518497
57648585 152818498
57648585 23518497
351103124 9614026
127788693 23518497
836117641 78316824
581804678 78316824
152818498 57648585
14504684 23518497
421480352 23518497
136839470 23518497
136839470 167225987
136839470 78316824
152817539 78316824
152817539 23518497
152817539 82269495
72125330 23518497
49520646 82269495
152603219 78316824
152603219 82269495
152603219 23518497
61961350 23518497
152482576 78316824
152856794 152596707
152856794 17725756
152856794 23518497
601657159 23518497
30076337 23518497
756503217 78316824
756503217 23518497
610294445 78316824
610294445 23518497
364191578 78316824
364191578 23518497
89489030 23518497
49405937 23518497
23518497 127788693
23518497 44174800
23518497 100951782
23518497 152817539
23518497 61961350
23518497 152515844
23518497 224331020
23518497 610294445
23518497 78316824
23518497 522435693
23518497 37080791
23518497 32701735
23518497 152473130
23518497 17725756
23518497 152620851
23518497 136589654
23518497 45022911
23518497 152856794
23518497 136839470
23518497 89489030
23518497 81968439
23518497 167225987
23518497 581230590
23518497 601657159
23518497 421480352
23518497 152808331
23518497 152957778
23518497 141107549
23518497 756503217
23518497 144737001
23518497 834157883
23518497 130996094
23518497 152957056
23518497 49405937
23518497 152502516
23518497 758028158
23518497 152601409
23518497 152603219
23518497 460149259
23518497 72125330
23518497 152938549
23518497 93402359
23518497 61758114
23518497 210216599
23518497 152730573
23518497 159991891
23518497 756501573
23518497 582733461
23518497 57648585
23518497 364191578
23518497 36465610
23518497 82269495
23518497 349875690
23518497 30076337
23518497 5966802
167225987 78316824
167225987 23518497
152938549 78316824
152938549 23518497
152730573 23518497
152730573 152473130
210216599 89489030
210216599 23518497
