265933080 23774377
614085742 23774377
68948459 23774377
215955989 23774377
836611984 23774377
136603759 23774377
5611436 23774377
199750655 23774377
130585782 23774377
45187166 23774377
80489791 23774377
417661823 23774377
836614833 23774377
128133506 23774377
48078505 23774377
35317601 23774377
91875496 23774377
75838467 23774377
54263108 23774377
241787063 23774377
32705208 25830944
32705208 23774377
471368069 23774377
49048742 23774377
111330092 23774377
25830944 23774377
60192111 23774377
15449583 23774377
