158123275 40341674
128233740 192631844
49044099 127180764
52108382 192631844
52108382 648989946
115880355 192631844
25266384 127180764
65318870 40341674
65318870 3644843
127386367 127180764
3644843 40341674
3644843 65318870
368876311 192631844
349372073 192631844
49066883 40341674
49066883 127180764
7137194 127180764
7137194 130037602
20143270 128233740
20143270 127180764
40341674 205151714
40341674 75998896
40341674 3644843
40341674 49066883
40341674 45222293
40341674 158123275
40341674 65318870
40341674 44193493
648989946 45035533
648989946 192631844
648989946 52108382
648989946 531723682
27522418 192631844
48699778 127180764
43800603 128356655
44193493 40341674
11780238 49053635
11780238 127180764
128356655 129793904
129793904 192631844
129793904 128433972
129793904 55412140
129793904 128356655
55412140 129793904
165320566 192631844
45035533 192631844
45035533 47604013
45035533 531723682
45035533 799833093
45035533 128233740
45035533 648989946
645204092 192631844
724701825 40341674
51207972 44203664
75998896 127180764
799833093 45035533
799833093 192631844
799833093 531723682
130037602 127180764
44251258 44203664
44251258 127180764
45222293 40341674
118444423 128233740
128433972 129793904
49053635 128233740
49053635 11780238
49053635 127180764
192631844 45035533
192631844 129793904
192631844 128433972
192631844 349372073
192631844 799833093
192631844 531723682
205151714 40341674
44203664 51207972
44203664 131807460
44203664 44251258
44203664 127180764
531723682 45035533
531723682 836614441
531723682 192631844
836614441 192631844
836614441 531723682
