31416817 161101527
741691032 161101527
532645676 161101527
427984464 175208607
427984464 161101527
99219995 191097877
99219995 71611425
99219995 161101527
99219995 295610147
99219995 298807640
99219995 159850005
164849632 298810459
164849632 161101527
159850005 161101527
159850005 99219995
159850005 289208836
71611425 335583444
71611425 99219995
71611425 161101527
71611425 689360322
71611425 298807261
289208836 233916872
289208836 161101527
289208836 689360322
289208836 298807945
289208836 175208607
289208836 384861238
289208836 159850005
233916872 289208836
233916872 141491425
217181649 161101527
217181649 289208836
241252009 161101527
299207906 161101527
299207906 262646862
456875934 161101527
161606442 161101527
161606442 289208836
161606442 298807640
38115870 161101527
132652191 161101527
383680026 161101527
289202047 161101527
689360322 71611425
689360322 161101527
689360322 289208836
689360322 364081074
5878828 161101527
836612523 161101527
268889462 161101527
268889462 123282662
681513023 161101527
448815992 161101527
123282662 49271336
123282662 163535893
123282662 513045652
67207403 161101527
67207403 289208836
67207403 805805
47962173 161101527
684201553 161101527
308007340 161101527
203423324 161101527
203423324 289208836
54419200 161101527
298807261 71611425
298807261 161101527
298807261 123282662
49271336 161101527
49271336 123282662
836611880 161101527
836611880 289208836
281037078 161101527
137083940 161101527
368666976 161101527
38187428 161101527
578749629 161101527
289183394 161101527
215949772 161101527
836612438 161101527
61159838 161101527
61159838 132150984
61159838 20475444
289201335 161101527
289201335 289208836
14919316 175208607
14919316 774469541
14919316 298807640
14919316 298808356
217126642 161101527
130460933 161101527
163535893 123282662
163535893 289208836
163535893 161101527
51818365 161101527
366089651 161101527
269992097 161101527
155640238 161101527
155640238 289208836
149282232 59653622
21233329 161101527
21233329 98837171
833354758 298810459
833354758 161101527
833354758 175208607
774469541 14919316
21356877 161101527
155562406 161101527
56823605 161101527
56823605 289208836
56823605 98837171
295610147 161101527
295610147 289208836
295610147 458222636
298807945 289208836
458222636 295610147
298810459 161101527
298810459 833354758
298810459 164849632
197954278 161101527
175208607 14919316
175208607 161101527
175208607 289208836
175208607 98837171
175208607 833354758
161101527 298810459
161101527 99219995
161101527 269992097
161101527 268889462
161101527 71611425
161101527 161606442
161101527 836612438
161101527 20475444
161101527 186926944
161101527 833354758
161101527 456875934
161101527 175208607
161101527 155562406
161101527 61159838
161101527 308007340
161101527 298807261
161101527 159850005
161101527 130460933
166720772 161101527
132150984 61159838
335583444 71611425
335583444 161101527
335583444 289208836
128586180 161101527
186926944 161101527
98837171 161101527
98837171 289208836
98837171 21233329
98837171 56823605
98837171 175208607
98837171 299207906
513045652 123282662
59653622 149282232
59653622 161101527
317433384 161101527
59583703 161101527
262646862 161101527
262646862 299207906
364081074 161101527
364081074 689360322
191097877 99219995
191097877 161101527
20475444 14919316
20475444 161101527
20475444 61159838
384861238 161101527
384861238 289208836
833412550 161101527
298808356 14919316
298808356 161101527
298808356 289208836
298807640 14919316
298807640 99219995
298807640 161101527
24495358 161101527
