45058902 58489343
78719031 34750901
61036072 58515100
61036072 57847516
36882512 551326791
36882512 58515100
36882512 5471354
36882512 57847516
551326791 58515100
551326791 57847516
136589650 58515100
136589650 57847516
48709055 58515100
48709055 82159040
44830031 58515100
154839327 127726475
29979493 127726475
34750901 78719031
34750901 58515100
46872867 58515100
46872867 128378745
13499478 127184823
44498073 58515100
44498073 127726475
58042076 58515100
103481845 58515100
44961636 57847516
415631581 57847516
152528151 130734607
58515100 127726475
58515100 5471354
58515100 136589650
58515100 57847516
155818531 127184823
155818531 58515100
83917571 127184823
18948499 58515100
18948499 57847516
49051763 6346492
152575827 57847516
152575827 58515100
152575827 5471354
6346492 49051763
415389957 58515100
415389957 57847516
415389957 127726475
48539837 8919176
130734607 58515100
130734607 127726475
130734607 152528151
607617728 127726475
109258075 58515100
109258075 57847516
44174446 58515100
160322620 127726475
687031088 58515100
52565494 58515100
52565494 127726475
129620553 127726475
152928456 58515100
152928456 45058902
128378745 58515100
58489343 58515100
58489343 45058902
459321927 58515100
127385895 58515100
44795099 58515100
44795099 127726475
44795099 57847516
225308359 58515100
171142727 127726475
21648323 58515100
6430866 58515100
6430866 57847516
49057697 58515100
49057697 127726475
82159040 48709055
5471354 58515100
11047724 44632430
44632430 11047724
127726475 58515100
127726475 129620553
8919176 48539837
8919176 127184823
61239359 58515100
61239359 127726475
61239359 57847516
73878036 127726475
84084229 127726475
127184823 58515100
127184823 127726475
57447651 127726475
50860508 58515100
