52394147 58083648
52394147 175152409
52394147 497800215
52394147 123642158
52394147 29827485
52394147 228438506
14259022 58083648
14259022 152731051
14259022 57647808
14259022 58324134
14259022 123642158
14259022 228438506
14259022 152581178
152581178 58324134
152581178 57647808
152581178 175152409
152581178 58031162
152581178 52394147
152581178 29827485
152581178 123642158
152581178 58083648
152581178 14259022
152581178 497800215
152581178 228438506
152581178 58174894
58174894 58083648
58174894 29827485
58174894 228438506
58174894 152581178
58324134 58083648
58324134 57647808
58324134 58031162
58324134 14259022
58324134 58174894
58324134 175152409
58324134 52394147
58324134 497800215
58324134 29827485
58324134 228438506
58324134 152581178
152731051 57647808
152731051 14259022
152731051 123642158
152731051 29827485
152731051 152581178
57647808 58083648
57647808 152731051
57647808 58031162
57647808 14259022
57647808 58324134
57647808 58174894
57647808 175152409
57647808 52394147
57647808 497800215
57647808 123642158
57647808 29827485
57647808 228438506
57647808 152581178
175152409 58083648
175152409 57647808
175152409 58324134
175152409 58174894
175152409 52394147
175152409 123642158
175152409 228438506
175152409 152581178
58031162 57647808
58031162 29827485
123642158 58083648
123642158 152731051
123642158 14259022
123642158 175152409
123642158 52394147
123642158 497800215
123642158 29827485
123642158 228438506
123642158 152581178
228438506 58031162
228438506 58324134
228438506 58083648
228438506 497800215
228438506 123642158
228438506 58174894
228438506 57647808
228438506 14259022
228438506 175152409
228438506 29827485
228438506 52394147
228438506 152581178
29827485 58031162
29827485 58083648
29827485 152731051
29827485 52394147
29827485 58324134
29827485 123642158
29827485 58174894
29827485 228438506
29827485 152581178
497800215 228438506
497800215 123642158
58083648 57647808
58083648 14259022
58083648 175152409
58083648 52394147
58083648 497800215
58083648 123642158
58083648 58031162
58083648 29827485
58083648 228438506
58083648 152581178
