82435733 57648482
82435733 80710062
82435733 58155015
82435733 22631800
82435733 26179196
130444143 26179196
130444143 22631800
152876712 152682146
152876712 58046408
80710062 37414249
80710062 12128343
80710062 26179196
80710062 82435733
80710062 37775080
80710062 79437509
80710062 31323662
80710062 155858257
80710062 58155015
80710062 7699099
80710062 85052626
80710062 12136709
85052626 26179196
85052626 57648482
85052626 80710062
85052626 12136709
85052626 57651369
152933107 271184948
152933107 57651369
152933107 26179196
97088837 79437509
97088837 60440878
97088837 33072799
58034932 57648482
58034932 60693147
58034932 120645955
58034932 582223783
58034932 155858257
58034932 12136709
58034932 33072799
57324928 57648482
57324928 12136709
152674348 57648761
152674348 12136709
98248290 210277912
152883119 60693147
58155015 26179196
58155015 82435733
58155015 80710062
58155015 58046408
58155015 49415828
58155015 155858257
7699099 26179196
7699099 80710062
7699099 37775080
7699099 155858257
7699099 152856459
54154469 24801006
54154469 57648482
54154469 60440878
54154469 22631800
54154469 26179196
54154469 60693147
541475723 24801006
152682146 60440878
152929552 26179196
58010365 298856715
49415828 26179196
49415828 58155015
49415828 58053768
152686653 24801006
152686653 12136709
367167971 12136709
37775080 12128343
37775080 26179196
37775080 80710062
37775080 152932786
37775080 79437509
37775080 7699099
37775080 12136709
37775080 17129616
31323662 152931302
31323662 26179196
31323662 80710062
31323662 79437509
33072799 26179196
33072799 82435733
33072799 57648925
33072799 120645955
33072799 97088837
79437509 80710062
79437509 37775080
79437509 57648761
79437509 31323662
79437509 12136709
79437509 85052698
79437509 97088837
79437509 22631800
79437509 26179196
79437509 60693147
37414249 80710062
37414249 12136709
152955709 12136709
82653252 12136709
57651369 26179196
57651369 57648482
57651369 210277912
57651369 57648925
57651369 152933107
57651369 85052626
57651369 33072799
57651369 15104225
120645955 24801006
120645955 26179196
110693118 12136709
85052698 79437509
85052698 12136709
57648761 152674348
57648761 210207913
57648761 79437509
152856459 152933107
152856459 7699099
298856715 60693147
298856715 58010365
12128343 26179196
12128343 80710062
12128343 60693147
12128343 3229333
58053768 49415828
58053768 12136709
58124347 12136709
152656314 12136709
152931302 31323662
17129616 152820614
17129616 37775080
17129616 12136709
57648482 26179196
57648482 82435733
57648482 60693147
57648482 58034932
57648482 210277912
57648482 210207913
57648482 54154469
57648482 582223783
57648482 57324928
57648482 60440878
57648482 85052626
57648482 57651369
57648482 15104225
57648482 22631800
57648482 58155724
58046408 26179196
58046408 152876712
58046408 60440878
58046408 58155015
58046408 12136709
22113433 54154469
210207913 57648482
210207913 57648761
210207913 57648925
58066498 24801006
58066498 12136709
24801006 541475723
24801006 54154469
24801006 298857091
22631800 26179196
22631800 82435733
22631800 57648482
22631800 54154469
22631800 79437509
22631800 130444143
15104225 57648482
15104225 57651369
15104225 26179196
15104225 60693147
15104225 57648925
152932786 24801006
152932786 26179196
152932786 60693147
152932786 37775080
582223783 26179196
582223783 57648482
582223783 58034932
3229333 12128343
3229333 26179196
152913428 298857091
152820614 281727115
298857091 24801006
271184948 155858257
271184948 152933107
642481262 12136709
581019034 12136709
161599208 99559556
12136709 37414249
12136709 367167971
12136709 152674348
12136709 80710062
12136709 37775080
12136709 58034932
12136709 82653252
12136709 58046408
12136709 79437509
12136709 155858257
12136709 57324928
12136709 60440878
60440878 57648482
60440878 60693147
60440878 121878385
60440878 54154469
60440878 58046408
60440878 155858257
60440878 97088837
121878385 26179196
121878385 3229333
121878385 210192043
57648925 210207913
57648925 120645955
57648925 57651369
57648925 33072799
57648925 15104225
60693147 12128343
60693147 57648482
60693147 58034932
60693147 152932786
60693147 60440878
60693147 26179196
60693147 54154469
60693147 152883119
60693147 79437509
60693147 15104225
60693147 298856715
155858257 26179196
155858257 80710062
155858257 58034932
155858257 60440878
155858257 58155015
155858257 271184948
155858257 7699099
155858257 12136709
210277912 57648482
210277912 57651369
210277912 26179196
26179196 152682146
26179196 152929552
26179196 12128343
26179196 57648482
26179196 80710062
26179196 37775080
26179196 152932786
26179196 121878385
26179196 281727115
26179196 120645955
26179196 58046408
26179196 582223783
26179196 49415828
26179196 31323662
26179196 130444143
26179196 155858257
26179196 60440878
26179196 58155015
26179196 7699099
26179196 85052626
26179196 57651369
26179196 33072799
26179196 22631800
26179196 152686653
26179196 82435733
26179196 152820614
26179196 54154469
26179196 79437509
26179196 60693147
26179196 15104225
26179196 3229333
26179196 152933107
26179196 210277912
210192043 121878385
