580954694 58441674
756497033 58441674
58105416 58441674
57311759 65732203
58031943 58441674
218659168 127672425
14505820 65732203
14505820 16171289
14505820 57847118
96172206 44750226
96172206 831890235
96172206 127672425
96172206 65732203
96172206 29927806
96172206 93075883
96172206 85052781
96172206 58441674
298837904 58441674
33871072 57847118
33871072 58441674
57745488 58441674
581414214 58441674
604136232 127672425
93075883 16171289
93075883 96172206
93075883 57847118
93075883 58441674
152567420 58441674
167423195 65732203
167423195 58441674
152798171 127672425
152798171 58441674
152798171 57847118
152858858 58441674
57847118 127672425
57847118 14505820
57847118 215772542
57847118 152816364
57847118 155858800
57847118 19001041
57847118 16171289
57847118 33871072
57847118 97363460
57847118 93075883
57847118 58089023
57847118 97088636
57847118 15656450
57847118 298838420
57847118 57348361
57847118 47223736
57847118 58441674
57847118 58340541
57847118 291729582
57847118 210210598
57847118 35059328
57847118 107651033
57847118 44750226
57847118 152798171
57847118 85052781
152816364 57847118
152816364 58441674
44750226 539819016
44750226 21145577
44750226 127672425
44750226 29927806
44750226 96172206
44750226 97363460
44750226 58441674
44750226 35059328
44750226 57847118
58093346 58441674
65732203 127672425
65732203 14505820
65732203 72654342
65732203 58441674
65732203 58034192
58034192 65732203
58034192 58441674
515880336 58441674
539819016 44750226
539819016 57847118
155428370 57847118
155428370 58441674
58078721 58441674
563479821 58441674
581654478 58441674
57348361 57847118
57348361 58441674
58078251 127672425
58078251 58441674
97363460 44750226
97363460 57847118
58340541 127672425
58340541 57847118
58340541 58441674
21145577 44750226
21145577 58441674
58007938 127672425
67548275 58441674
582006456 58441674
291729582 127672425
291729582 57847118
97088636 57847118
97088636 58441674
487663233 127672425
85052781 96172206
85052781 58441674
85052781 57847118
54053261 58441674
72541197 58441674
50855846 127672425
50855846 65732203
50855846 58441674
47223736 57847118
107492415 65732203
107492415 58441674
57642309 127672425
57642309 58441674
115858833 65732203
203301410 127672425
203301410 58441674
45038622 58441674
298838420 57847118
58353365 65732203
155818990 58441674
107651033 58441674
107651033 57847118
19001041 16171289
19001041 57847118
19001041 58441674
58441674 127672425
58441674 65732203
58441674 57847118
581620424 127672425
581620424 57847118
581620424 58441674
581968728 58441674
517017038 58441674
29927806 58441674
72654342 65732203
58089023 65732203
58089023 57847118
58089023 58441674
57367956 65732203
50861186 58441674
16171289 127672425
16171289 14505820
16171289 65732203
16171289 19001041
16171289 93075883
16171289 57847118
16171289 58092062
210210598 57847118
210210598 58441674
58050152 58441674
35059328 223834593
35059328 44750226
35059328 57847118
58275426 58441674
155858800 57847118
155858800 58441674
215772542 57847118
215772542 58441674
133287695 58441674
223834593 58441674
15656450 57847118
155869529 127672425
155869529 58441674
127672425 65732203
127672425 58441674
