38328598 127668099
44162676 127187023
49055484 44146362
49055484 45371786
49055484 127215535
30862761 44146362
30862761 127187023
30862761 28293193
30862761 34717635
30862761 127215535
363817870 127187023
44146362 72109047
44146362 49402891
44146362 127187023
44146362 30862761
44146362 28293193
44146362 34717635
44146362 131673107
44146362 45371786
156576904 38208785
156576904 192491133
85505919 127187023
75276755 5204643
72109047 6046620
72109047 68950181
72109047 61721042
72109047 75381893
50858784 28293193
50858784 34717635
50858784 75276755
50858784 45371786
50858784 127668099
49402891 44146362
49402891 127187023
49402891 164578215
49402891 28293193
49402891 192491133
49402891 34717635
49402891 127668099
44670280 28293193
44670280 127668099
127215535 44146362
127215535 127187023
127215535 49055484
127215535 30862761
127215535 28293193
127215535 192491133
127215535 34717635
127215535 45371786
127215535 127668099
127215535 44534137
44782474 192491133
48596504 28293193
48596504 34717635
44881180 127187023
69025263 34717635
69025263 75381893
69025263 127668099
69025263 44534137
82528078 127187023
82528078 61721042
48573099 127187023
48573099 127668099
48673638 127187023
48673638 28293193
48673638 127668099
28293193 44146362
28293193 6046620
28293193 49402891
28293193 104279905
28293193 164578215
28293193 132434033
28293193 50858784
28293193 30862761
28293193 38208785
28293193 44670280
28293193 50690229
28293193 192491133
28293193 34717635
28293193 61721042
28293193 45371786
28293193 127215535
28293193 48596504
28293193 127668099
28293193 48673638
28293193 44534137
28293193 60483280
19964356 6046620
19964356 127187023
19964356 28123805
19964356 34717635
19964356 61721042
192491133 49402891
192491133 127187023
192491133 156576904
192491133 28293193
192491133 34717635
192491133 127215535
192491133 44782474
192491133 60483280
104279905 44146362
104279905 6046620
104279905 28123805
104279905 28293193
104279905 61721042
104279905 129997801
104279905 50862622
104279905 127668099
164578215 6046620
164578215 49402891
164578215 28293193
164578215 50690229
164578215 34717635
164578215 131673107
164578215 45371786
164578215 17198727
44534137 76741931
44534137 28293193
44534137 34717635
44534137 127668099
20478010 28123805
20478010 127668099
5204643 75276755
44847502 127187023
231762471 15136647
34717635 44146362
34717635 6046620
34717635 49402891
34717635 127187023
34717635 177232679
34717635 164578215
34717635 68950181
34717635 132434033
34717635 50858784
34717635 76741931
34717635 30862761
34717635 28293193
34717635 50690229
34717635 192491133
34717635 932022
34717635 69025263
34717635 131673107
34717635 45371786
34717635 127215535
34717635 19964356
34717635 50862622
34717635 48596504
34717635 44534137
34717635 60483280
132434033 6046620
132434033 28293193
132434033 34717635
132434033 45371786
75237030 28123805
177232679 34717635
38208785 6046620
38208785 104279905
38208785 68950181
38208785 156576904
38208785 28293193
15136647 231762471
15136647 127668099
50690229 164578215
50690229 28293193
50690229 34717635
23528906 28123805
23528906 45371786
68950181 6046620
68950181 34717635
68950181 61721042
131673107 164578215
131673107 34717635
131673107 60483280
6046620 104279905
6046620 164578215
6046620 68950181
6046620 132434033
6046620 28293193
6046620 34717635
6046620 45371786
6046620 19964356
17198727 127187023
17198727 164578215
17198727 28123805
17198727 45371786
17198727 20478010
17198727 127668099
932022 127187023
932022 50858784
932022 34717635
932022 127668099
50862622 34717635
50862622 127668099
48647200 44295339
28123805 45371786
28123805 19964356
28123805 20478010
28123805 127668099
45371786 44146362
45371786 6046620
45371786 49055484
45371786 164578215
45371786 132434033
45371786 28123805
45371786 23528906
45371786 28293193
45371786 34717635
45371786 17198727
45371786 60483280
61721042 72109047
61721042 82528078
61721042 68950181
61721042 19964356
61721042 127668099
60483280 127187023
60483280 61721042
60483280 45371786
60483280 131673107
60483280 28293193
60483280 34717635
60483280 192491133
76741931 127187023
76741931 34717635
76741931 127668099
76741931 44534137
49495646 127187023
75381893 127187023
75381893 127668099
44987047 127187023
44987047 127668099
