141279923 127167266
455853373 509674184
155891141 127167266
10289085 127167266
52661818 127167266
132639623 127167266
47699818 127167266
372162639 127167266
732018168 155810918
732018168 167039458
413213220 129028157
566632721 127167266
605063749 127167266
129028157 744495083
571590787 127167266
744495083 129028157
307163724 127167266
34800932 127167266
509674184 141676517
36223830 127167266
115439492 127167266
381338771 509674184
72852835 127167266
757850206 127167266
58015516 127167266
141676517 509674184
8022680 127167266
195312714 127167266
166568408 127167266
167039458 155810918
167039458 732018168
167039458 127167266
540369606 127167266
44734356 127167266
44715972 127167266
225291682 127167266
142730076 127167266
29490589 127167266
536002344 57480259
57480259 536002344
155810918 732018168
155810918 167039458
126543210 127167266
