210282165 44759939
210282165 35915258
210282165 599387100
210282165 298839019
58388728 599387100
152811827 599387100
83250157 58399287
83250157 599387100
83250157 742466909
83250157 12999029
83250157 65336735
30162637 44759939
30162637 28399284
30162637 599387100
61937564 35915258
61937564 4258628
57609696 599387100
44759939 599387100
44759939 210282165
44759939 30162637
28399284 58399287
28399284 35915258
28399284 599387100
28399284 64385608
28399284 12999029
28399284 30162637
28399284 58009857
152929495 155817752
325956580 599387100
4258628 12999029
4258628 61937564
12999029 58044890
12999029 26033154
12999029 82153104
12999029 599387100
12999029 83250157
12999029 231762541
12999029 325956580
12999029 4258628
12999029 65336735
12999029 30162637
12999029 58009857
58009857 28399284
58009857 599387100
65336735 35915258
65336735 83250157
65336735 12999029
65336735 742466909
67706842 599387100
58044890 58153537
58044890 35248872
58044890 26033154
58044890 599387100
58044890 12999029
82153104 58153537
82153104 599387100
582251307 34468234
58342862 599387100
54653157 28898567
54653157 599387100
152601657 599387100
142729169 34468234
142729169 599387100
91681490 599387100
58332930 325956580
58332930 599387100
58332930 26033154
58332930 34468234
35915258 34468234
35915258 28399284
35915258 210282165
35915258 65336735
35915258 61937564
35915258 152656514
11981307 599387100
11981307 255005133
58079826 599387100
582647620 34475543
255005133 11981307
752096101 599387100
34468234 142729169
34468234 58332930
34468234 35915258
34468234 58022205
34468234 599387100
34468234 83250157
34468234 582002596
34468234 582251307
34468234 298839019
155817752 152929495
155817752 599387100
58399287 599387100
58399287 83250157
58399287 742466909
74871125 599387100
152656514 35915258
152656514 599387100
152656514 581165535
298839019 34468234
298839019 210282165
298839019 210293021
58477138 599387100
742466909 58399287
742466909 599387100
742466909 83250157
599387100 142729169
599387100 34468234
599387100 58332930
599387100 58399287
599387100 58022205
599387100 28399284
599387100 83250157
599387100 325956580
599387100 18783147
599387100 91681490
599387100 64385608
599387100 12999029
599387100 58009857
599387100 210293021
58162351 599387100
18783147 599387100
26033154 58044890
26033154 58332930
26033154 12999029
58022205 325956580
58022205 599387100
58022205 34468234
581165535 152656514
217127568 599387100
73837922 599387100
155816347 599387100
45813623 599387100
64385608 28399284
64385608 599387100
56647417 599387100
210293021 599387100
35248872 58044890
582002596 34468234
152928597 599387100
28898567 34475543
138989460 599387100
58153537 58044890
58153537 82153104
58153537 599387100
