25477970 60992384
40285758 60992384
834147029 60992384
192270845 60992384
152478304 60992384
377292114 60992384
756567704 60992384
22860950 60992384
65591424 27946989
65591424 60992384
806343743 60992384
20151623 101696621
20151623 60992384
152680518 60992384
152906718 166493454
152906718 60992384
27919728 60992384
58023887 253990598
58023887 60992384
152621887 298834306
152621887 60992384
58044074 60992384
152912722 60992384
152858384 60992384
223862699 60992384
166493454 152906718
166493454 60992384
152856972 60992384
612820677 60992384
52448839 60992384
102761361 152818075
102761361 60992384
21439324 49264325
21439324 60992384
64403435 60992384
349757140 60992384
633983277 107239727
633983277 60992384
133735751 60992384
421547574 60992384
566550643 60992384
421529183 60992384
58107403 152601973
58107403 60992384
421477133 60992384
138964206 60992384
606759301 60992384
101696621 152818075
101696621 5988341
101696621 298834306
101696621 60992384
152621251 60992384
421483675 60992384
28513025 60992384
152849279 758013991
152849279 60992384
152924105 298834306
152924105 60992384
58152851 60992384
519152833 60992384
362982938 60992384
152601973 27946989
152601973 58107403
152601973 60992384
497858592 60992384
421528490 60992384
42139611 60992384
152504384 60992384
363843276 60992384
166515011 60992384
346981254 60992384
90200623 60992384
54307791 60992384
223822059 60992384
152687643 27946989
152687643 60992384
152818075 102761361
152818075 60992384
107239727 633983277
107239727 60992384
60992384 223862699
97266384 60992384
58098309 60992384
152727913 60992384
758013991 152849279
758013991 29743663
13958512 60992384
421483637 60992384
152921950 298834306
152921950 60992384
152473654 60992384
152574273 60992384
16106788 60992384
316454267 60992384
421522675 60992384
316676625 60992384
49264325 60992384
27946989 152687643
27946989 152601973
298834306 152924105
298834306 152921950
298834306 152621887
298834306 60992384
161767281 60992384
75775127 60992384
29743663 758013991
49197241 60992384
152540675 60992384
5988341 101696621
5988341 152621251
5988341 60992384
152680999 60992384
758043746 60992384
601648129 60992384
68903424 60992384
152938698 60992384
833344540 60992384
253990598 60992384
