193096611 130259559
833395613 797508178
741236366 130259559
142889320 130259559
142889320 149507650
21243529 174003875
21243529 321831390
21243529 130259559
21243529 138839202
201050520 130259559
43662652 130259559
802854361 130259559
219635567 67932763
449555803 144888991
836614001 299201247
201516971 130259559
138839202 21243529
138839202 130259559
78801132 130259559
321831390 299201247
321831390 21243529
321831390 130259559
49835312 130259559
528211453 130259559
163981549 130259559
163981549 67932763
17033663 130259559
130259559 7801807
130259559 174003875
130259559 142889320
130259559 528665327
130259559 43662652
130259559 144888991
130259559 742830848
130259559 692127031
130259559 163981549
130259559 193096611
130259559 21243529
130259559 67932763
130259559 212595360
130259559 835008870
130259559 148646542
130259559 220495893
130259559 335564158
130259559 17033663
130259559 185785642
130259559 321831390
130259559 149507650
528536189 130259559
528665327 130259559
835876930 166206458
67932763 219635567
67932763 163981549
67932763 130259559
7801807 130259559
750249713 130259559
49717486 130259559
327121667 130259559
181948360 130259559
335564158 130259559
797508178 833395613
299201247 836614001
299201247 742830848
299201247 321831390
742830848 299201247
742830848 130259559
662841230 69253053
101634012 130259559
220495893 130259559
79034589 130259559
256404140 130259559
69253053 662841230
69253053 148646542
69253053 130259559
174003875 21243529
174003875 130259559
662140231 130259559
835008870 130259559
529664055 130259559
212595360 130259559
185785642 130259559
833396027 130259559
148646542 69253053
148646542 130259559
651176270 130259559
51846226 130259559
144888991 449555803
144888991 130259559
163887593 833801369
163887593 130259559
754513048 130259559
263580428 149507650
149507650 263580428
149507650 365285853
149507650 142889320
149507650 130259559
