129752717 128459595
299975711 834256217
450894641 258428296
450894641 140428053
212632198 26561178
206802198 139508326
546379171 372373795
546379171 139508326
546379171 132079699
546379171 219731267
546379171 836610683
162123807 735682771
141224693 607268453
372373795 546379171
187978283 86107192
219731267 120886975
219731267 546379171
814592233 836612880
814592233 607268453
814592233 128459595
26561178 305562713
26561178 305560537
26561178 134225772
26561178 212632198
26561178 305559708
26561178 107972514
305560537 26561178
538353946 607268453
834698003 1645234
834698003 607268453
69299630 683916104
69299630 607268453
258428296 134225772
258428296 450894641
258428296 834256217
139508326 683916104
139508326 607268453
139508326 137893770
139508326 206802198
139508326 546379171
630216496 50635244
683916104 407383229
683916104 139508326
683916104 82263962
683916104 69299630
82263962 683916104
82263962 683268797
137893770 139508326
607268453 834256217
607268453 109238842
607268453 538353946
607268453 69299630
607268453 139508326
134325429 131620960
735682771 162123807
109238842 607268453
115797151 134225772
834256217 607268453
834256217 299975711
834256217 258428296
59584125 135167261
305562713 26561178
135167261 59584125
49508558 1645234
128459595 836612880
128459595 814592233
128459595 129752717
506425787 193806170
86107192 693762685
86107192 187978283
448833212 128755605
40212382 162923373
193806170 506425787
106163908 132079699
162923373 131429700
162923373 40212382
305559708 26561178
407383229 683916104
132079699 120886975
132079699 546379171
132079699 106163908
120886975 132079699
120886975 219731267
140428053 450894641
128755605 448833212
1645234 134225772
1645234 49508558
683268797 82263962
693762685 164735473
693762685 86107192
836610683 546379171
107972514 26561178
134225772 1645234
134225772 258428296
134225772 115797151
258741810 40212382
164735473 693762685
131620960 134325429
50635244 630216496
