21642350 39929481
600038951 39929481
700831764 39929481
701052990 39929481
605008945 39929481
231158077 39929481
836612012 75400457
836612012 39929481
638096629 39929481
3320267 39929481
497225302 39929481
700786757 39929481
570862451 39929481
383034191 39929481
644183399 39929481
5407141 39929481
229608329 39929481
236613795 39929481
182247861 39929481
700732329 39929481
262048095 39929481
75400457 144763357
75400457 325737681
75400457 39929481
544164915 39929481
39929481 325737681
39929481 216075009
39929481 144763357
39929481 75400457
216075009 75400457
216075009 39929481
701547294 39929481
325737681 75400457
325737681 144763357
325737681 39929481
700877499 39929481
334292477 39929481
518637766 39929481
89996844 39929481
18197178 39929481
51851992 39929481
156178009 39929481
413377326 39929481
201239295 39929481
196058225 39929481
39504132 39929481
57489931 39929481
81866493 39929481
299175273 39929481
524740202 39929481
299140757 39929481
144763357 75400457
144763357 325737681
144763357 39929481
91265265 39929481
293153399 39929481
60786675 39929481
242757626 39929481
497298749 39929481
