44707575 61721125
129915939 61721125
33439035 61721125
65427198 49069096
65427198 18075973
65427198 25392447
65427198 61721125
2530244 61721125
97833916 49069096
120788984 61721125
71298428 61721125
48705615 12165207
48705615 79272727
48705615 61721125
33444563 26453072
33444563 61721125
192447474 61721125
27917303 61721125
49044593 55038877
49044593 61721125
95360536 61721125
60938953 61721125
65605976 61721125
48434119 2225127
48434119 61721125
77214480 79272727
77214480 26453072
77214480 2225127
77214480 61721125
55227889 349516804
55227889 28951629
55227889 61721125
14770181 61721125
121307184 61721125
60496206 30854150
60496206 61721125
47614235 61721125
57128886 61721125
80641661 134211693
80641661 49069096
80641661 79272727
80641661 26453072
80641661 2225127
80641661 61721125
45307611 61721125
44946629 61721125
82529493 61721125
205151868 61721125
49053525 61721125
132532340 61721125
49069096 97833916
49069096 49054198
49069096 69075590
49069096 45224141
49069096 65427198
49069096 83434763
49069096 80641661
49069096 18075973
44569647 61721125
65579692 61721125
61721125 48434119
61721125 25392447
61721125 79272727
61721125 65579692
61721125 30854150
61721125 80641661
61721125 44946629
61721125 54261996
61721125 65427198
61721125 129915939
61721125 82529493
61721125 134211693
61721125 33444563
45224141 49069096
45224141 49054198
49054198 49069096
49054198 45224141
49054198 44445413
49054198 61721125
20644809 149549366
18075973 49069096
18075973 65427198
18075973 349516804
18075973 61721125
28951629 61721125
44570880 61721125
79272727 134211693
79272727 77214480
79272727 80641661
79272727 2225127
79272727 61721125
55038877 131182229
55038877 61721125
149549366 20644809
149549366 129915939
149549366 61721125
44445413 49054198
44445413 61721125
2225127 61721125
10641308 61721125
132245717 61721125
82263271 61721125
80787907 61721125
75370853 61721125
349516804 55227889
349516804 18075973
349516804 25392447
65319307 61721125
35440699 80641661
35440699 2225127
35440699 61721125
83434763 49069096
131182229 55038877
131182229 61721125
49342836 61721125
82264792 73622688
82264792 61721125
73622688 82264792
73622688 110997445
73622688 79272727
73622688 61721125
54261996 30854150
54261996 61721125
25392447 61721125
26453072 33444563
26453072 77214480
26453072 80641661
48511594 61721125
110997445 61721125
29928587 2225127
29928587 61721125
44533701 61721125
21212677 61721125
50849285 61721125
12165207 61721125
30854150 54261996
30854150 2225127
30854150 61721125
134211693 61721125
134211693 80641661
134211693 79272727
69075590 49069096
69075590 61721125
128361053 61721125
