54437814 57194376
54437814 23774377
54437814 56900974
54437814 16219792
6801791 23774377
39480207 23774377
49069152 23774377
44374083 23774377
57065899 23774377
199042767 23774377
153583046 23774377
20194388 23774377
20194388 54432792
20194388 54437814
43703997 23774377
67279490 23774377
86044753 23774377
436568820 23774377
147942468 23774377
200092326 23774377
67219366 23774377
653583120 23774377
400844661 23774377
48472438 23774377
28320921 23774377
7889639 23774377
56900974 54432792
56900974 54437814
56900974 57194376
56900974 54394340
118067572 23774377
2358492 23774377
55900273 23774377
55900273 58008740
45043243 23774377
57194376 54437814
57194376 23774377
57194376 56900974
54432792 56900974
54432792 20194388
327971512 23774377
49890684 23774377
54394340 56900974
197742437 23774377
199884664 23774377
142819069 23774377
49056594 23774377
58008740 55900273
58008740 23774377
49263091 23774377
16219792 54437814
836614179 23774377
199941170 23774377
449677570 23774377
135720027 23774377
23774377 49890684
199874347 23774377
836614757 23774377
219599384 23774377
156293573 23774377
