45014141 152528151
833311952 5797936
184789535 167801403
184789535 107239727
184789535 124087500
184789535 5797936
207741869 34174832
207741869 38499737
207741869 5797936
207741869 124087500
34174832 349428500
34174832 207741869
34174832 152784729
34174832 14930209
349428500 34174832
349428500 5797936
349428500 144736723
349428500 252043380
349428500 152784729
185818399 252043380
185818399 124087500
185818399 5797936
252043380 155865035
252043380 5797936
252043380 581696384
252043380 6084642
252043380 65499074
252043380 58130694
252043380 152784729
252043380 185818399
252043380 713902021
252043380 124087500
252043380 349428500
252043380 164355949
252043380 129985323
73737722 5797936
152930794 5797936
164355949 34109777
164355949 252043380
164355949 58317023
55119069 124087500
55119069 34109777
55119069 5797936
34109777 58344866
34109777 152500938
34109777 33054221
34109777 97051677
34109777 57605476
34109777 164355949
34109777 5797936
34109777 21588315
34109777 55119069
34109777 65499074
300146854 124087500
152500938 34109777
215747976 124087500
215747976 5797936
57605476 34109777
57605476 5797936
167814334 97051677
14930209 34174832
14930209 124087500
14930209 6084642
14930209 65499074
167801403 184789535
58317023 124087500
58261315 65499074
58261315 5797936
58344866 34109777
713902021 152784729
713902021 5797936
713902021 252043380
152528151 26079156
152528151 45014141
152784729 207741869
152784729 5797936
152784729 34174832
152784729 58130694
152784729 6084642
152784729 124087500
152784729 38499737
152784729 349428500
152784729 144736723
152784729 65499074
152784729 713902021
152784729 215747976
152784729 184789535
152784729 252043380
152784729 58317023
144736723 124087500
144736723 152784729
5797936 73737722
5797936 58130694
5797936 7316340
5797936 58261315
5797936 6084642
5797936 97051677
5797936 167801403
5797936 34109777
5797936 33054221
5797936 185818399
5797936 26079156
5797936 57605476
5797936 152523020
5797936 38499737
5797936 199953180
5797936 152930794
5797936 833311952
5797936 107239727
5797936 21588315
5797936 124087500
5797936 55119069
5797936 148534961
5797936 152784729
5797936 65499074
5797936 129985323
5797936 713902021
5797936 99560233
5797936 215747976
5797936 184789535
5797936 252043380
772327954 124087500
772327954 199953180
155865035 6084642
155865035 252043380
65499074 6084642
65499074 34109777
65499074 5797936
65499074 33054221
65499074 58130694
65499074 152784729
65499074 58261315
65499074 38499737
65499074 129985323
65499074 184789535
65499074 252043380
65499074 14930209
581696384 58130694
581696384 252043380
47829008 124087500
152523020 152657503
152523020 5797936
152523020 124087500
152523020 184789535
152523020 215747976
199953180 6084642
199953180 207741869
199953180 5797936
199953180 21588315
199953180 772327954
38499737 207741869
38499737 5797936
38499737 124087500
38499737 152784729
38499737 65499074
107239727 6084642
107239727 5797936
107239727 184789535
152694661 124087500
33054221 34109777
33054221 97051677
33054221 5797936
33054221 65499074
33054221 124087500
124087500 6084642
124087500 33054221
124087500 152694661
124087500 5797936
124087500 207741869
124087500 144736723
124087500 55119069
124087500 148534961
124087500 152784729
124087500 129985323
124087500 300146854
124087500 772327954
124087500 215747976
124087500 184789535
124087500 58317023
124087500 252043380
124087500 47829008
124087500 14930209
97051677 34109777
97051677 33054221
97051677 5797936
7316340 5797936
129985323 6084642
129985323 5797936
129985323 65499074
129985323 124087500
129985323 215747976
129985323 252043380
148534961 124087500
148534961 5797936
26079156 152528151
26079156 5797936
26079156 25894391
25894391 6084642
21588315 34109777
21588315 199953180
21588315 5797936
58130694 581696384
58130694 5797936
58130694 152784729
58130694 65499074
58130694 772327954
58130694 252043380
152657503 5797936
99560233 5797936
6084642 199953180
6084642 155865035
6084642 5797936
6084642 107239727
6084642 124087500
6084642 152784729
6084642 65499074
6084642 129985323
6084642 25894391
6084642 772327954
6084642 252043380
6084642 14930209
