123018063 152726585
464802519 522436274
134305316 60000641
134305316 6599815
326864011 36949398
326864011 149545979
326864011 828444571
326864011 29371397
326864011 152503221
326864011 57266444
326864011 25373951
326864011 15369298
326864011 6852339
326864011 326864407
326864011 55249062
522436345 152601190
28651631 9023080
28651631 6852339
184789535 81379139
184789535 421464892
152726585 123018063
326864407 326864011
81379139 184789535
81379139 6599815
55249062 152601190
55249062 326864011
55249062 604830766
55249062 25373951
55249062 15369298
6599815 33440239
6599815 4799875
6599815 81379139
6599815 812495431
6599815 60000641
6599815 421498129
6599815 134305316
6599815 25373951
6599815 163543991
6599815 17845887
152503221 326864011
152503221 25373951
33440239 522436274
33440239 58385366
33440239 152601190
33440239 6599815
149545979 828444571
149545979 57266444
149545979 15369298
149545979 326864407
149545979 55249062
149545979 326864011
149545979 25373951
79570673 84434059
224322717 55249062
224322717 9023080
9023080 58259939
9023080 58385366
9023080 28651631
9023080 152601190
9023080 224322717
9023080 52450086
9023080 6852339
57266444 326864011
163205797 95880440
6852339 326864011
6852339 28651631
6852339 9023080
15369298 25373951
15369298 326864011
15369298 57266444
693597842 397195173
58385366 58259939
58385366 9023080
58385366 33440239
138332738 9023080
17845887 6599815
20535154 4799875
149584060 9023080
60000641 134305316
60000641 6599815
60000641 25373951
421464892 184789535
421464892 9023080
24645258 421464892
24645258 224327469
421498129 6599815
421498129 184789535
421498129 9023080
29371397 25373951
29371397 326864011
29371397 6852339
25373951 17845887
25373951 60000641
25373951 36949398
25373951 828444571
25373951 29371397
25373951 149545979
25373951 152503221
25373951 6599815
25373951 184789535
25373951 326864011
25373951 55249062
25373951 15369298
52450086 9023080
52450086 326864011
52230615 326864011
522436274 522436345
522436274 33440239
95880440 163205797
127801636 9023080
4799875 20535154
4799875 6599815
4799875 9023080
4799875 163543991
152601190 522436345
152601190 33440239
152601190 9023080
58259939 58385366
58259939 152601190
58259939 36949398
58259939 9023080
84434059 79570673
84434059 178789205
397195173 693597842
163543991 4799875
163543991 6599815
36949398 326864011
36949398 25373951
635684583 326864011
812495431 6599815
604830766 55249062
178789205 84434059
