833875545 216720815
833875545 48451995
304783152 144530664
304783152 216720815
304783152 37800854
304783152 48451995
304783152 637164318
217143246 144530664
217143246 103435432
217143246 637164318
217143246 48451995
217143246 37800854
217143246 216720815
217143246 36633304
217143246 34804145
217143246 121370444
38016782 144530664
38016782 29868949
38016782 689447093
94901305 637164318
94901305 48451995
94901305 216720815
94901305 34804145
94901305 36633304
94901305 103435432
163980582 48451995
163980582 637164318
163980582 103435432
163980582 34804145
163980582 36633304
163980582 50598944
163980582 144530664
163980582 216720815
15655947 144530664
15655947 103435432
15655947 637164318
15655947 216720815
15655947 48451995
15655947 104749601
102280583 637164318
102280583 44550738
102280583 156087129
102280583 37800854
102280583 701055462
36145078 144530664
36145078 50598944
36145078 637164318
36145078 48451995
36145078 216720815
199938174 144530664
199938174 103435432
199938174 72742911
199938174 637164318
199938174 23645932
199938174 48451995
199938174 37800854
199938174 216720815
199938174 36633304
199938174 34804145
199938174 121370444
142805793 216720815
142805793 36633304
142805793 37800854
142805793 48451995
142805793 637164318
142805793 144530664
216720815 128001985
216720815 579028703
216720815 121370444
216720815 103435432
216720815 48445763
216720815 144530664
216720815 327640976
216720815 44550738
216720815 89947875
216720815 34804145
216720815 163980582
216720815 289210429
216720815 80059497
216720815 37800854
216720815 36145078
216720815 48451995
216720815 72051416
216720815 60686997
216720815 50598944
216720815 104749601
216720815 64687249
216720815 637164318
216720815 57428872
216720815 98913738
216720815 701055462
216720815 72052075
142823031 156250581
142823031 48451995
142823031 104749601
142823031 144530664
142823031 434648500
142823031 701055462
142823031 103435432
142823031 50598944
142823031 637164318
142823031 121370444
142823031 23645932
142823031 37800854
142823031 36633304
142823031 216720815
43747835 303541854
43747835 121370444
43747835 144530664
43747835 216720815
10415334 216720815
10415334 48451995
129917236 454800682
129917236 144530664
129917236 103435432
129917236 50598944
129917236 579028703
129917236 216720815
129917236 89947875
129917236 34804145
129917236 121370444
129917236 98913738
129917236 37800854
129917236 48451995
60686997 637164318
60686997 48451995
60686997 216720815
155592284 144530664
155592284 103435432
155592284 50598944
155592284 15655947
155592284 579028703
155592284 44550738
155592284 23645932
155592284 216720815
155592284 75372836
155592284 48451995
155592284 199938174
44550738 144530664
44550738 103435432
44550738 50598944
44550738 637164318
44550738 289210429
44550738 23645932
44550738 104749601
44550738 434648500
44550738 48451995
44550738 216720815
44550738 701055462
44550738 102280583
44550738 34804145
44550738 48445763
44550738 121370444
44550738 37800854
98913738 144530664
98913738 103435432
98913738 50598944
98913738 128098456
98913738 637164318
98913738 44550738
98913738 129917236
98913738 104749601
98913738 48451995
98913738 37800854
98913738 121370444
98913738 34804145
98913738 89947875
98913738 453645927
98913738 36633304
98913738 216720815
13004640 44550738
13004640 104749601
566012303 144530664
566012303 103435432
566012303 216720815
566012303 75179013
566012303 36633304
566012303 701055462
566012303 121370444
566012303 37800854
566012303 48451995
566012303 44550738
566012303 579028703
566012303 637164318
301267245 72051416
72742911 144530664
72742911 80059497
72742911 72052075
72742911 199938174
72742911 37800854
72742911 98913738
72742911 23960747
72742911 216720815
327640976 48451995
327640976 144530664
327640976 701055462
327640976 129917236
327640976 103435432
327640976 216720815
327640976 36633304
69491123 144530664
69491123 103435432
69491123 216720815
69491123 36633304
69491123 121370444
69491123 37800854
69491123 48451995
69491123 637164318
303541854 43747835
84191297 48451995
84191297 37800854
84191297 216720815
57428872 144530664
57428872 216720815
57428872 37800854
57428872 50598944
23960747 72742911
23960747 216720815
23960747 701055462
92225 144530664
92225 216720815
92225 48451995
92225 44550738
92225 50598944
451612513 216720815
451612513 37800854
451612513 48451995
451612513 103435432
89947875 144530664
89947875 637164318
89947875 129917236
89947875 104749601
89947875 48451995
89947875 37800854
89947875 121370444
89947875 34804145
89947875 216720815
126045448 144530664
126045448 103435432
126045448 50598944
126045448 637164318
126045448 579028703
126045448 48451995
126045448 37800854
126045448 121370444
126045448 34804145
126045448 216720815
126045448 36633304
103435432 144530664
103435432 50598944
103435432 15655947
103435432 637164318
103435432 579028703
103435432 44550738
103435432 289210429
103435432 129917236
103435432 156250581
103435432 104749601
103435432 48451995
103435432 37800854
103435432 121370444
103435432 48445763
103435432 34804145
103435432 126045448
103435432 701055462
103435432 216720815
103435432 75179013
103435432 36633304
104749601 144530664
104749601 103435432
104749601 637164318
104749601 199938174
104749601 48451995
104749601 37800854
104749601 98913738
104749601 34804145
104749601 89947875
104749601 216720815
104749601 36633304
72403758 144530664
72403758 103435432
72403758 72742911
72403758 50598944
72403758 128098456
72403758 637164318
72403758 72052075
72403758 104749601
72403758 48451995
72403758 37800854
72403758 121370444
72403758 34804145
72403758 102280583
72403758 216720815
579028703 144530664
579028703 103435432
579028703 50598944
579028703 80059497
579028703 637164318
579028703 216720815
579028703 701055462
579028703 126045448
579028703 34804145
579028703 37800854
579028703 48451995
579028703 129917236
579028703 155592284
323105782 216720815
323105782 36633304
323105782 121370444
323105782 48451995
323105782 129917236
323105782 637164318
323105782 103435432
323105782 144530664
71199480 36633304
454800682 126045448
454800682 104749601
454800682 129917236
454800682 23645932
454800682 144530664
23645932 454800682
48451995 144530664
48451995 103435432
48451995 69491123
48451995 50598944
48451995 15655947
48451995 19447794
48451995 80059497
48451995 637164318
48451995 72051416
48451995 579028703
48451995 44550738
48451995 289210429
48451995 141520266
48451995 104749601
48451995 37800854
48451995 98913738
48451995 121370444
48451995 48445763
48451995 34804145
48451995 126045448
48451995 701055462
48451995 36633304
48451995 216720815
144530664 454800682
144530664 103435432
144530664 38016782
144530664 69491123
144530664 50598944
144530664 15655947
144530664 128098456
144530664 80059497
144530664 637164318
144530664 72051416
144530664 579028703
144530664 44550738
144530664 289210429
144530664 833875545
144530664 155592284
144530664 23645932
144530664 129917236
144530664 54138611
144530664 72403758
144530664 128001985
144530664 156250581
144530664 104749601
144530664 199938174
144530664 36145078
144530664 368630747
144530664 434648500
144530664 48451995
144530664 37800854
144530664 98913738
144530664 121370444
144530664 34804145
144530664 89947875
144530664 304783152
144530664 453645927
144530664 701055462
144530664 142823031
144530664 36633304
144530664 75179013
144530664 54210476
144530664 216720815
75372836 155592284
75372836 121370444
121370444 144530664
121370444 103435432
121370444 50598944
121370444 128098456
121370444 637164318
121370444 44550738
121370444 129917236
121370444 48451995
121370444 37800854
121370444 34804145
121370444 89947875
121370444 216720815
121370444 36633304
128001985 216720815
128001985 37800854
128001985 48451995
128001985 637164318
128001985 80059497
128001985 144530664
172679943 38016782
34804145 144530664
34804145 103435432
34804145 50598944
34804145 19447794
34804145 80059497
34804145 637164318
34804145 579028703
34804145 44550738
34804145 289210429
34804145 129917236
34804145 104749601
34804145 48451995
34804145 37800854
34804145 121370444
34804145 126045448
34804145 89947875
34804145 701055462
34804145 36633304
34804145 216720815
434648500 144530664
434648500 103435432
434648500 50598944
434648500 637164318
434648500 44550738
434648500 54138611
434648500 216720815
434648500 36633304
434648500 701055462
434648500 34804145
434648500 121370444
434648500 37800854
434648500 48451995
368630747 216720815
368630747 34804145
368630747 48451995
368630747 637164318
368630747 50598944
368630747 103435432
368630747 144530664
37800854 144530664
37800854 103435432
37800854 69491123
37800854 84191297
37800854 50598944
37800854 128098456
37800854 637164318
37800854 44550738
37800854 129917236
37800854 128001985
37800854 104749601
37800854 689362230
37800854 48451995
37800854 302834373
37800854 98913738
37800854 121370444
37800854 34804145
37800854 102280583
37800854 89947875
37800854 304783152
37800854 36633304
37800854 216720815
80059497 144530664
80059497 50598944
80059497 637164318
80059497 579028703
80059497 128001985
80059497 48451995
80059497 216720815
80059497 701055462
80059497 34804145
80059497 37800854
20837790 48451995
20837790 216720815
156250581 144530664
156250581 103435432
156250581 15655947
156250581 637164318
156250581 10415334
156250581 48451995
156250581 37800854
156250581 121370444
156250581 216720815
156250581 36633304
29868949 38016782
29868949 689447093
50598944 144530664
50598944 57428872
50598944 103435432
50598944 80059497
50598944 637164318
50598944 579028703
50598944 44550738
50598944 289210429
50598944 129917236
50598944 72403758
50598944 104749601
50598944 36145078
50598944 48451995
50598944 37800854
50598944 121370444
50598944 34804145
50598944 126045448
50598944 453645927
50598944 701055462
50598944 36633304
50598944 216720815
206547137 216720815
206547137 36633304
206547137 701055462
206547137 37800854
206547137 48451995
206547137 637164318
206547137 103435432
206547137 144530664
689447093 29868949
689447093 38016782
156087129 216720815
156087129 102280583
156087129 48451995
156087129 637164318
156087129 15655947
156087129 103435432
156087129 144530664
54210476 48451995
54210476 637164318
54210476 72403758
54210476 144530664
54210476 216720815
72051416 144530664
72051416 103435432
72051416 50598944
72051416 637164318
72051416 23645932
72051416 129917236
72051416 48451995
72051416 37800854
72051416 34804145
72051416 701055462
72051416 36633304
72051416 216720815
637164318 144530664
637164318 103435432
637164318 50598944
637164318 72403758
637164318 104749601
637164318 48451995
637164318 37800854
637164318 34804145
637164318 216720815
637164318 701055462
75179013 103435432
75179013 637164318
75179013 48451995
75179013 701055462
75179013 566012303
75179013 37800854
75179013 36633304
75179013 144530664
75179013 216720815
133360162 144530664
133360162 48451995
133360162 64687249
133360162 37800854
133360162 216720815
54138611 144530664
54138611 103435432
54138611 128098456
54138611 637164318
54138611 44550738
54138611 216720815
54138611 36633304
54138611 34804145
54138611 48451995
54138611 434648500
467971497 216720815
19447794 144530664
19447794 103435432
19447794 637164318
19447794 44550738
19447794 104749601
19447794 48451995
19447794 37800854
19447794 121370444
19447794 34804145
19447794 126045448
19447794 701055462
19447794 36633304
19447794 216720815
92347380 37800854
92347380 216720815
289210429 144530664
289210429 216720815
289210429 34804145
289210429 37800854
289210429 48451995
289210429 104749601
289210429 44550738
289210429 637164318
289210429 50598944
289210429 103435432
72052075 216720815
72052075 36633304
72052075 37800854
72052075 48451995
72052075 144530664
36633304 104749601
36633304 37800854
36633304 34804145
36633304 50598944
36633304 48451995
36633304 121370444
36633304 44550738
36633304 126045448
36633304 129917236
36633304 637164318
36633304 327640976
36633304 71199480
36633304 434648500
36633304 144530664
36633304 103435432
36633304 216720815
302834373 144530664
302834373 50598944
302834373 216720815
302834373 37800854
302834373 48451995
453645927 50598944
453645927 144530664
141520266 48451995
141520266 36633304
141520266 216720815
64687249 144530664
64687249 50598944
64687249 141520266
64687249 48451995
64687249 37800854
64687249 98913738
64687249 121370444
64687249 34804145
64687249 133360162
64687249 60686997
64687249 216720815
531604927 216720815
531604927 48451995
531604927 38016782
128098456 144530664
128098456 216720815
128098456 121370444
128098456 37800854
701055462 144530664
701055462 103435432
701055462 50598944
701055462 80059497
701055462 637164318
701055462 72051416
701055462 579028703
701055462 44550738
701055462 48451995
701055462 34804145
701055462 102280583
701055462 216720815
48445763 103435432
48445763 44550738
48445763 48451995
48445763 216720815
