58050922 167829578
58050922 52579979
490103873 58010355
12389160 98728212
209141322 9287257
209141322 45162131
209141322 57341890
209141322 152441811
209141322 56937657
209141322 6992488
209141322 118852020
209141322 205885185
209141322 668197859
209141322 16151862
209141322 54362560
45161236 7657104
45161236 56937657
45161236 45162131
60407121 45163685
60407121 56937657
60407121 57644699
60407121 118852020
60407121 205885185
60407121 16151862
643965116 56937657
643965116 52579979
517685742 118852020
32060209 76019133
129556821 98728212
107238674 98728212
58097288 98728212
6992488 58008194
6992488 9287257
6992488 45162131
6992488 57341890
6992488 56937657
6992488 57644699
6992488 209141322
6992488 7657104
6992488 118852020
6992488 58086319
6992488 668197859
6992488 52579979
6992488 98728212
58008194 6992488
58008194 16151862
58008194 52579979
205885185 45163685
205885185 57341890
205885185 60407121
205885185 209141322
205885185 642516033
205885185 7657104
205885185 45161236
205885185 16151862
205885185 52579979
668197859 56937657
668197859 57644699
668197859 6992488
668197859 209141322
668197859 7657104
668197859 118852020
668197859 57647698
668197859 16151862
668197859 54362560
668197859 52579979
45162131 9287257
45162131 58010355
45162131 57341890
45162131 167829578
45162131 56937657
45162131 57644699
45162131 6992488
45162131 209141322
45162131 54395394
45162131 7657104
45162131 118852020
45162131 45161236
45162131 16151862
45162131 54362560
45162131 52579979
52579979 118852020
52579979 58050922
52579979 54362560
52579979 58008194
52579979 6992488
52579979 7657104
52579979 167829578
52579979 56937657
52579979 57644699
52579979 45162131
52579979 16151862
52579979 57647698
52579979 758010375
52579979 57341890
52579979 9287257
52579979 58010355
52579979 45161236
52579979 298856687
694745986 57647698
7039489 98728212
54362560 7657104
54362560 9287257
54362560 45163685
54362560 668197859
54362560 45162131
54362560 209141322
54362560 52579979
38861538 98728212
57644699 45162131
57644699 58010355
57644699 167829578
57644699 56937657
57644699 6992488
57644699 54395394
57644699 7657104
57644699 118852020
57644699 45161236
57644699 57647698
57644699 16151862
57644699 52579979
16151862 72523583
16151862 39501405
16151862 60407121
16151862 45162131
16151862 58008194
16151862 209141322
16151862 57644699
16151862 668197859
16151862 56937657
16151862 205885185
16151862 57341890
16151862 52579979
57494621 629672368
57494621 98728212
167829578 45162131
167829578 57341890
167829578 58086319
167829578 58050922
39501405 98728212
39501405 28643322
39501405 16151862
152593797 118852020
152593797 57647698
568364728 98728212
56937657 9287257
56937657 45162131
56937657 58010355
56937657 45163685
56937657 57341890
56937657 57644699
56937657 6992488
56937657 60407121
56937657 209141322
56937657 7657104
56937657 118852020
56937657 58336934
56937657 668197859
56937657 45161236
56937657 16151862
56937657 52579979
56937657 98728212
45163685 56937657
45163685 298856687
45163685 60407121
45163685 118852020
45163685 205885185
45163685 54362560
152441811 209141322
152441811 57341890
642516033 205885185
57341890 9287257
57341890 45162131
57341890 58010355
57341890 167829578
57341890 152441811
57341890 56937657
57341890 298856687
57341890 57644699
57341890 6992488
57341890 209141322
57341890 118852020
57341890 205885185
57341890 45161236
57341890 57647698
57341890 16151862
57341890 52579979
629672368 57494621
69210908 27992331
28643322 39501405
28643322 7657104
57647698 694745986
57647698 9287257
57647698 54395394
57647698 57341890
57647698 668197859
57647698 758010375
57647698 57644699
57647698 152593797
57647698 52579979
758010375 58336934
758010375 57647698
758010375 52579979
11450373 98728212
58086319 9287257
58086319 6992488
58086319 7657104
58086319 118852020
58086319 52579979
58010355 45162131
58010355 167829578
58010355 56937657
58010355 57644699
58010355 6992488
58010355 52579979
54395394 45162131
54395394 57644699
54395394 7657104
54395394 57647698
118852020 45162131
118852020 45163685
118852020 57341890
118852020 56937657
118852020 57644699
118852020 6992488
118852020 60407121
118852020 209141322
118852020 517685742
118852020 16151862
118852020 52579979
9287257 45162131
9287257 57341890
9287257 56937657
9287257 6992488
9287257 209141322
9287257 58086319
9287257 57647698
9287257 54362560
9287257 52579979
58336934 56937657
58336934 758010375
7657104 9287257
7657104 45162131
7657104 57341890
7657104 28643322
7657104 56937657
7657104 217179371
7657104 57644699
7657104 6992488
7657104 54395394
7657104 118852020
7657104 58086319
7657104 58050922
7657104 205885185
7657104 643965116
7657104 668197859
7657104 45161236
7657104 16151862
7657104 54362560
7657104 52579979
171015102 98728212
27992331 69210908
604073654 98728212
298856687 45163685
298856687 57341890
298856687 52579979
