674883665 127503182
834083060 127503182
833373978 833967436
833373978 177131774
833373978 127503182
833373978 833374647
833373978 89070050
833373978 694783049
833373978 129679129
833373978 217228585
164370861 127503182
833861539 127503182
833861539 833319096
37613444 127503182
815479578 127503182
82512704 217223580
82512704 127503182
199985705 127503182
199985705 833319096
242226836 127503182
217228585 217223580
217228585 833373978
217228585 833398193
217228585 127503182
217228585 833374647
217228585 89070050
217228585 128094678
217228585 694783049
217228585 833967436
217228585 129679129
114984848 127503182
114984848 217228585
834061076 834061075
834061076 127503182
833813657 127503182
833374647 129679129
833374647 510446760
833374647 833398193
833374647 127503182
834094565 127503182
833374056 127503182
833374056 833319096
833960029 217228585
833960029 127503182
177345503 510446760
177345503 127503182
177345503 89070050
177345503 833374564
177345503 694783049
177345503 815104850
177345503 833967436
177345503 833374038
177345503 833373978
177345503 694774815
177345503 129679129
177345503 217228585
299192350 177345503
299192350 833319096
299192350 127503182
299192350 833374564
299192350 694783049
299192350 815104850
299192350 833374038
299192350 833373978
299192350 129679129
833374038 177345503
833374038 833398193
833374038 127503182
833374038 833374647
833374038 833374564
833374038 694783049
833374038 217228585
833374038 833373978
833374038 828444578
833374038 833967436
833374038 815040927
269261735 127503182
834061075 127503182
834061075 834061076
52682444 127503182
570938055 127503182
452372264 127503182
834080783 127503182
833371508 127503182
833861557 127503182
761806282 127503182
498386745 127503182
336749071 127503182
145693563 127503182
815040927 217223580
815040927 129679129
815040927 833374038
815040927 833374647
815040927 127503182
144757435 127503182
827977555 127503182
134653524 127503182
134653524 694783049
134653524 833374647
315732132 127503182
89070050 833373978
89070050 217228585
89070050 129679129
89070050 694783049
89070050 127503182
89070050 833374647
833967436 129679129
833967436 694783049
833967436 89070050
833967436 127503182
167731056 127503182
701397523 127503182
177131774 127503182
834089857 127503182
833374550 127503182
149125802 127503182
833374664 127503182
293390418 815104850
293390418 217228585
293390418 833373978
293390418 217223580
293390418 833960029
293390418 129679129
293390418 833967436
293390418 833319096
293390418 127503182
293390418 833374647
293390418 694783049
57367531 127503182
49201041 127503182
834060616 127503182
217223580 815040927
217223580 510446760
217223580 127503182
217223580 833374647
217223580 694783049
217223580 82512704
217223580 363402352
217223580 129679129
217223580 217228585
217225845 127503182
833813660 127503182
397759450 127503182
299512255 127503182
299512255 177131774
510446760 127503182
510446760 833374647
510446760 833398193
363402352 217223580
363402352 694774815
363402352 127503182
833861534 127503182
834085097 127503182
128094678 217228585
128094678 694783049
128094678 127503182
211543827 127503182
211543827 129679129
833374564 217228585
833374564 177345503
833374564 833373978
833374564 127503182
833374564 833374647
833374644 127503182
833960016 57462461
833960016 127503182
815104850 177345503
815104850 299192350
815104850 57367531
815104850 293390418
815104850 127503182
815104850 833319096
694774815 177345503
694774815 363402352
694774815 127503182
833398193 217228585
833398193 127503182
833398193 833374647
833398193 510446760
833374633 127503182
833319096 833861557
833319096 129679129
833319096 833374550
833319096 145693563
833319096 833861534
833319096 217223580
833319096 815104850
833319096 833861536
833319096 293390418
833319096 833374664
833319096 833373978
833319096 57462461
833319096 299192350
833319096 199985705
833319096 149125802
833319096 833374056
833319096 833374552
833319096 833813660
833319096 828444578
833319096 127503182
833319096 350603989
833319096 833374038
833319096 177345503
833319096 315732132
833319096 833861539
833319096 217225845
833319096 397759450
305108723 127503182
694783049 833967436
694783049 833374038
694783049 217228585
694783049 217223580
694783049 833373978
694783049 177345503
694783049 299192350
694783049 129679129
694783049 134653524
694783049 127503182
694783049 89070050
694783049 128094678
834101928 127503182
592548746 127503182
211523967 127503182
509566996 127503182
834061073 834061075
834061073 834087044
834061073 834061076
834061073 127503182
668826273 127503182
834068464 127503182
129679129 815040927
129679129 833373978
129679129 127503182
129679129 833374647
129679129 89070050
129679129 694783049
129679129 293390418
129679129 833967436
129679129 217228585
217223368 127503182
833374552 127503182
833374552 833374647
833861536 127503182
350603989 127503182
828444578 127503182
834087044 127503182
834087044 834061075
834087044 833373978
57462461 815040927
57462461 510446760
57462461 833319096
57462461 127503182
57462461 833374647
57462461 89070050
57462461 128094678
57462461 694783049
57462461 129679129
57462461 217228585
57462461 833373978
57462461 833967436
57462461 833960016
57462461 217223580
54301482 127503182
