32879817 199759884
32879817 166615312
32879817 37272642
32879817 323826211
32879817 21203862
32879817 127583976
32879817 324538263
32879817 24090596
32879817 299363092
324538263 166615312
324538263 9326955
324538263 127583976
324538263 24090596
324538263 299363092
424782251 138781242
424782251 166615312
424782251 37272642
424782251 24090596
424782251 299363092
424782251 9326955
424782251 21203862
504238726 323826211
323826211 504238726
323826211 166615312
323826211 60862623
323826211 21203862
323826211 9326955
323826211 299363092
156320076 21203862
156320076 28602930
156320076 299363092
156320076 24090596
156320076 323826211
156320076 166615312
156320076 138781242
156590970 21203862
156590970 28602930
156590970 138781242
137768590 128027849
137768590 138781242
137768590 37272642
137768590 299363092
137768590 28602930
60862623 299363092
60862623 323826211
128027849 138781242
128027849 37272642
128027849 299363092
128027849 137768590
128027849 28602930
128027849 21203862
128027849 127583976
9326955 424782251
9326955 28602930
9326955 299363092
9326955 24090596
9326955 323826211
9326955 215866900
9326955 37272642
9326955 166615312
9326955 324538263
166615312 324538263
166615312 138781242
166615312 127583976
166615312 28602930
166615312 9326955
166615312 299363092
166615312 24090596
166615312 323826211
166615312 37272642
127583976 128027849
127583976 37272642
299363092 424782251
299363092 199759884
299363092 166615312
299363092 37272642
299363092 323826211
299363092 24090596
299363092 324538263
299363092 21203862
299363092 137768590
299363092 9326955
24090596 138781242
24090596 166615312
24090596 37272642
24090596 21203862
24090596 324538263
24090596 299363092
199759884 138781242
199759884 166615312
199759884 299363092
215866900 9326955
215866900 37272642
154298762 37272642
154298762 127583976
154298762 299363092
171321237 166615312
171321237 127583976
171321237 299363092
171321237 323826211
171321237 37272642
138781242 128027849
138781242 166615312
138781242 37272642
138781242 24090596
138781242 299363092
138781242 156320076
138781242 137768590
138781242 28602930
138781242 21203862
836614450 166615312
28602930 128027849
28602930 156590970
28602930 138781242
28602930 166615312
28602930 37272642
28602930 323826211
28602930 24090596
28602930 299363092
28602930 9326955
28602930 137768590
28602930 21203862
89090160 37272642
21203862 128027849
21203862 156590970
21203862 324538263
21203862 138781242
21203862 166615312
21203862 37272642
21203862 323826211
21203862 24090596
21203862 299363092
21203862 156320076
21203862 137768590
21203862 28602930
37272642 128027849
37272642 138781242
37272642 127583976
