129989823 57647119
129989823 152906315
129989823 57650559
129989823 58107925
129989823 359366870
129989823 57652258
129989823 38883463
129989823 57647958
129989823 57645249
129989823 6229077
129989823 210187298
129989823 57644290
129989823 57644644
129989823 57650277
129989823 83282188
129989823 133788651
129989823 13824539
129989823 57643334
129989823 149529166
129989823 24956521
129989823 57645464
129989823 57646206
129989823 57644042
129989823 82128169
129989823 57649402
129989823 50605025
129989823 57644376
129989823 57645212
129989823 57651651
129989823 118831975
129989823 26732858
129989823 139205190
129989823 155831999
129989823 57650159
129989823 128504578
129989823 58387337
129989823 105853043
129989823 57643843
129989823 58142941
129989823 57652021
129989823 57644430
129989823 57652742
129989823 57652330
129989823 57849027
129989823 82643223
129989823 57647581
38883463 57647119
38883463 152906315
38883463 129989823
38883463 57650559
38883463 58107925
38883463 359366870
38883463 57652258
38883463 57647958
38883463 57645249
38883463 6229077
38883463 210187298
38883463 57644290
38883463 57644644
38883463 57650277
38883463 226091704
38883463 83282188
38883463 133788651
38883463 13824539
38883463 57643334
38883463 24956521
38883463 57847295
38883463 633982373
38883463 57645464
38883463 57646206
38883463 57644042
38883463 82128169
38883463 152581506
38883463 57649402
38883463 50605025
38883463 57644376
38883463 57645212
38883463 57651651
38883463 57652010
38883463 118831975
38883463 152899564
38883463 26732858
38883463 22612799
38883463 152619376
38883463 152726971
38883463 139205190
38883463 57650159
38883463 128504578
38883463 58387337
38883463 105853043
38883463 57643843
38883463 58142941
38883463 57652021
38883463 57644430
38883463 57652742
38883463 57652330
38883463 57849027
38883463 57645630
38883463 57647581
38883463 82643223
149529166 57645249
149529166 57650277
149529166 57644644
149529166 57643334
149529166 83282188
149529166 129989823
149529166 57644290
149529166 82643223
149529166 581222271
149529166 133788651
149529166 6229077
149529166 57652258
149529166 13824539
149529166 210187298
149529166 57646206
149529166 82128169
149529166 57649402
149529166 57644376
149529166 57645212
149529166 118831975
149529166 26732858
149529166 22612799
149529166 139205190
149529166 58142941
149529166 57652021
149529166 57644430
149529166 57652742
149529166 57652330
149529166 57849027
149529166 57647581
57643334 83282188
57643334 57645249
57643334 6229077
57643334 133788651
57643334 129989823
57643334 57647958
57643334 57644644
57643334 57647119
57643334 38883463
57643334 57650277
57643334 13824539
57643334 581222271
57643334 57644290
57643334 581193901
57643334 57652258
57643334 210187298
57643334 58107925
57643334 226091704
57643334 359366870
57643334 152449243
57643334 149529166
57643334 24956521
57643334 687838647
57643334 57847295
57643334 57645464
57643334 57646206
57643334 57644042
57643334 82128169
57643334 152581506
57643334 152816799
57643334 57649402
57643334 50605025
57643334 57644376
57643334 57645212
57643334 57651651
57643334 57652010
57643334 118831975
57643334 26732858
57643334 22612799
57643334 152619376
57643334 139205190
57643334 270793920
57643334 57650159
57643334 128504578
57643334 58387337
57643334 105853043
57643334 57643843
57643334 58142941
57643334 57652021
57643334 57644430
57643334 57652742
57643334 57652330
57643334 57849027
57643334 57645630
57643334 57647581
57643334 82643223
57645249 149529166
57645249 57647119
57645249 152449243
57645249 129989823
57645249 57650559
57645249 359366870
57645249 57652258
57645249 38883463
57645249 57647958
57645249 6229077
57645249 210187298
57645249 57644290
57645249 57644644
57645249 57650277
57645249 226091704
57645249 581222271
57645249 83282188
57645249 13824539
57645249 57643334
57645249 24956521
57645249 57645464
57645249 57646206
57645249 57644042
57645249 82128169
57645249 152581506
57645249 57649402
57645249 50605025
57645249 57644376
57645249 57645212
57645249 57651651
57645249 580913488
57645249 118831975
57645249 26732858
57645249 152619376
57645249 139205190
57645249 57650159
57645249 128504578
57645249 58387337
57645249 105853043
57645249 57643843
57645249 57652021
57645249 57644430
57645249 57652742
57645249 57652330
57645249 57849027
57645249 57645630
57645249 57647581
57645249 82643223
7078986 270793920
7078986 24956521
7078986 210187298
7078986 57644376
7078986 26732858
7078986 50605025
7078986 57644644
7078986 118831975
7078986 57644290
7078986 57643843
7078986 57652021
7078986 57652742
7078986 57849027
57651651 57646206
57651651 57644644
57651651 83282188
57651651 57643334
57651651 57647119
57651651 57645464
57651651 57645249
57651651 57645212
57651651 57647958
57651651 57649402
57651651 24956521
57651651 57650277
57651651 57644042
57651651 38883463
57651651 13824539
57651651 210187298
57651651 6229077
57651651 57644290
57651651 47245697
57651651 57652258
57651651 57847295
57651651 129989823
57651651 57644376
57651651 359366870
57651651 687838647
57651651 82128169
57651651 226091704
57651651 633982373
57651651 50605025
57651651 57652010
57651651 659078959
57651651 118831975
57651651 152899564
57651651 26732858
57651651 152619376
57651651 152726971
57651651 139205190
57651651 58473682
57651651 57650159
57651651 128504578
57651651 105853043
57651651 29149856
57651651 57643843
57651651 58142941
57651651 57652021
57651651 57644430
57651651 57652742
57651651 57652330
57651651 57849027
57651651 57645630
57651651 57647581
57651651 82643223
270793920 118831975
270793920 57643334
270793920 57644290
270793920 13824539
270793920 83282188
270793920 57644042
581193901 57643334
581193901 57644042
581193901 155831999
581193901 57643843
581193901 57652330
581193901 57652742
57649402 83282188
57649402 38883463
57649402 57645464
57649402 57646206
57649402 149529166
57649402 57644644
57649402 6229077
57649402 57650277
57649402 13824539
57649402 57644042
57649402 57647958
57649402 57645249
57649402 129989823
57649402 57650559
57649402 57847295
57649402 57652258
57649402 57643334
57649402 24956521
57649402 152581506
57649402 210187298
57649402 57647119
57649402 82128169
57649402 226091704
57649402 57644376
57649402 57645212
57649402 57651651
57649402 580913488
57649402 118831975
57649402 26732858
57649402 152619376
57649402 139205190
57649402 57650159
57649402 128504578
57649402 105853043
57649402 57643843
57649402 58142941
57649402 57644430
57649402 57652742
57649402 57652330
57649402 57849027
57649402 57647581
57649402 82643223
82643223 57647119
82643223 82128169
82643223 128504578
82643223 57652330
82643223 24956521
82643223 57647581
82643223 139205190
82643223 26732858
82643223 57645249
82643223 152581506
82643223 83282188
82643223 57644430
82643223 57646206
82643223 57645464
82643223 57650277
82643223 38883463
82643223 57645212
82643223 57847295
82643223 57644644
82643223 58142941
82643223 22612799
82643223 57647958
82643223 57644042
82643223 129989823
82643223 57645630
82643223 118831975
82643223 57849027
82643223 6229077
82643223 50605025
82643223 57644376
82643223 13824539
82643223 57643843
82643223 57649402
82643223 57650159
82643223 105853043
82643223 57651651
82643223 57650559
82643223 57652010
82643223 57644290
82643223 57652021
82643223 152619376
82643223 58387337
82643223 359366870
82643223 57652258
82643223 210187298
82643223 57643334
82643223 57652742
82643223 687838647
82643223 152449243
687838647 57652258
687838647 57643334
687838647 57644290
687838647 57644644
687838647 152449243
687838647 210187298
687838647 6229077
687838647 57647958
687838647 13824539
687838647 57647119
687838647 57646206
687838647 57644042
687838647 82128169
687838647 57644376
687838647 57651651
687838647 580913488
687838647 118831975
687838647 26732858
687838647 57643843
687838647 58142941
687838647 57652021
687838647 57644430
687838647 57652742
687838647 57652330
687838647 82643223
687838647 57647581
152885139 57849027
152885139 57652742
57644042 57646206
57644042 133788651
57644042 83282188
57644042 57645249
57644042 24956521
57644042 57643334
57644042 57644290
57644042 57647958
57644042 57645464
57644042 129989823
57644042 57644644
57644042 6229077
57644042 57650277
57644042 38883463
57644042 57647119
57644042 13824539
57644042 57847295
57644042 57652258
57644042 581193901
57644042 581222271
57644042 210187298
57644042 226091704
57644042 687838647
57644042 152906315
57644042 359366870
57644042 58107925
57644042 82128169
57644042 152581506
57644042 152816799
57644042 57649402
57644042 50605025
57644042 57644376
57644042 57645212
57644042 47245697
57644042 57651651
57644042 57652010
57644042 580913488
57644042 118831975
57644042 152899564
57644042 26732858
57644042 152619376
57644042 139205190
57644042 270793920
57644042 57650159
57644042 128504578
57644042 58387337
57644042 105853043
57644042 29149856
57644042 57643843
57644042 58142941
57644042 57652021
57644042 57644430
57644042 57652742
57644042 57652330
57644042 57849027
57644042 57645630
57644042 57647581
57644042 82643223
57652742 57646206
57652742 57647958
57652742 57643843
57652742 57652021
57652742 58142941
57652742 57643334
57652742 57645212
57652742 57644290
57652742 359366870
57652742 129989823
57652742 152885139
57652742 149529166
57652742 26732858
57652742 57651651
57652742 118831975
57652742 6229077
57652742 57644430
57652742 57644376
57652742 210187298
57652742 133788651
57652742 57644042
57652742 83282188
57652742 38883463
57652742 57650277
57652742 139205190
57652742 13824539
57652742 633982373
57652742 58107925
57652742 687838647
57652742 57644644
57652742 711891921
57652742 57645464
57652742 152816799
57652742 105853043
57652742 152449243
57652742 29149856
57652742 581193901
57652742 57847295
57652742 152899564
57652742 226091704
57652742 152712559
57652742 82128169
57652742 580913488
57652742 152594786
57652742 57647119
57652742 50605025
57652742 152619376
57652742 57645249
57652742 22612799
57652742 47245697
57652742 57649402
57652742 24956521
57652742 57650559
57652742 155831999
57652742 57652258
57652742 57652330
57652742 57849027
57652742 57645630
57652742 57647581
57652742 82643223
57652742 59847544
133788651 57647119
133788651 152449243
133788651 129989823
133788651 57652258
133788651 38883463
133788651 57647958
133788651 6229077
133788651 210187298
133788651 57644290
133788651 57644644
133788651 57650277
133788651 581222271
133788651 83282188
133788651 13824539
133788651 57643334
133788651 149529166
133788651 24956521
133788651 57645464
133788651 57646206
133788651 57644042
133788651 50605025
133788651 57644376
133788651 57645212
133788651 118831975
133788651 26732858
133788651 139205190
133788651 128504578
133788651 105853043
133788651 57643843
133788651 57652021
133788651 57644430
133788651 57652742
133788651 57652330
133788651 57849027
133788651 57647581
133788651 82643223
152816799 57644042
152816799 57643334
152816799 57644644
152816799 57644290
152816799 13824539
152816799 83282188
152816799 57647958
152816799 82128169
152816799 50605025
152816799 57645212
152816799 26732858
152816799 57643843
152816799 57652021
152816799 57849027
152816799 57652742
57849027 152885139
57849027 57643843
57849027 57847295
57849027 57652330
57849027 57644042
57849027 83282188
57849027 152816799
57849027 26732858
57849027 57645249
57849027 57644376
57849027 57644430
57849027 57645464
57849027 57644644
57849027 57647958
57849027 139205190
57849027 152726971
57849027 129989823
57849027 57646206
57849027 128504578
57849027 57644290
57849027 24956521
57849027 152906315
57849027 57651651
57849027 38883463
57849027 118831975
57849027 82128169
57849027 133788651
57849027 152899564
57849027 57645212
57849027 57650277
57849027 7078986
57849027 22612799
57849027 149529166
57849027 29149856
57849027 210187298
57849027 57652021
57849027 57649402
57849027 50605025
57849027 13824539
57849027 57647119
57849027 6229077
57849027 105853043
57849027 57650159
57849027 57650559
57849027 58107925
57849027 57652258
57849027 58473682
57849027 152581506
57849027 152619376
57849027 226091704
57849027 359366870
57849027 58387337
57849027 57643334
57849027 57652742
57849027 57645630
57849027 57647581
57849027 82643223
24956521 133788651
24956521 57645249
24956521 129989823
24956521 57643334
24956521 83282188
24956521 57647958
24956521 57644290
24956521 57644644
24956521 57647119
24956521 57650277
24956521 38883463
24956521 13824539
24956521 57652258
24956521 6229077
24956521 58107925
24956521 149529166
24956521 359366870
24956521 210187298
24956521 633982373
24956521 57645464
24956521 57646206
24956521 57644042
24956521 82128169
24956521 152581506
24956521 57649402
24956521 50605025
24956521 57644376
24956521 57645212
24956521 57651651
24956521 659078959
24956521 118831975
24956521 26732858
24956521 139205190
24956521 58473682
24956521 57650159
24956521 128504578
24956521 105853043
24956521 29149856
24956521 152885139
24956521 57643843
24956521 58142941
24956521 57652021
24956521 57644430
24956521 57652742
24956521 57652330
24956521 57849027
24956521 57645630
24956521 57647581
24956521 82643223
152449243 57652258
152449243 57647958
152449243 57645249
152449243 6229077
152449243 57644290
152449243 133788651
152449243 13824539
152449243 57643334
152449243 24956521
152449243 687838647
152449243 57645464
152449243 82128169
152449243 57645212
152449243 26732858
152449243 139205190
152449243 105853043
152449243 57652021
152449243 82643223
152449243 57652742
581222271 57647119
581222271 57645249
581222271 6229077
581222271 57644290
581222271 57650277
581222271 83282188
581222271 13824539
581222271 57643334
581222271 149529166
581222271 57646206
581222271 57644042
581222271 152581506
581222271 57649402
581222271 57644376
581222271 57645212
581222271 118831975
581222271 26732858
581222271 57650159
581222271 57643843
581222271 58142941
581222271 57652330
581222271 57647581
58142941 38883463
58142941 83282188
58142941 57643334
58142941 57643843
58142941 57644644
58142941 57650277
58142941 57645212
58142941 128504578
58142941 57647119
58142941 50605025
58142941 57644042
58142941 139205190
58142941 24956521
58142941 26732858
58142941 82128169
58142941 57646206
58142941 57644290
58142941 47245697
58142941 581222271
58142941 57644376
58142941 152581506
58142941 152899564
58142941 149529166
58142941 57647958
58142941 129989823
58142941 6229077
58142941 57649402
58142941 118831975
58142941 13824539
58142941 57652258
58142941 57651651
58142941 210187298
58142941 687838647
58142941 152619376
58142941 105853043
58142941 58387337
58142941 57652021
58142941 57644430
58142941 57652742
58142941 57652330
58142941 82643223
58142941 57647581
152726971 13824539
152726971 57644290
152726971 57651651
152726971 83282188
152726971 57849027
152726971 57643843
155831999 57644290
155831999 210187298
155831999 139205190
155831999 129989823
155831999 118831975
155831999 581193901
155831999 13824539
155831999 57652330
57644430 83282188
57644430 57643843
57644430 57644042
57644430 57644644
57644430 57644290
57644430 57645212
57644430 57645464
57644430 82128169
57644430 57643334
57644430 57646206
57644430 24956521
57644430 26732858
57644430 57645249
57644430 57644376
57644430 57650277
57644430 50605025
57644430 58142941
57644430 133788651
57644430 149529166
57644430 139205190
57644430 38883463
57644430 129989823
57644430 118831975
57644430 57647958
57644430 57651651
57644430 57650559
57644430 57649402
57644430 29149856
57644430 6229077
57644430 57652021
57644430 13824539
57644430 57652010
57644430 58107925
57644430 57652258
57644430 22612799
57644430 633982373
57644430 58387337
57644430 210187298
57644430 687838647
57644430 57647119
57644430 57652742
57644430 57652330
57644430 57849027
57644430 57645630
57644430 57647581
57644430 82643223
139205190 133788651
139205190 24956521
139205190 57644042
139205190 50605025
139205190 47245697
139205190 57644376
139205190 26732858
139205190 57643334
139205190 57645249
139205190 57847295
139205190 83282188
139205190 82128169
139205190 129989823
139205190 38883463
139205190 118831975
139205190 57645464
139205190 57646206
139205190 57651651
139205190 57647958
139205190 57644644
139205190 57649402
139205190 57650277
139205190 57644290
139205190 57645212
139205190 6229077
139205190 13824539
139205190 57650559
139205190 57652258
139205190 152619376
139205190 57652010
139205190 359366870
139205190 226091704
139205190 149529166
139205190 57647119
139205190 210187298
139205190 152899564
139205190 58387337
139205190 105853043
139205190 57643843
139205190 58142941
139205190 57652021
139205190 57644430
139205190 57652742
139205190 57652330
139205190 57849027
139205190 57645630
139205190 57647581
139205190 82643223
58387337 38883463
58387337 13824539
58387337 57650277
58387337 57646206
58387337 57647958
58387337 57644290
58387337 6229077
58387337 57645249
58387337 57644042
58387337 57645212
58387337 129989823
58387337 57643334
58387337 226091704
58387337 152619376
58387337 26732858
58387337 359366870
58387337 139205190
58387337 83282188
58387337 57652258
58387337 210187298
58387337 57643843
58387337 58142941
58387337 57644430
58387337 57652330
58387337 82643223
58387337 57849027
57647581 133788651
57647581 57647119
57647581 57652330
57647581 57643843
57647581 24956521
57647581 82128169
57647581 57644042
57647581 57644376
57647581 29149856
57647581 83282188
57647581 57645249
57647581 57645212
57647581 57643334
57647581 57644290
57647581 57644430
57647581 152921594
57647581 57651651
57647581 139205190
57647581 26732858
57647581 58142941
57647581 38883463
57647581 57647958
57647581 57849027
57647581 128504578
57647581 57646206
57647581 152906315
57647581 118831975
57647581 581222271
57647581 57650277
57647581 152581506
57647581 149529166
57647581 57649402
57647581 57645464
57647581 57652021
57647581 57847295
57647581 129989823
57647581 13824539
57647581 57652742
57647581 687838647
57647581 57652258
57647581 6229077
57647581 50605025
57647581 210187298
57647581 82643223
83282188 57647119
83282188 129989823
83282188 57650559
83282188 58107925
83282188 359366870
83282188 57652258
83282188 38883463
83282188 57647958
83282188 57645249
83282188 6229077
83282188 210187298
83282188 57644290
83282188 57644644
83282188 57650277
83282188 226091704
83282188 581222271
83282188 133788651
83282188 13824539
83282188 57643334
83282188 149529166
83282188 24956521
83282188 57847295
83282188 633982373
83282188 57645464
83282188 57646206
83282188 57644042
83282188 82128169
83282188 152581506
83282188 152816799
83282188 57649402
83282188 50605025
83282188 57644376
83282188 57645212
83282188 57651651
83282188 57652010
83282188 580913488
83282188 118831975
83282188 26732858
83282188 22612799
83282188 152619376
83282188 152726971
83282188 139205190
83282188 270793920
83282188 57650159
83282188 128504578
83282188 58387337
83282188 105853043
83282188 57643843
83282188 58142941
83282188 57652021
83282188 57644430
83282188 57652742
83282188 57849027
83282188 57645630
83282188 57647581
83282188 82643223
210187298 57647119
210187298 129989823
210187298 58107925
210187298 359366870
210187298 57652258
210187298 38883463
210187298 57647958
210187298 57645249
210187298 6229077
210187298 57644290
210187298 57644644
210187298 57650277
210187298 226091704
210187298 83282188
210187298 133788651
210187298 13824539
210187298 57643334
210187298 24956521
210187298 687838647
210187298 633982373
210187298 57645464
210187298 57646206
210187298 57644042
210187298 82128169
210187298 152581506
210187298 57649402
210187298 50605025
210187298 57644376
210187298 57645212
210187298 57651651
210187298 580913488
210187298 118831975
210187298 152899564
210187298 26732858
210187298 152619376
210187298 139205190
210187298 7078986
210187298 155831999
210187298 57650159
210187298 128504578
210187298 58387337
210187298 105853043
210187298 57643843
210187298 58142941
210187298 57652021
210187298 57644430
210187298 57652742
210187298 57652330
210187298 82643223
210187298 57647581
210187298 57849027
711891921 118831975
711891921 57652258
711891921 6229077
711891921 58107925
711891921 57652742
57643843 82128169
57643843 57644376
57643843 133788651
57643843 57647958
57643843 128504578
57643843 152581506
57643843 57644042
57643843 24956521
57643843 6229077
57643843 57645464
57643843 50605025
57643843 139205190
57643843 26732858
57643843 57847295
57643843 7078986
57643843 22612799
57643843 57646206
57643843 58107925
57643843 57645212
57643843 47245697
57643843 57645249
57643843 152816799
57643843 83282188
57643843 152899564
57643843 129989823
57643843 57643334
57643843 57644290
57643843 57644644
57643843 118831975
57643843 57647119
57643843 38883463
57643843 57651651
57643843 13824539
57643843 57649402
57643843 57650277
57643843 57650559
57643843 57650159
57643843 58387337
57643843 581222271
57643843 57652258
57643843 210187298
57643843 57652010
57643843 105853043
57643843 359366870
57643843 687838647
57643843 581193901
57643843 152619376
57643843 226091704
57643843 152726971
57643843 659078959
57643843 580913488
57643843 58142941
57643843 57652021
57643843 57644430
57643843 57652742
57643843 57652330
57643843 57849027
57643843 57645630
57643843 57647581
57643843 82643223
57644290 152712559
57644290 57647119
57644290 155831999
57644290 152449243
57644290 129989823
57644290 57650559
57644290 58107925
57644290 359366870
57644290 57652258
57644290 38883463
57644290 57647958
57644290 57645249
57644290 6229077
57644290 210187298
57644290 57644644
57644290 57650277
57644290 226091704
57644290 581222271
57644290 83282188
57644290 133788651
57644290 13824539
57644290 57643334
57644290 149529166
57644290 24956521
57644290 687838647
57644290 152594786
57644290 57645464
57644290 57646206
57644290 57644042
57644290 82128169
57644290 152581506
57644290 152816799
57644290 50605025
57644290 57644376
57644290 57645212
57644290 47245697
57644290 57651651
57644290 57652010
57644290 580913488
57644290 118831975
57644290 152899564
57644290 26732858
57644290 22612799
57644290 152619376
57644290 152726971
57644290 139205190
57644290 270793920
57644290 58473682
57644290 7078986
57644290 57650159
57644290 128504578
57644290 58387337
57644290 105853043
57644290 29149856
57644290 57643843
57644290 58142941
57644290 57652021
57644290 57644430
57644290 57652742
57644290 57652330
57644290 57849027
57644290 57647581
57644290 59847544
57644290 82643223
57650277 57647119
57650277 152906315
57650277 129989823
57650277 57650559
57650277 57652258
57650277 38883463
57650277 57647958
57650277 57645249
57650277 6229077
57650277 210187298
57650277 57644290
57650277 57644644
57650277 226091704
57650277 581222271
57650277 83282188
57650277 133788651
57650277 13824539
57650277 57643334
57650277 149529166
57650277 24956521
57650277 57847295
57650277 633982373
57650277 57645464
57650277 57646206
57650277 57644042
57650277 82128169
57650277 152581506
57650277 57649402
57650277 57644376
57650277 57645212
57650277 47245697
57650277 57651651
57650277 57652010
57650277 118831975
57650277 152899564
57650277 26732858
57650277 152619376
57650277 139205190
57650277 270793920
57650277 57650159
57650277 128504578
57650277 58387337
57650277 105853043
57650277 152885139
57650277 57643843
57650277 58142941
57650277 57652021
57650277 57644430
57650277 57652742
57650277 57652330
57650277 57849027
57650277 57645630
57650277 57647581
57650277 82643223
580913488 57645464
580913488 57649402
580913488 50605025
580913488 57646206
580913488 210187298
580913488 6229077
580913488 687838647
580913488 359366870
580913488 83282188
580913488 57644644
580913488 57644042
580913488 57652258
580913488 57645249
580913488 13824539
580913488 57647119
580913488 57644290
580913488 118831975
580913488 26732858
580913488 105853043
580913488 57643843
580913488 57652742
580913488 57652330
57644376 82128169
57644376 57644042
57644376 152816799
57644376 83282188
57644376 57643334
57644376 57645249
57644376 149529166
57644376 57646206
57644376 57647958
57644376 57644644
57644376 57647119
57644376 133788651
57644376 581222271
57644376 57645464
57644376 129989823
57644376 38883463
57644376 6229077
57644376 57650277
57644376 57644290
57644376 58107925
57644376 24956521
57644376 57649402
57644376 57652258
57644376 687838647
57644376 226091704
57644376 50605025
57644376 57645212
57644376 57651651
57644376 118831975
57644376 26732858
57644376 139205190
57644376 7078986
57644376 57650159
57644376 128504578
57644376 105853043
57644376 57643843
57644376 58142941
57644376 57652021
57644376 57644430
57644376 57652742
57644376 57652330
57644376 57849027
57644376 57647581
57644376 59847544
57644376 82643223
57652010 57652258
57652010 57644042
57652010 57644290
57652010 57649402
57652010 83282188
57652010 57646206
57652010 57651651
57652010 6229077
57652010 57644644
57652010 57645464
57652010 57650277
57652010 82128169
57652010 38883463
57652010 57645212
57652010 57643334
57652010 57847295
57652010 118831975
57652010 26732858
57652010 152619376
57652010 139205190
57652010 57643843
57652010 57644430
57652010 82643223
57652010 57652330
152712559 57644290
152712559 57644644
152712559 57652742
152581506 24956521
152581506 57644644
152581506 38883463
152581506 57644042
152581506 57645249
152581506 57645464
152581506 83282188
152581506 6229077
152581506 210187298
152581506 57646206
152581506 57644290
152581506 57650277
152581506 581222271
152581506 57643334
152581506 82128169
152581506 57647958
152581506 57649402
152581506 57645212
152581506 118831975
152581506 26732858
152581506 57643843
152581506 58142941
152581506 57849027
152581506 82643223
152581506 57647581
118831975 152581506
118831975 57645212
118831975 57646206
118831975 57645249
118831975 57643334
118831975 57650277
118831975 82128169
118831975 83282188
118831975 57644644
118831975 57644042
118831975 57645464
118831975 57647119
118831975 38883463
118831975 57647958
118831975 57649402
118831975 57644290
118831975 24956521
118831975 57651651
118831975 6229077
118831975 13824539
118831975 133788651
118831975 57652258
118831975 210187298
118831975 687838647
118831975 149529166
118831975 57644376
118831975 359366870
118831975 226091704
118831975 58107925
118831975 57652010
118831975 26732858
118831975 22612799
118831975 152619376
118831975 711891921
118831975 139205190
118831975 270793920
118831975 57650159
118831975 105853043
118831975 57643843
118831975 58142941
118831975 57652021
118831975 57644430
118831975 57652742
118831975 57652330
118831975 57849027
118831975 57645630
118831975 57647581
118831975 82643223
57647119 129989823
57647119 58107925
57647119 57652258
57647119 38883463
57647119 57647958
57647119 57645249
57647119 6229077
57647119 210187298
57647119 57644290
57647119 57644644
57647119 57650277
57647119 82643223
57647119 581222271
57647119 83282188
57647119 133788651
57647119 13824539
57647119 57643334
57647119 24956521
57647119 687838647
57647119 57645464
57647119 57646206
57647119 57644042
57647119 82128169
57647119 57649402
57647119 50605025
57647119 57644376
57647119 57645212
57647119 57651651
57647119 118831975
57647119 26732858
57647119 139205190
57647119 57650159
57647119 128504578
57647119 105853043
57647119 29149856
57647119 57643843
57647119 58142941
57647119 57652021
57647119 57644430
57647119 57652742
57647119 57652330
57647119 57849027
57647119 57647581
22612799 83282188
22612799 57652258
22612799 57644290
22612799 118831975
22612799 149529166
22612799 57643334
22612799 38883463
22612799 57644644
22612799 105853043
22612799 57643843
22612799 57644430
22612799 57652742
22612799 57849027
22612799 82643223
13824539 57647119
13824539 152449243
13824539 129989823
13824539 57650559
13824539 58107925
13824539 57652258
13824539 38883463
13824539 57647958
13824539 57645249
13824539 6229077
13824539 210187298
13824539 57644290
13824539 57644644
13824539 57650277
13824539 226091704
13824539 581222271
13824539 83282188
13824539 133788651
13824539 57643334
13824539 149529166
13824539 24956521
13824539 687838647
13824539 57645464
13824539 57646206
13824539 57644042
13824539 82128169
13824539 152816799
13824539 57649402
13824539 50605025
13824539 57644376
13824539 57645212
13824539 57651651
13824539 580913488
13824539 118831975
13824539 152899564
13824539 26732858
13824539 152726971
13824539 139205190
13824539 270793920
13824539 155831999
13824539 57650159
13824539 128504578
13824539 58387337
13824539 105853043
13824539 57643843
13824539 58142941
13824539 57652021
13824539 57644430
13824539 57652742
13824539 57652330
13824539 57849027
13824539 57645630
13824539 57647581
13824539 82643223
152619376 57644644
152619376 38883463
152619376 13824539
152619376 57646206
152619376 57652010
152619376 57652258
152619376 6229077
152619376 57651651
152619376 57645249
152619376 57644042
152619376 57650277
152619376 57649402
152619376 57644290
152619376 359366870
152619376 57643334
152619376 57645212
152619376 118831975
152619376 210187298
152619376 50605025
152619376 24956521
152619376 57647958
152619376 83282188
152619376 226091704
152619376 82128169
152619376 26732858
152619376 139205190
152619376 58387337
152619376 105853043
152619376 57643843
152619376 58142941
152619376 57652742
152619376 57652330
152619376 82643223
152619376 57849027
59847544 57644290
59847544 57652258
59847544 57652021
59847544 57644376
59847544 57652742
59847544 26732858
659078959 24956521
659078959 57645212
659078959 57646206
659078959 57651651
659078959 57652258
659078959 118831975
659078959 57643843
57645464 24956521
57645464 57645249
57645464 83282188
57645464 57643334
57645464 129989823
57645464 38883463
57645464 57650277
57645464 57644644
57645464 57647119
57645464 133788651
57645464 57647958
57645464 6229077
57645464 57644290
57645464 210187298
57645464 581222271
57645464 13824539
57645464 57652258
57645464 359366870
57645464 57650559
57645464 57646206
57645464 57644042
57645464 82128169
57645464 57649402
57645464 57644376
57645464 57645212
57645464 57651651
57645464 57652010
57645464 580913488
57645464 118831975
57645464 26732858
57645464 139205190
57645464 57650159
57645464 128504578
57645464 105853043
57645464 57643843
57645464 57652021
57645464 57644430
57645464 57652742
57645464 57652330
57645464 57849027
57645464 57645630
57645464 57647581
57645464 82643223
57645212 50605025
57645212 57644042
57645212 57645464
57645212 83282188
57645212 57645249
57645212 152816799
57645212 133788651
57645212 57644644
57645212 24956521
57645212 57643334
57645212 82128169
57645212 152581506
57645212 57647958
57645212 57644290
57645212 129989823
57645212 57646206
57645212 57650277
57645212 57644376
57645212 38883463
57645212 57649402
57645212 152906315
57645212 57647119
57645212 581222271
57645212 149529166
57645212 6229077
57645212 13824539
57645212 57847295
57645212 57650559
57645212 57652258
57645212 210187298
57645212 226091704
57645212 152449243
57645212 633982373
57645212 57651651
57645212 57652010
57645212 659078959
57645212 118831975
57645212 26732858
57645212 22612799
57645212 152619376
57645212 139205190
57645212 270793920
57645212 57650159
57645212 58387337
57645212 105853043
57645212 57643843
57645212 58142941
57645212 57652021
57645212 57644430
57645212 57652742
57645212 57652330
57645212 57849027
57645212 57645630
57645212 57647581
57645212 82643223
57652021 26732858
57652021 57644644
57652021 58107925
57652021 57645249
57652021 118831975
57652021 57650159
57652021 57645464
57652021 57645212
57652021 210187298
57652021 149529166
57652021 57646206
57652021 57651651
57652021 57643334
57652021 152921594
57652021 139205190
57652021 13824539
57652021 129989823
57652021 57643843
57652021 57644042
57652021 58142941
57652021 83282188
57652021 38883463
57652021 57652258
57652021 57649402
57652021 57647958
57652021 6229077
57652021 57650277
57652021 24956521
57652021 105853043
57652021 57644376
57652021 57644290
57652021 152816799
57652021 359366870
57652021 82128169
57652021 50605025
57652021 687838647
57652021 152449243
57652021 57647119
57652021 57644430
57652021 57652742
57652021 57652330
57652021 57849027
57652021 57645630
57652021 57647581
57652021 59847544
57652021 82643223
6229077 57647119
6229077 152449243
6229077 129989823
6229077 57650559
6229077 58107925
6229077 359366870
6229077 57652258
6229077 38883463
6229077 57647958
6229077 57645249
6229077 210187298
6229077 57644290
6229077 57644644
6229077 57650277
6229077 226091704
6229077 581222271
6229077 83282188
6229077 133788651
6229077 13824539
6229077 57643334
6229077 149529166
6229077 24956521
6229077 687838647
6229077 57847295
6229077 633982373
6229077 57645464
6229077 57646206
6229077 57644042
6229077 82128169
6229077 152581506
6229077 57649402
6229077 50605025
6229077 57644376
6229077 57645212
6229077 47245697
6229077 57651651
6229077 57652010
6229077 580913488
6229077 118831975
6229077 152899564
6229077 26732858
6229077 152619376
6229077 711891921
6229077 139205190
6229077 270793920
6229077 57650159
6229077 128504578
6229077 58387337
6229077 105853043
6229077 29149856
6229077 152885139
6229077 57643843
6229077 58142941
6229077 57652021
6229077 57644430
6229077 57652742
6229077 57652330
6229077 57849027
6229077 57645630
6229077 57647581
6229077 82643223
82128169 83282188
82128169 57644042
82128169 57645249
82128169 57643334
82128169 57646206
82128169 57647119
82128169 57647958
82128169 57644644
82128169 57650277
82128169 38883463
82128169 6229077
82128169 129989823
82128169 57652258
82128169 149529166
82128169 57645464
82128169 210187298
82128169 13824539
82128169 24956521
82128169 226091704
82128169 57644290
82128169 152449243
82128169 687838647
82128169 152581506
82128169 152816799
82128169 57649402
82128169 50605025
82128169 57644376
82128169 57645212
82128169 57651651
82128169 57652010
82128169 118831975
82128169 26732858
82128169 152619376
82128169 139205190
82128169 128504578
82128169 105853043
82128169 57643843
82128169 58142941
82128169 57652021
82128169 57644430
82128169 57652742
82128169 57652330
82128169 57849027
82128169 57645630
82128169 57647581
82128169 82643223
57644644 57647119
57644644 152906315
57644644 129989823
57644644 57650559
57644644 57652258
57644644 38883463
57644644 57647958
57644644 57645249
57644644 6229077
57644644 210187298
57644644 57644290
57644644 57650277
57644644 226091704
57644644 83282188
57644644 133788651
57644644 13824539
57644644 57643334
57644644 149529166
57644644 24956521
57644644 687838647
57644644 57847295
57644644 57645464
57644644 57646206
57644644 57644042
57644644 82128169
57644644 152581506
57644644 152816799
57644644 57649402
57644644 50605025
57644644 57644376
57644644 57645212
57644644 57651651
57644644 57652010
57644644 580913488
57644644 118831975
57644644 26732858
57644644 22612799
57644644 152619376
57644644 139205190
57644644 7078986
57644644 57650159
57644644 128504578
57644644 105853043
57644644 29149856
57644644 57643843
57644644 58142941
57644644 57652021
57644644 57644430
57644644 57652742
57644644 57652330
57644644 57849027
57644644 57645630
57644644 82643223
152921594 57652742
152921594 57652021
57847295 6229077
57847295 83282188
57847295 57647958
57847295 57643334
57847295 57650277
57847295 38883463
57847295 57652258
57847295 57644644
57847295 57645464
57847295 57646206
57847295 57644042
57847295 57649402
57847295 57645212
57847295 57651651
57847295 57652010
57847295 118831975
57847295 152899564
57847295 26732858
57847295 139205190
57847295 57643843
57847295 57652330
57847295 82643223
57847295 57647581
57847295 57849027
57647958 57647119
57647958 152449243
57647958 129989823
57647958 57650559
57647958 58107925
57647958 359366870
57647958 57652258
57647958 38883463
57647958 57645249
57647958 6229077
57647958 210187298
57647958 57644290
57647958 57644644
57647958 57650277
57647958 226091704
57647958 83282188
57647958 133788651
57647958 13824539
57647958 57643334
57647958 24956521
57647958 687838647
57647958 57847295
57647958 633982373
57647958 57645464
57647958 57646206
57647958 57644042
57647958 82128169
57647958 152816799
57647958 57649402
57647958 50605025
57647958 57644376
57647958 57645212
57647958 57651651
57647958 118831975
57647958 26732858
57647958 152619376
57647958 139205190
57647958 58387337
57647958 105853043
57647958 29149856
57647958 57643843
57647958 58142941
57647958 57652021
57647958 57644430
57647958 57652742
57647958 57652330
57647958 57849027
57647958 57647581
57647958 82643223
359366870 129989823
359366870 57652258
359366870 38883463
359366870 57645249
359366870 6229077
359366870 210187298
359366870 57644290
359366870 226091704
359366870 83282188
359366870 57643334
359366870 24956521
359366870 57646206
359366870 57644042
359366870 57651651
359366870 580913488
359366870 118831975
359366870 152619376
359366870 139205190
359366870 57650159
359366870 58387337
359366870 57643843
359366870 57652021
359366870 57652742
359366870 82643223
359366870 57849027
26732858 57645464
26732858 133788651
26732858 152581506
26732858 58107925
26732858 57847295
26732858 50605025
26732858 57644042
26732858 57645212
26732858 24956521
26732858 83282188
26732858 57644644
26732858 57645249
26732858 57644376
26732858 152899564
26732858 57643334
26732858 57647958
26732858 129989823
26732858 57647119
26732858 57646206
26732858 82128169
26732858 38883463
26732858 118831975
26732858 57651651
26732858 57650277
26732858 152906315
26732858 57644290
26732858 57649402
26732858 13824539
26732858 6229077
26732858 57652258
26732858 152816799
26732858 581222271
26732858 57652010
26732858 687838647
26732858 210187298
26732858 152449243
26732858 580913488
26732858 152619376
26732858 139205190
26732858 57650159
26732858 128504578
26732858 58387337
26732858 105853043
26732858 29149856
26732858 57643843
26732858 58142941
26732858 57652021
26732858 57644430
26732858 57652742
26732858 57652330
26732858 57849027
26732858 57647581
26732858 59847544
26732858 82643223
633982373 6229077
633982373 57652258
633982373 210187298
633982373 57650277
633982373 83282188
633982373 24956521
633982373 57647958
633982373 38883463
633982373 57645212
633982373 57651651
633982373 128504578
633982373 57652330
633982373 57652742
633982373 57644430
105853043 118831975
105853043 38883463
105853043 57645212
105853043 26732858
105853043 57649402
105853043 57644376
105853043 139205190
105853043 57647958
105853043 83282188
105853043 57644042
105853043 57650159
105853043 57645249
105853043 57643334
105853043 57646206
105853043 57644290
105853043 57645464
105853043 82128169
105853043 57650559
105853043 13824539
105853043 6229077
105853043 359366870
105853043 57650277
105853043 22612799
105853043 57644644
105853043 226091704
105853043 57652258
105853043 57651651
105853043 129989823
105853043 57647119
105853043 50605025
105853043 24956521
105853043 152449243
105853043 210187298
105853043 580913488
105853043 57643843
105853043 58142941
105853043 57652021
105853043 57652742
105853043 57652330
105853043 82643223
105853043 57645630
105853043 57849027
58473682 57652258
58473682 57651651
58473682 57644290
58473682 118831975
58473682 24956521
58473682 57650559
58473682 57849027
226091704 359366870
226091704 57652258
226091704 38883463
226091704 57647958
226091704 57645249
226091704 6229077
226091704 210187298
226091704 57644290
226091704 57644644
226091704 57650277
226091704 83282188
226091704 13824539
226091704 57643334
226091704 57646206
226091704 57644042
226091704 82128169
226091704 57649402
226091704 57644376
226091704 57645212
226091704 57651651
226091704 118831975
226091704 152619376
226091704 139205190
226091704 58387337
226091704 105853043
226091704 57643843
226091704 57652742
226091704 57645630
226091704 57849027
226091704 57652330
57646206 129989823
57646206 83282188
57646206 57645249
57646206 57643334
57646206 57647119
57646206 57645464
57646206 57644644
57646206 38883463
57646206 57644290
57646206 57647958
57646206 57650277
57646206 6229077
57646206 13824539
57646206 133788651
57646206 57650559
57646206 24956521
57646206 57652258
57646206 359366870
57646206 210187298
57646206 226091704
57646206 58107925
57646206 687838647
57646206 149529166
57646206 57644042
57646206 82128169
57646206 152581506
57646206 57649402
57646206 50605025
57646206 57644376
57646206 57645212
57646206 57651651
57646206 57652010
57646206 118831975
57646206 26732858
57646206 152619376
57646206 139205190
57646206 57650159
57646206 128504578
57646206 58387337
57646206 105853043
57646206 57643843
57646206 58142941
57646206 57652021
57646206 57644430
57646206 57652742
57646206 57652330
57646206 57849027
57646206 57645630
57646206 57647581
57646206 82643223
29149856 57644042
29149856 26732858
29149856 57647958
29149856 6229077
29149856 24956521
29149856 50605025
29149856 57644290
29149856 57647119
29149856 57644644
29149856 57652258
29149856 118831975
29149856 57651651
29149856 57652021
29149856 57644430
29149856 57652742
29149856 57652330
29149856 57849027
29149856 57647581
47245697 57644042
47245697 57650277
47245697 57646206
47245697 6229077
47245697 57644290
47245697 57651651
47245697 139205190
47245697 128504578
47245697 57643843
47245697 58142941
47245697 57652021
152899564 38883463
152899564 50605025
152899564 57644042
152899564 57650277
152899564 57652258
152899564 57651651
152899564 13824539
152899564 210187298
152899564 57644290
152899564 57847295
152899564 26732858
152899564 139205190
152899564 57643843
152899564 58142941
152899564 57652742
152899564 57849027
152899564 57652330
57652258 57647119
57652258 152449243
57652258 152906315
57652258 129989823
57652258 57650559
57652258 359366870
57652258 38883463
57652258 57647958
57652258 57645249
57652258 6229077
57652258 210187298
57652258 57644290
57652258 57644644
57652258 57650277
57652258 226091704
57652258 83282188
57652258 133788651
57652258 13824539
57652258 57643334
57652258 149529166
57652258 24956521
57652258 687838647
57652258 57847295
57652258 633982373
57652258 57645464
57652258 57646206
57652258 57644042
57652258 82128169
57652258 57649402
57652258 50605025
57652258 57644376
57652258 57645212
57652258 57651651
57652258 57652010
57652258 659078959
57652258 580913488
57652258 118831975
57652258 152899564
57652258 26732858
57652258 22612799
57652258 152619376
57652258 152726971
57652258 711891921
57652258 139205190
57652258 58473682
57652258 57650159
57652258 58387337
57652258 105853043
57652258 29149856
57652258 57643843
57652258 58142941
57652258 57652021
57652258 57644430
57652258 57652742
57652258 57652330
57652258 57849027
57652258 57645630
57652258 57647581
57652258 59847544
57652258 82643223
57650559 129989823
57650559 57652258
57650559 38883463
57650559 57647958
57650559 57645249
57650559 6229077
57650559 57644290
57650559 57644644
57650559 57650277
57650559 83282188
57650559 13824539
57650559 57645464
57650559 57646206
57650559 57649402
57650559 50605025
57650559 57645212
57650559 118831975
57650559 139205190
57650559 57650159
57650559 105853043
57650559 57643843
57650559 57644430
57650559 57652742
57650559 57849027
57650559 82643223
50605025 57645249
50605025 24956521
50605025 57643334
50605025 82128169
50605025 57644290
50605025 38883463
50605025 57644644
50605025 83282188
50605025 57646206
50605025 133788651
50605025 57647119
50605025 58107925
50605025 152816799
50605025 57647958
50605025 129989823
50605025 57652258
50605025 57644042
50605025 210187298
50605025 13824539
50605025 57644376
50605025 57645212
50605025 57651651
50605025 580913488
50605025 118831975
50605025 152899564
50605025 26732858
50605025 152619376
50605025 139205190
50605025 7078986
50605025 57650159
50605025 128504578
50605025 105853043
50605025 29149856
50605025 57643843
50605025 58142941
50605025 57644430
50605025 57652742
50605025 57652330
50605025 57849027
50605025 57647581
50605025 82643223
57645630 83282188
57645630 57643334
57645630 57849027
57645630 57643843
57645630 57644042
57645630 57644430
57645630 57651651
57645630 118831975
57645630 139205190
57645630 57645212
57645630 226091704
57645630 57644644
57645630 24956521
57645630 57650277
57645630 57646206
57645630 57645249
57645630 38883463
57645630 82128169
57645630 57652021
57645630 13824539
57645630 6229077
57645630 82643223
58107925 57647119
58107925 129989823
58107925 57647958
58107925 6229077
58107925 210187298
58107925 57644290
58107925 57644644
58107925 83282188
58107925 13824539
58107925 57643334
58107925 57644042
58107925 50605025
58107925 57644376
58107925 118831975
58107925 26732858
58107925 711891921
58107925 105853043
58107925 57643843
58107925 57652021
58107925 57644430
58107925 57652742
58107925 57849027
57652330 57643843
57652330 57644042
57652330 6229077
57652330 57644376
57652330 24956521
57652330 57645249
57652330 26732858
57652330 57847295
57652330 57646206
57652330 57643334
57652330 57647958
57652330 139205190
57652330 38883463
57652330 57644430
57652330 57644644
57652330 152899564
57652330 57647119
57652330 82128169
57652330 50605025
57652330 118831975
57652330 57649402
57652330 58142941
57652330 57650277
57652330 57645212
57652330 129989823
57652330 57652021
57652330 57651651
57652330 105853043
57652330 29149856
57652330 57645464
57652330 57650159
57652330 13824539
57652330 149529166
57652330 57652258
57652330 155831999
57652330 57644290
57652330 58387337
57652330 57652010
57652330 57652742
57652330 152619376
57652330 581193901
57652330 133788651
57652330 633982373
57652330 210187298
57652330 581222271
57652330 226091704
57652330 687838647
57652330 580913488
57652330 57849027
57652330 57647581
57652330 82643223
152906315 57644644
152906315 57644042
152906315 57645212
152906315 26732858
152906315 57849027
152906315 57647581
128504578 57647119
128504578 133788651
128504578 82128169
128504578 57644376
128504578 6229077
128504578 57645464
128504578 26732858
128504578 57644042
128504578 24956521
128504578 47245697
128504578 83282188
128504578 57645249
128504578 57643334
128504578 38883463
128504578 57644644
128504578 50605025
128504578 57650277
128504578 57646206
128504578 57651651
128504578 210187298
128504578 129989823
128504578 13824539
128504578 57644290
128504578 633982373
128504578 118831975
128504578 57649402
128504578 57643843
128504578 58142941
128504578 57849027
128504578 57647581
128504578 82643223
152594786 57644290
152594786 57652742
57650159 57650277
57650159 57645464
57650159 118831975
57650159 83282188
57650159 57646206
57650159 57645212
57650159 57651651
57650159 38883463
57650159 139205190
57650159 57649402
57650159 129989823
57650159 57644644
57650159 57644042
57650159 57643334
57650159 26732858
57650159 57644376
57650159 13824539
57650159 57644290
57650159 359366870
57650159 57645249
57650159 57652258
57650159 6229077
57650159 581222271
57650159 57650559
57650159 57647119
57650159 210187298
57650159 50605025
57650159 105853043
57650159 57643843
57650159 57652021
57650159 57652330
57650159 57849027
57650159 82643223
