299786569 56915992
74966028 127655871
555174569 127655871
185855229 127655871
65426919 14180336
56081896 127655871
28113830 52537330
28113830 127655871
28113830 142759156
28113830 57194174
58299198 127655871
58299198 14180336
128687665 127655871
142759156 28113830
142759156 127655871
137381209 127655871
67101505 127655871
54416151 127655871
11967166 185855229
11967166 127655871
14180336 127959009
14180336 127655871
16662123 127655871
58144663 127655871
58144663 14180336
58400961 14180336
127959009 14180336
131196433 127655871
131196433 74966028
103067983 56915992
103067983 127655871
103067983 52537330
127655871 14180336
52539013 56915992
52539013 52537330
169530662 56915992
169530662 52537330
45161823 56953287
45161823 127655871
57194174 28113830
57194174 52537330
57194174 127655871
57194174 14180336
52537330 28113830
52537330 56915992
52537330 52539013
52537330 169530662
52537330 57194174
52537330 103067983
56953287 45161823
56953287 127655871
120629108 56915992
120629108 127655871
11894380 127655871
52519361 127655871
36562864 127655871
27467605 127655871
31267736 127655871
31267736 14180336
56915992 52537330
56915992 299786569
56915992 127655871
56915992 52539013
56915992 169530662
56915992 120629108
56915992 142759156
56915992 103067983
