152957775 11273792
152957775 601818513
633942782 580924924
633942782 152932786
152669885 57649095
57652934 152566146
152818456 152932786
152818456 152619917
700861026 152930195
152565922 601818513
152565922 152566146
107476996 11273792
107476996 601818513
107476996 57649095
152900286 152937189
152566146 152565922
152566146 57652934
152566146 152481789
601606180 655719473
23086783 149532916
152930195 700861026
580924924 152523413
580924924 633942782
476814713 601818513
11273792 152957775
11273792 107476996
655719473 601606180
152523413 580924924
152931865 298850316
152931865 581021891
152931865 152931698
797912505 601818513
57649095 152818116
57649095 107476996
57649095 152619917
57649095 633942782
57649095 152932786
57649095 152669885
57649095 149532916
581031392 107476996
601603057 152932786
152481789 152566146
152932786 601603057
152932786 57649095
152932786 633942782
152932786 152818456
152619917 57649095
152619917 152818456
39343649 152937189
152818116 57649095
152818116 152932786
91932473 601818513
298850316 152931865
601818513 91932473
601818513 107476996
601818513 655719473
601818513 152957775
601818513 476814713
601818513 152565922
