452508577 123755276
219712635 127205666
9915556 127205666
57069320 299668795
140121317 757247046
123755276 127205666
757247046 127205666
757247046 140121317
200003019 127205666
61269252 127205666
130169583 317159981
836613432 687140112
199889810 166837413
299371333 127205666
43708316 127205666
580899936 127205666
102065421 127205666
44684113 127205666
299232650 127205666
664931218 127205666
836610878 127205666
49848927 127205666
30831623 127205666
299668795 127205666
299668795 57069320
52393169 127205666
73029657 127205666
8280074 127205666
687140112 836613432
