511369566 39929481
497342369 129558600
497342369 39929481
497342369 497341352
3516948 129558600
3516948 497342369
3516948 39929481
129558600 6856863
129558600 497342369
129558600 497341352
129558600 39929481
56040350 129558600
56040350 39929481
535562747 129558600
535562747 39929481
6856863 129558600
6856863 39929481
21517096 129558600
21517096 497342369
21517096 39929481
497207410 129558600
497207410 39929481
39929481 497342369
39929481 6856863
39929481 129558600
154799014 39929481
464756233 39929481
48689122 39929481
701150587 39929481
52570710 39929481
160396583 39929481
97499406 6856863
97499406 129558600
97499406 39929481
497341352 129558600
497341352 497342369
497341352 39929481
175594234 129558600
175594234 39929481
701112142 39929481
142859601 6856863
142859601 129558600
142859601 497342369
142859601 39929481
