45219387 127532799
836613464 177111781
37190468 16264646
37190468 57643617
177111781 128339220
84546544 57645270
84546544 45213110
84546544 210222876
84546544 24708360
84546544 16264646
84546544 57643617
84546544 45544610
84546544 129076616
152941388 152884302
152941388 45213110
152941388 152940701
622113085 128339220
622113085 6953172
152935059 15860763
152935059 128339220
31830924 128339220
31830924 558494220
31830924 6953172
31830924 127532799
31830924 16264646
31830924 643019095
558693872 127532799
154158114 6953172
152723219 128339220
152723219 6953172
836613336 128339220
57589897 210257847
57589897 57645270
57589897 210222876
57589897 57645607
57589897 24708360
57589897 6953172
57589897 57643617
57589897 45544610
127577364 44758809
127577364 57483961
127577364 152924302
127577364 152686201
127577364 152884302
57645607 210257847
57645607 57645270
57645607 45213110
57645607 152856111
57645607 210222876
57645607 24708360
57645607 57589897
57645607 16264646
57645607 57643617
57645607 45544610
57645607 152884302
57645607 152673102
57645607 50869481
57645607 210216946
57645607 129076616
152924302 15860763
152924302 45213110
152924302 127577364
152924302 6953172
152924302 16264646
558494220 31830924
558494220 643019095
558494220 127532799
558494220 6953172
18510371 16264646
129076616 57645607
129076616 58048137
129076616 152884302
328139702 147915597
58048137 44758809
58048137 128339220
58048137 16264646
58048137 129076616
127532799 128339220
127532799 558494220
127532799 6953172
152629596 152884302
152629596 24708360
152930921 128339220
152930921 57643617
152673102 45213110
152673102 16264646
152673102 57643617
152673102 57645607
57483961 128339220
57483961 127577364
57483961 16264646
65488309 6953172
152816927 128339220
836613056 128339220
6953172 31830924
6953172 128339220
6953172 622113085
6953172 558494220
6953172 16264646
45544610 210257847
45544610 57645270
45544610 45213110
45544610 210222876
45544610 57645607
45544610 84546544
45544610 57589897
45544610 50869481
45544610 210188049
45544610 16264646
45544610 57643617
152856111 210257847
152856111 152884302
152856111 57645607
152856111 16264646
52422275 16264646
152884302 152941388
152884302 45213110
152884302 152856111
152884302 152629596
152884302 6953172
152884302 16264646
152884302 57645607
152884302 127577364
152884302 15860763
152884302 129076616
806178115 16264646
50869481 210257847
50869481 45213110
50869481 210222876
50869481 24708360
50869481 16264646
50869481 45544610
50869481 210188049
50869481 57645607
210216946 57645607
210216946 128339220
152622198 57478163
152622198 45213110
152622198 128339220
152622198 57643617
152622198 15860763
152622198 6953172
152622198 24708360
177671051 127532799
177671051 6953172
643019095 31830924
643019095 225124036
643019095 128339220
643019095 558494220
643019095 6953172
643019095 127532799
145679390 6953172
44758809 58048137
44758809 24708360
44758809 127577364
44758809 16264646
149548957 128339220
149548957 6953172
149548957 127532799
147915597 128339220
147915597 328139702
147915597 6953172
582326148 6953172
97201473 128339220
97201473 6953172
97201473 127532799
152686201 127577364
152686201 6953172
177326288 6953172
177326288 128339220
223884853 24708360
694682814 6953172
694682814 128339220
694682814 225124036
225124036 694682814
225124036 16264646
225124036 643019095
57478163 6953172
45213110 15860763
45213110 152884302
45213110 152941388
45213110 152673102
45213110 57645607
45213110 84546544
45213110 24708360
45213110 50869481
45213110 16264646
45213110 152924302
45213110 45544610
57645270 210257847
57645270 210222876
57645270 57645607
57645270 84546544
57645270 57589897
57645270 16264646
57645270 52422275
57645270 57643617
57645270 45544610
152940701 152941388
836614820 127532799
33357768 128339220
33357768 6953172
33357768 127532799
210257847 57645270
210257847 152856111
210257847 210222876
210257847 57645607
210257847 57589897
210257847 16264646
210257847 57643617
210257847 45544610
210188049 128339220
210188049 6953172
210188049 45544610
210188049 50869481
128339220 6953172
128339220 127532799
157463890 127532799
24708360 44758809
24708360 15860763
24708360 45213110
24708360 57645607
24708360 84546544
24708360 152629596
24708360 57589897
24708360 50869481
24708360 16264646
24708360 152622198
16264646 210257847
16264646 57645270
16264646 31830924
16264646 806178115
16264646 225124036
16264646 44758809
16264646 57483961
16264646 15860763
16264646 128339220
16264646 152673102
16264646 45213110
16264646 152856111
16264646 210222876
16264646 57645607
16264646 84546544
16264646 24708360
16264646 18510371
16264646 50869481
16264646 6953172
16264646 127532799
16264646 37190468
16264646 25657411
16264646 52422275
16264646 152924302
16264646 45544610
16264646 152520008
16264646 129076616
210222876 210257847
210222876 57645270
210222876 57645607
210222876 84546544
210222876 57589897
210222876 50869481
210222876 16264646
210222876 57643617
210222876 45544610
836613419 128339220
15860763 128339220
15860763 24708360
15860763 6953172
15860763 127532799
15860763 152935059
15860763 57643617
15860763 152924302
15860763 152884302
15860763 152622198
57643617 210257847
57643617 57645270
57643617 15860763
57643617 152673102
57643617 152930921
57643617 210222876
57643617 57645607
57643617 84546544
57643617 57589897
57643617 37190468
57643617 45544610
