67603966 50633045
67603966 127168222
11370246 127168222
215871464 127168222
354219281 127168222
665997495 665951181
448188172 127168222
609843981 666000671
155603233 127168222
14896407 127168222
50633045 67603966
50633045 127168222
153498774 127168222
20784477 127168222
666000671 609843981
665951181 665997495
51616972 127168222
747238801 665951181
5672474 127168222
92412952 127168222
52061099 127168222
31312854 127168222
6859149 127168222
10325102 127168222
133229429 127168222
206548094 127168222
612002 127168222
602510697 127168222
97728082 127168222
148308420 127168222
448069879 127168222
449115805 127168222
76709587 35972307
76709587 127168222
50022876 127168222
99760039 127168222
130329536 127168222
453754620 127168222
77847395 127168222
35972307 76709587
35972307 127168222
51634205 127168222
