50858204 127185309
50858204 57644822
50858204 58441630
50902218 127185309
50902218 58441630
806175802 127185309
152531079 38102918
152531079 57644923
152531079 93736621
833323631 127185309
572855879 127185309
581692784 127185309
93768189 14415979
152688309 127185309
634346898 127185309
634346898 58441630
834034716 127185309
765587367 127185309
836613621 127185309
128781131 127185309
128781131 58441630
581374641 127185309
51701245 127185309
51701245 58297990
51701245 58441630
51701245 34441577
51701245 57650749
154826490 127185309
154826490 6490448
154826490 69081317
154826490 57644822
154826490 93736621
154826490 57650749
57644923 38102918
57644923 57644822
57644923 34441577
57644923 58137008
57644923 82652759
57644923 152531079
57644923 57650749
57644923 93736621
57644923 57650991
57644923 57644609
581804709 127185309
218769469 127185309
218769469 58297990
581840615 127185309
82638337 127185309
82638337 58441630
82638337 82652759
57644822 38102918
57644822 154826490
57644822 210223200
57644822 82652759
57644822 57644923
57644822 93736621
57644822 50858204
57644822 581982541
57644822 57644609
210223200 127185309
210223200 57644822
624274208 127185309
624274208 58441630
298857095 127185309
298857095 58441630
34441577 127185309
34441577 38102918
34441577 97087389
34441577 57644923
34441577 51701245
582230431 127185309
155818589 127185309
155818589 58441630
152592032 127185309
581064247 127185309
581064247 58441630
149061378 127185309
634166163 127185309
634166163 58441630
69081317 127185309
69081317 154826490
69081317 152913194
152913194 127185309
152913194 69081317
152913194 58155241
152913194 93736621
152913194 6490448
152932873 127185309
601809971 127185309
254067674 127185309
58441630 127185309
58441630 58297990
298835889 127185309
298835889 6490448
298835889 58441630
38102918 127185309
38102918 57644822
38102918 58441630
38102918 298831321
38102918 34441577
38102918 57644923
38102918 152531079
38102918 57650991
38102918 93736621
38102918 14415979
836612389 127185309
152662210 127185309
20880291 127185309
20880291 58441630
58155241 127185309
58155241 58441630
58155241 152913194
57650991 127185309
57650991 38102918
57650991 57644923
57650991 57644609
216085205 127185309
216085205 6490448
51838761 127185309
82652759 127185309
82652759 82638337
82652759 57644822
82652759 57644923
82652759 57650749
581247516 127185309
581247516 58441630
4814206 127185309
4814206 58441630
58099470 127185309
58099470 58441630
836612111 127185309
836613349 127185309
58297990 127185309
58297990 218769469
58297990 58441630
93736621 127185309
93736621 38102918
93736621 154826490
93736621 57644822
93736621 58441630
93736621 298835889
93736621 58137008
93736621 82652759
93736621 152531079
93736621 57644923
93736621 254067674
93736621 6490448
6490448 127185309
6490448 154826490
6490448 58441630
6490448 93736621
32079002 127185309
32079002 58441630
152919865 127185309
155846139 127185309
155846139 58441630
57644609 127185309
57644609 6490448
57644609 154826490
57644609 57650991
57644609 57644923
57644609 58441630
57644609 210197882
210197882 127185309
210197882 57644609
836612885 127185309
152603450 127185309
581982541 127185309
581982541 58441630
127185309 58441630
581155501 127185309
152565009 127185309
578724525 127185309
298831321 58441630
44837085 127185309
44837085 58441630
44837085 93736621
582061831 127185309
58137008 127185309
58137008 58441630
58137008 57644923
58137008 93736621
58137008 152932873
54257652 127185309
54257652 58441630
14415979 38102918
14415979 97087389
14415979 93768189
152920490 127185309
152920490 58441630
581667280 127185309
581160417 127185309
152820928 127185309
58414881 127185309
58414881 58441630
298839871 127185309
298839871 58297990
298839871 58441630
298857975 127185309
97087389 127185309
97087389 34441577
97087389 14415979
57650749 127185309
57650749 154826490
57650749 58441630
57650749 82652759
57650749 57644923
57650749 51701245
