684047844 128100660
52575301 128100660
152436320 128100660
152797207 128100660
172776982 128100660
57649781 128100660
152513013 128100660
216094331 128100660
633951235 128100660
648020090 128100660
581814960 128100660
65377350 128100660
582156015 128100660
528389145 128100660
138846743 128100660
581941159 128100660
379212717 128100660
836089431 128100660
152857705 128100660
154139326 128100660
210215009 128100660
152808688 128100660
223778517 128100660
152694446 128100660
581273814 128100660
41981440 58416684
152663236 128100660
806294246 128100660
57607636 128100660
155826424 128100660
69276408 1578254
152730666 128100660
582092743 128100660
582257705 45219305
368578711 128100660
806355926 128100660
124733189 128100660
581960632 128100660
833600208 128100660
560205634 128100660
45219305 128100660
582912512 128100660
38802371 128100660
298856174 128100660
58416684 128100660
143079779 128100660
305623645 128100660
128100660 581814960
128100660 152797207
128100660 152694446
152596166 128100660
634194399 128100660
1578254 69276408
51577223 128100660
581873438 128100660
695062546 128100660
152918799 128100660
