287428670 71882041
287428670 14507685
287428670 722900707
722900707 71882041
722900707 14507685
722900707 515934437
836611296 722900707
14507685 442167947
14507685 515931810
14507685 515934437
14507685 297863367
14507685 232013092
14507685 722900707
442167947 722900707
442167947 14507685
836610989 722900707
370908463 770529943
515931810 722900707
770529943 129276427
255952836 770529943
515934437 515931810
515934437 722900707
515934437 14507685
297863367 14507685
788733713 515931810
19868426 722900707
237175111 722900707
232013092 722900707
232013092 14507685
129276427 7268383
129276427 722900707
515930530 722900707
54184552 722900707
242500842 515931810
242500842 515934437
242500842 722900707
7268383 233026320
7268383 722900707
7268383 129276427
757374834 722900707
71882041 722900707
291409752 515931810
291409752 722900707
233026320 7268383
286577548 722900707
