10350368 23774377
35672429 29960713
35672429 23774377
137357499 23774377
519240281 107045264
57476851 68001678
57476851 23774377
262158358 23774377
836614314 724889133
182144225 23774377
182144225 128950358
20262785 128950358
20262785 23774377
28818783 127288548
28818783 23774377
79368717 23774377
49280759 23774377
200070429 23774377
148936355 23774377
32384087 33095733
32384087 29960713
299742131 836614255
132625982 23774377
132625982 127288548
103481845 23774377
27461031 23774377
19518202 23774377
16532698 23774377
836614255 299742131
83515157 23774377
5529579 23774377
550747673 23774377
9069813 23774377
9069813 127178452
107045264 519240281
107045264 23774377
91682196 128950358
91682196 23774377
54423470 23774377
82102669 23774377
166842151 23774377
56514640 23774377
57167229 128950358
57167229 23774377
29960713 23774377
54256108 23774377
49340735 128950358
49340735 23774377
325402235 23774377
20702496 23774377
500992128 127288548
130335915 23774377
200070360 23774377
297840379 23774377
131921764 9069813
131921764 91682196
131921764 23774377
131921764 127178452
754611848 23774377
628570932 23774377
30726975 23774377
39887283 128950358
39887283 29960713
39887283 23774377
28939096 23774377
200058504 534233356
200058504 127178452
200058504 23774377
56959882 23774377
534233356 200058504
534233356 23774377
79437378 23774377
79437378 28818783
127178452 9069813
127178452 23774377
200003603 23774377
103681371 23774377
61480935 23774377
45559816 23774377
23774377 9069813
23774377 128950358
23774377 29960713
23774377 28818783
199972071 23774377
724889133 836614314
200199794 23774377
126145492 23774377
226229929 23774377
162904060 23774377
132193041 23774377
33095733 32384087
33095733 29960713
33095733 28818783
128950358 127288548
128950358 23774377
268464272 23774377
476577124 23774377
68001678 23774377
