59720428 127314523
8220546 47591096
8220546 17143207
8220546 127340827
8220546 127314523
8220546 82963270
8220546 127304275
8220546 63783570
73135573 127314523
73135573 127304275
47591096 127304275
47591096 82963270
47591096 127916638
47591096 127314523
47591096 17143207
760471088 127314523
61241521 43936889
60951536 127314523
60951536 127916638
60951536 77042801
60951536 127304275
60951536 63783570
82963270 47591096
82963270 127340827
82963270 43936889
82963270 127314523
82963270 127916638
82963270 77042801
82963270 127358601
82963270 127304275
82963270 78905664
82963270 63783570
127916638 127340827
127916638 127314523
127916638 82963270
127916638 127304275
127916638 102068919
127916638 63783570
127314523 47591096
127314523 127340827
127314523 127916638
127314523 82963270
127314523 127304275
43936889 17143207
43936889 127314523
43936889 127916638
43936889 44614114
43936889 61241521
43936889 63783570
43936889 102068919
43936889 127304275
77042801 127340827
77042801 127314523
77042801 82963270
77042801 60951536
77042801 127304275
155338166 127314523
225863190 127340827
63783570 127340827
63783570 43936889
63783570 127314523
63783570 82963270
63783570 127304275
127358601 127340827
127358601 43936889
127358601 127314523
127358601 127304275
44614114 43936889
199861801 127340827
199861801 127314523
199861801 127304275
156560632 539823998
156560632 127340827
156560632 11617131
156560632 127314523
683368425 127340827
683368425 127314523
683368425 77042801
17564198 127314523
17564198 127304275
17143207 47591096
17143207 127340827
17143207 43936889
17143207 127314523
17143207 127916638
17143207 82963270
17143207 102068919
17143207 127304275
142789692 127340827
142789692 127314523
142789692 127916638
539823998 127340827
539823998 127304275
539823998 127358601
539823998 77042801
539823998 82963270
539823998 127314523
539823998 43936889
539823998 11617131
11617131 156560632
11617131 539823998
11617131 127340827
11617131 127314523
11617131 323382467
11617131 127304275
11617131 102068770
102068770 127340827
102068770 11617131
102068770 43936889
102068770 127314523
102068770 102068919
102068770 127304275
127340827 127314523
127340827 127916638
127340827 82963270
127340827 127358601
127340827 127304275
78905664 127314523
78905664 57387844
78905664 82963270
78905664 127304275
78905664 63783570
127304275 47591096
127304275 17143207
127304275 127340827
127304275 43936889
127304275 127314523
127304275 82963270
127304275 77042801
127304275 63783570
565363372 127340827
565363372 127314523
565363372 127916638
565363372 82963270
67833394 127673409
200004474 127340827
200004474 43936889
200004474 127314523
200004474 127304275
58393533 127340827
132739654 127340827
132739654 43936889
132739654 127314523
132739654 127916638
132739654 82963270
132739654 127358601
132739654 61241521
132739654 127304275
132739654 102068919
54258953 127340827
54258953 127314523
54258953 82963270
54258953 127304275
323382467 127340827
323382467 11617131
323382467 127304275
323382467 82963270
323382467 127314523
57604915 127314523
57387844 127314523
57387844 127304275
57387844 78905664
102068919 17143207
102068919 127340827
102068919 43936889
102068919 127314523
102068919 127304275
64797107 127340827
157799897 127340827
157799897 127314523
127673409 127340827
127673409 127314523
127673409 127304275
