630374651 57068946
630374651 57070357
630374651 602553005
54684858 602535681
390333914 58483481
390333914 197749765
57068192 602551860
57068192 747192248
302059137 58483481
302059137 834590084
302059137 197749765
302059137 602535681
199687469 747172710
199687469 602530288
199687469 163891262
199687469 836614113
199687469 57070357
199687469 57068192
199687469 666014743
666000496 56660830
666000496 401837509
666000496 197749765
666000496 57068946
666000496 320963128
602510651 57070298
602510651 57494574
602510651 602551860
602510651 93364759
602510651 57070357
602510651 197749765
602510651 602535681
602510651 57069568
834590084 602535681
834590084 602510770
834590084 45236805
834590084 836613541
58146865 206492507
58146865 60325101
836613541 834590084
602553005 630374651
602553005 602535681
666014743 197749765
57069568 602510651
57069568 602535681
57069568 196885792
215131149 57494574
215131149 602551860
215131149 45236805
215131149 54308009
215131149 197749765
602530288 206492507
45236805 602529597
45236805 58483481
45236805 834590084
45236805 57067756
45236805 196885792
45236805 215131149
45236805 54308009
57068598 56660830
57068598 299731816
602564931 57068781
602564931 747192248
57494574 206492507
57494574 523066799
57494574 57068124
57494574 58483481
57494574 299608257
57494574 602551860
57494574 57068781
57494574 55040480
57494574 299731816
57494574 57067756
57494574 57068946
57494574 602535681
57494574 197749765
57494574 215131149
93364759 57068124
93364759 58483481
93364759 56660830
93364759 401837509
93364759 57068781
93364759 299731816
93364759 602510651
93364759 747160306
93364759 747192248
93364759 602535681
93364759 197749765
206717382 206492507
206717382 401837509
57070357 60325101
57070357 602510651
57070357 57068598
57070357 747192248
57070357 58483481
58483481 206492507
58483481 602529597
58483481 602531038
58483481 836613541
58483481 57494574
58483481 93364759
58483481 60325101
58483481 45236805
58483481 320963128
58483481 747192248
58483481 602535681
58483481 390333914
58483481 57068946
58483481 57070357
58483481 197749765
58483481 54684858
58483481 196885792
58483481 747160306
58483481 299731816
58483481 56660830
58483481 602564931
55040480 206492507
55040480 57494574
602551860 206492507
602551860 56660830
602551860 57494574
602551860 57068781
602551860 57068192
602551860 299731816
602551860 602510651
602551860 836614113
602551860 215131149
299731816 57494574
299731816 602551860
299731816 57067756
299731816 58483481
602510770 602549862
197749765 299608257
197749765 834590084
197749765 57494574
197749765 57068781
197749765 666014743
197749765 93364759
197749765 57067756
197749765 602510651
197749765 320963128
197749765 747192248
197749765 302059137
197749765 215131149
197749765 390333914
197749765 54308009
197749765 54684858
197749765 747160306
57067756 299731816
57067756 45236805
602535681 58483481
602535681 834590084
602535681 56660830
602535681 57494574
602535681 602553005
602535681 57068781
602535681 93364759
602535681 602510651
602535681 747095201
602535681 54684858
602535681 206717382
602535681 747160306
602535681 320963128
602535681 747192248
602535681 302059137
602535681 57069568
747192248 58483481
747192248 56660830
747192248 602564931
747192248 401837509
747192248 57068781
747192248 93364759
747192248 57070357
747192248 54684858
747192248 299557868
747192248 320963128
747192248 57068598
747192248 197749765
747192248 602535681
54308009 45236805
54308009 215131149
54308009 299731816
54308009 197749765
56660830 665943957
56660830 57494574
206492507 60325101
747095201 602535681
523066799 206492507
523066799 57494574
602522595 602564931
602522595 747160306
602522595 57068946
602522595 747192248
57069560 206492507
57069560 54684858
299608257 206492507
57070298 834590084
57070298 54684858
57068124 57494574
665991019 93364759
401837509 602549862
196885792 401837509
196885792 45236805
196885792 57069568
196885792 58483481
602529597 45236805
602529597 58483481
44841163 602564931
44841163 60325101
747160306 93364759
747160306 602522595
747160306 602535681
747160306 197749765
747160306 58483481
57068781 56660830
57068781 299731816
602531038 58483481
