95982502 127225497
104968227 127225497
105691591 320240680
105691591 104257390
105691591 30569692
105691591 127225497
182412716 127225497
181968510 127225497
50807854 127225497
98433427 127225497
179724887 127225497
320351429 127225497
33543755 78523425
33543755 27560642
33543755 141605083
33543755 104257390
33543755 77446311
33543755 111484818
33543755 98433427
33543755 320217856
33543755 127225497
37895264 122832910
37895264 2280302
37895264 127225497
75297305 127225497
320483761 127225497
67803474 127225497
320193451 320192907
320193451 320199373
320193451 127225497
25372141 127225497
133308729 127225497
18355871 78523425
18355871 78775324
18355871 91934887
18355871 127225497
18355871 320214852
18355871 104257390
75373040 85789899
75373040 110277524
75373040 127225497
110277524 75373040
110277524 320240680
110277524 127225497
223437928 127225497
2280302 37895264
2280302 127225497
644350190 127225497
64970101 127225497
182650784 127225497
31888766 127225497
320214852 18355871
320214852 127225497
122832910 127225497
122832910 37895264
102912892 127225497
320284292 127225497
105714669 127225497
113100091 27560642
113100091 127225497
73679759 127225497
30569692 105691591
30569692 57979738
30569692 3890012
30569692 104257390
30569692 127225497
122832374 127225497
127225497 97068344
77446311 320240680
77446311 109715427
77446311 33543755
77446311 127225497
78523427 320713797
78523427 78523425
78523427 27560642
78523427 320240680
78523427 78775324
78523427 97068344
78523427 104257390
78523427 109715427
78523427 78523481
78523427 111484818
78523427 110277524
78523427 127225497
109834440 104257390
109834440 127225497
162854493 127225497
211855192 127225497
320205910 127225497
50795737 127225497
141605083 127225497
80674789 127225497
134957402 127225497
38018905 27560642
38018905 127225497
320201672 127225497
78523425 126964350
78523425 78523427
78523425 127225497
78523425 33543755
78523425 104257390
78523425 18355871
78523425 97068344
78523425 78775324
78523425 320240680
78523425 27560642
320243691 320199373
320243691 127225497
57979738 27560642
57979738 30569692
57979738 127225497
78645609 127225497
320229535 127225497
60180168 127225497
320200279 127225497
111484818 320713797
111484818 78775324
111484818 85789899
111484818 127225497
320192907 320193451
320192907 127225497
78555594 127225497
102100259 127225497
320194181 127225497
179549148 127225497
85789899 97068344
85789899 111484818
85789899 127225497
320713797 111484818
320713797 127225497
320629717 127225497
320196051 127225497
5139210 127225497
126964350 127225497
320196374 127225497
183216588 127225497
77522238 104257390
77522238 127225497
320337485 127225497
133250606 104257390
133250606 127225497
3890012 30569692
3890012 127225497
91934887 320240680
91934887 18355871
91934887 127225497
78775324 78523427
78775324 78523425
78775324 320240680
78775324 127225497
78775324 111484818
78775324 85789899
78775324 104257390
78775324 18355871
320199373 320243691
320199373 320193451
320199373 127225497
109715427 77446311
109715427 127225497
660965170 127225497
320214610 127225497
97068344 78523425
97068344 27560642
97068344 85789899
97068344 127225497
104257390 78523425
104257390 109834440
104257390 127225497
78523481 78523427
78523481 127225497
45283126 127225497
4709684 127225497
320240680 78523427
320240680 320394071
320240680 75373040
320240680 105691591
320240680 78523425
320240680 127225497
320240680 110277524
320240680 111484818
320240680 104968227
320240680 77446311
320240680 104257390
320240680 141605083
320240680 105714669
320240680 97068344
320240680 3890012
320240680 91934887
320240680 27560642
302883858 127225497
320217856 127225497
249816930 127225497
27560642 78523427
27560642 78523425
27560642 57979738
27560642 320240680
27560642 113100091
27560642 38018905
27560642 97068344
27560642 33543755
27560642 127225497
148293065 127225497
320394071 127225497
148778522 104257390
148778522 127225497
