636963697 127172784
683671645 127172784
180008249 127172784
44644384 45222700
44644384 127172784
43829743 127172784
43829743 36449980
73526801 127172784
55247996 44918463
55247996 127172784
231756426 127172784
228485038 49054928
228485038 44318040
228485038 82528741
228485038 49521731
44137536 127172784
44795406 127172784
44795406 49521731
44795406 45222828
45222700 12398534
45222700 44644384
45222700 82528741
45222700 48558281
45222700 96993070
45222700 45032720
127745274 364552762
127745274 127172784
127745274 38110641
67734057 127172784
44980022 127172784
48755740 48688104
48755740 364552762
48755740 55247996
48755740 127172784
48755740 45222828
231253734 127172784
231253734 45032720
231253734 45222828
25797502 127172784
25797502 24565588
754498764 127172784
230924377 127172784
47262629 127172784
364552762 127745274
364552762 127172784
96993070 45222700
96993070 44205042
96993070 127172784
44728575 127172784
37680457 127172784
12398534 45222700
231292754 48733388
49064596 127172784
65412353 636481138
65412353 82528741
44622511 127172784
82528741 45222700
82528741 34774347
82528741 49054928
82528741 65412353
82528741 44918463
82528741 84287115
82528741 44318040
82528741 228485038
82528741 6673610
179712271 127172784
44495415 127172784
45222828 44918463
45222828 636481138
45222828 570215090
45222828 43811808
45222828 44318040
45222828 44795406
45222828 48755740
45222828 127172784
45222828 231253734
45222828 24565588
45222828 45032720
45222828 48733388
44957555 127172784
43893202 127172784
44318040 228485038
44318040 82528741
44318040 127172784
44318040 24565588
44318040 45222828
39799629 49521731
43811808 48688104
43811808 127172784
43811808 45222828
44878702 127172784
48688104 127172784
48688104 49521731
44154567 49054928
44154567 84287115
44154567 127172784
49521731 48688104
49521731 44137536
49521731 228485038
49521731 44795406
49521731 39799629
49521731 29265443
49521731 127172784
49521731 163899534
162758034 127172784
110999760 34774347
110999760 127172784
110999760 49521731
44205042 96993070
570215090 127172784
570215090 45032720
570215090 45222828
45511577 127172784
57183723 127172784
43820815 636481138
43820815 127172784
36449980 43829743
36449980 127172784
163899534 84287115
163899534 82528741
163899534 29265443
163899534 127172784
163899534 49521731
683682571 127172784
705047419 127172784
44157543 127172784
48733388 6673610
48733388 127172784
48733388 231292754
48733388 45222828
44397721 127172784
29265443 34774347
29265443 84287115
29265443 127172784
29265443 49521731
29265443 44486610
29265443 163899534
54669796 127172784
34774347 110999760
34774347 82528741
34774347 29265443
34774347 127172784
62272203 127172784
49054928 231121268
49054928 44154567
49054928 228485038
49054928 82528741
49054928 48558281
49054928 127172784
164559689 127172784
231121268 49054928
60384039 127172784
60384039 44486610
24565588 44918463
24565588 25797502
24565588 44318040
24565588 127172784
24565588 45222828
636481138 65412353
636481138 45222828
636481138 43820815
636481138 127172784
45032720 45222700
45032720 570215090
45032720 127172784
45032720 231253734
45032720 45222828
44486610 82528741
44486610 60384039
44486610 29265443
44918463 55247996
44918463 82528741
44918463 48558281
44918463 127172784
44918463 24565588
44918463 45222828
6673610 82528741
6673610 127172784
6673610 48733388
45440727 45020265
84287115 44154567
84287115 82528741
84287115 29265443
84287115 127172784
84287115 163899534
48558281 45222700
48558281 49054928
48558281 44918463
48558281 127172784
95957690 127172784
