58007164 103095560
120649360 103095560
120649360 58410312
52494615 84174851
52494615 57734988
52494615 58410312
55128717 103095560
6947521 103095560
6947521 58410312
6947521 61264023
6947521 16944933
6947521 205885271
6947521 131050379
6947521 45437432
6947521 677319102
6947521 57648128
6947521 56648048
6947521 54407393
6947521 57734988
139391762 103095560
39363097 4697012
39363097 581392682
124686786 103095560
84174851 52494615
84174851 45161933
152595899 57993959
152595899 45161933
152595899 57648128
152595899 103095560
152595899 105723194
581392682 39363097
45161933 225138747
45161933 57993959
45161933 57648128
45161933 16944933
45161933 84174851
45161933 61264023
45161933 45437432
45161933 152595899
45161933 105723194
302059157 57070545
54407393 205885271
54407393 56648048
54407393 18328595
54407393 103095560
54407393 84174851
54407393 45437432
54407393 6947521
129617917 4697012
836613306 103095560
17946129 103095560
17946129 45437432
17946129 58410312
105723194 152595899
105723194 45161933
57070545 57068305
57070545 665984579
57070545 302059157
57068305 57070545
537154395 58410312
45437432 54407393
45437432 57648128
45437432 103095560
45437432 45161933
45437432 6947521
747133003 56648048
58059099 58410312
58059099 57648128
58059099 103095560
58059099 6947521
131050379 57648128
57648128 131050379
57648128 16944933
57648128 45161933
57648128 57734988
57648128 45437432
57648128 56648048
57648128 205885271
57648128 58059099
57648128 152595899
57648128 6947521
4044668 4697012
4044668 129617917
57993959 45161933
57993959 152595899
50865404 103095560
56648048 55128717
56648048 16944933
56648048 747133003
56648048 58410312
56648048 57648128
662976436 57068117
62298146 103095560
16944933 56648048
16944933 57648128
16944933 45161933
16944933 61264023
205885271 54407393
205885271 57648128
205885271 103095560
205885271 6947521
57734988 57648128
57734988 58410312
677319102 58410312
225138747 45161933
4697012 39363097
4697012 4044668
4697012 61264023
4697012 129617917
61264023 4697012
61264023 16944933
61264023 45161933
61264023 6947521
128453654 103095560
57068117 662976436
58410312 56648048
58410312 103095560
58410312 120649360
