54302821 434664514
54302821 54154494
54251948 112615051
9495261 112615051
9495261 216798537
9495261 72209070
105835613 112615051
105835613 299858132
54213486 112615051
9391093 112615051
211661380 112615051
211661380 216798537
211661380 299420101
211661380 9391093
299420101 112615051
299420101 85952638
225413290 112615051
112615051 85952638
14486031 112615051
32569591 112615051
32569591 54154494
225407352 112615051
225407352 129662965
201598103 112615051
434664514 112615051
31196206 112615051
159908214 112615051
49079942 112615051
49079942 323820893
85952638 112615051
85952638 181911901
85952638 178651031
85952638 299420101
85952638 129662965
50888911 112615051
178651031 112615051
178651031 85952638
178651031 216798537
216798537 112615051
216798537 9495261
448101223 112615051
323820893 112615051
449492279 112615051
449853761 112615051
172785828 112615051
144698967 112615051
144698967 129662965
129662965 112615051
299858132 112615051
299858132 105835613
299858132 434664514
181911901 112615051
181911901 85952638
6789634 112615051
54154494 112615051
54154494 32569591
144515368 112615051
