399277527 31088252
195617747 31088252
130480669 45222624
74779862 31088252
635365576 31088252
50018641 31088252
128286236 31088252
128286236 156625166
156625166 641242098
116263779 31088252
297007151 31088252
130048647 32759763
44143499 31088252
4331491 31088252
641242098 156625166
45512754 31088252
130731726 31088252
225535230 31088252
743320645 31088252
43946835 31088252
127982475 31088252
122663763 31088252
64664580 31088252
231280712 31088252
50784037 31088252
45222624 130480669
69342015 31088252
32759763 130048647
32759763 48301744
44628566 31088252
147874178 31088252
22976556 31088252
77029172 31088252
45513874 31088252
45513874 45512754
5555314 31088252
836612286 31088252
48726667 305432507
631591450 31088252
442793061 31088252
44171158 31088252
47080693 31088252
133805457 31088252
44578725 31088252
305432507 48726667
47258313 31088252
49678604 31088252
44357778 44143499
44357778 31088252
534810078 31088252
604427145 31088252
664629602 31088252
272326647 31088252
17203386 31088252
44445819 31088252
44445819 44426152
48301744 32759763
73020129 31088252
48559326 31088252
95081857 31088252
14038926 130480669
