32352586 16463792
45406663 16463792
27524098 9270200
56153152 16463792
51910196 16463792
22227387 16463792
2349927 16463792
152713802 45163738
152713802 16463792
152713802 127641797
831616734 16463792
45161236 16463792
21352341 16463792
55076756 54422553
55076756 16463792
833112754 16463792
55050719 16463792
142737688 833112754
142737688 45163738
142737688 9270200
142737688 16463792
142737688 205885496
25425946 16463792
605005087 16463792
57610531 16463792
31183862 16463792
299415497 9270200
55030177 16463792
55030177 9270200
134822884 16463792
713902015 16463792
33097539 16463792
606861574 16463792
836612695 16463792
26382395 16463792
129964071 45163738
129964071 16463792
29413618 57652194
160275493 16463792
298859445 16463792
84560542 16463792
9270200 57610531
9270200 142737688
9270200 39877380
9270200 45163738
9270200 16463792
9270200 299415497
9270200 27524098
9270200 55030177
128238760 16463792
130306954 16463792
19878846 16463792
37983254 16463792
57758489 16463792
177105695 16463792
298837427 127641797
677274692 16463792
37633758 16463792
54390587 16463792
45163738 54422553
45163738 152713802
45163738 142737688
45163738 9270200
45163738 16463792
45163738 129964071
45163738 45161236
45163738 205885496
57652194 29413618
39741350 16463792
205885496 45161236
205885496 142737688
205885496 16463792
205885496 45163738
56516334 16463792
56629457 16463792
152730449 16463792
601690907 16463792
132144990 16463792
836614412 685179955
836614412 16463792
301937649 16463792
19061733 54422553
19061733 16463792
60304205 16463792
73900661 16463792
836613681 16463792
333309823 16463792
295336579 16463792
54422553 55076756
54422553 833112754
54422553 19061733
54422553 56153152
54422553 128238760
54422553 45163738
54422553 16463792
54422553 300227892
54422553 37983254
54422553 45161236
685179955 16463792
128194019 16463792
57821531 16463792
205890921 16463792
228293048 16463792
39877380 9270200
39877380 16463792
39877380 37983254
834197901 16463792
2254942 16463792
300227892 54422553
300227892 16463792
