152571716 21506417
152571716 152905252
57650273 21506417
57650273 812554979
57650273 44758395
57650273 152658980
57650273 152919628
57650273 152931811
152714815 21506417
758035524 21506417
758035524 152604197
152919628 21506417
152919628 152604197
152919628 57650273
14613178 21506417
14613178 164372041
152956859 21506417
152956859 96496965
22677294 21506417
22677294 152933191
22677294 152604197
22677294 96496965
22677294 152658980
22677294 45544676
22677294 44758395
93075758 21506417
93075758 152905510
93075758 58363399
152851174 21506417
152851174 58363399
581577933 21506417
152578067 21506417
581468834 21506417
45544676 21506417
45544676 22677294
45544676 57847188
152694096 57647336
152694096 21506417
152694096 152933191
152694096 152911952
152694096 96496965
152694096 118074104
152694096 152891636
152694096 58363399
152941856 21506417
106980380 21506417
3559936 21506417
152595457 21506417
44758395 21506417
44758395 57650273
44758395 152911895
44758395 152911952
44758395 22677294
152956799 152812397
152956799 21506417
152905510 21506417
152905510 152604197
152905510 3559936
634574578 21506417
152891636 21506417
61449721 21506417
50643907 21506417
50643907 152604197
99759329 21506417
99759329 3559936
58136385 21506417
58136385 58363399
164372041 14613178
152595809 21506417
580956469 21506417
152888988 21506417
152911952 152694096
152911952 21506417
152911952 44758395
42072805 21506417
152930996 21506417
152674136 21506417
58363399 21506417
58363399 45544676
58363399 27992331
152604197 152905510
152604197 21506417
152604197 812554979
152604197 22677294
152604197 79437378
152604197 758035524
152604197 50643907
152604197 152919628
152604197 103517879
152929873 21506417
152929873 152911895
145456782 21506417
145456782 58136385
152713064 21506417
152928552 21506417
806272923 21506417
582338094 21506417
152939127 21506417
812485268 21506417
96496965 21506417
96496965 22677294
96496965 152956859
96496965 57847188
96496965 152694096
152631605 581053625
152725164 21506417
57647336 152694096
152847782 21506417
152604081 21506417
152904602 21506417
152904602 152939127
152904602 152631605
62485681 21506417
152905252 21506417
152905252 152571716
152900549 21506417
152931811 21506417
152931811 57650273
365032484 21506417
780789201 58363399
79437378 21506417
79437378 152604197
152486609 21506417
172763009 21506417
152821221 21506417
758036788 21506417
152734053 21506417
152733540 21506417
152911895 21506417
152911895 152929873
152911895 44758395
152733816 21506417
688969500 21506417
152847521 21506417
44759842 21506417
152473744 21506417
152930774 21506417
33559582 21506417
33559582 57847188
57847188 118074104
57847188 96496965
57847188 33559582
57847188 45544676
152658980 21506417
152658980 22677294
152658980 57650273
152543038 21506417
57653383 21506417
57653383 152929873
57653383 58363399
118074104 21506417
118074104 57847188
118074104 152694096
152582299 21506417
21506417 152930774
21506417 152928552
21506417 152904602
21506417 118074104
21506417 152929873
21506417 152571716
21506417 152933191
21506417 152939127
21506417 152578067
21506417 106980380
21506417 22677294
21506417 152930996
21506417 44758395
21506417 152956859
21506417 79437378
21506417 96496965
21506417 152905252
21506417 14613178
21506417 152851174
21506417 33559582
21506417 152891636
21506417 152941856
21506417 57650273
21506417 45544676
21506417 152911895
21506417 99759329
21506417 152931811
21506417 3559936
21506417 58363399
21506417 152821221
21506417 145456782
812554979 152604197
812554979 57650273
152812397 21506417
152933191 152694096
152933191 21506417
152933191 22677294
152933191 99759329
581053625 21506417
581053625 152631605
152681077 21506417
152681077 3559936
152914345 21506417
27992331 21506417
27992331 58363399
103517879 152604197
152812540 21506417
