833457436 152892141
833457436 120030148
833457436 147986125
833459371 147986125
833459371 833459614
834027148 147986125
244682912 61532036
833459614 833459371
833459614 120030148
833459614 147986125
97087235 30282423
833308592 147986125
472348927 61532036
120030148 833457436
120030148 152892141
120030148 833459371
120030148 833459614
152892141 833457436
152892141 120030148
152892141 61532036
149549820 147986125
836613714 147986125
188036105 633942906
30282423 152934889
30282423 97087235
152934889 30282423
630766324 61532036
633942906 188036105
147986125 836613714
147986125 833457436
147986125 834027148
147986125 833459371
147986125 833308592
147986125 833459614
298834782 61532036
