152604175 57647406
152604175 152430922
152604175 147999630
152577784 313904019
152577784 147999630
57649437 57648166
57649437 22664648
57649437 152905668
57649437 6860888
57649437 57648269
538564387 147999630
152932129 8196043
582393326 147999630
72125153 147999630
72125153 57591380
797986457 147999630
797986457 152816678
797986457 10075640
152728673 147999630
152474847 147999630
152623441 147999630
57583888 147999630
57583888 57648166
57583888 152816678
57583888 313904019
8250647 147999630
812497144 147999630
152500687 152528393
152500687 10075640
152812099 147999630
192260201 147999630
83676372 147999630
83676372 58037574
164487880 147999630
313904019 147999630
58157589 147999630
58157589 152816678
58157589 10075640
8196043 22664648
8196043 147999630
834231565 147999630
57483895 147999630
834577614 147999630
58042243 147999630
25951008 147999630
200021650 147999630
133003369 147999630
57648166 695994491
57648166 57649437
57648166 57647406
57648166 152430922
57648166 54426765
57648166 22664648
57648166 147999630
57648166 152816678
57648166 57583888
350324299 833455390
350324299 147999630
350324299 5815538
350324299 758004432
812476010 147999630
152431790 97086856
152431790 147999630
806234427 58185681
806234427 147999630
57591380 72125153
57591380 147999630
831978 57647406
831978 152430922
831978 806262984
831978 54426765
831978 147999630
58037574 22664648
58037574 152905668
58037574 147999630
58037574 6860888
608055713 147999630
57648269 97086856
57648269 57649437
57648269 147999630
633950990 147999630
152700633 147999630
152528393 152674832
152528393 152500687
152528393 152816678
152816678 57647406
152816678 57648166
152816678 5815538
152816678 147999630
152816678 152674832
152816678 57583888
152816678 10075640
22664648 57647406
22664648 57649437
22664648 58037574
22664648 8196043
22664648 152430922
22664648 57648166
22664648 97086856
57647406 831978
57647406 152430922
57647406 152674832
57647406 381734510
57647406 152670019
57647406 152620293
57647406 57648166
57647406 54426765
57647406 22664648
57647406 152604175
57647406 152884137
57647406 97086856
57647406 45221100
57647406 152816678
57647406 6860888
57647406 152938549
812523218 147999630
152674832 57647406
152674832 152528393
152674832 147999630
152674832 152816678
152674832 57583888
54426765 831978
54426765 152528393
54426765 57647406
54426765 57648166
54426765 147999630
54426765 152816678
1766794 147999630
806248082 147999630
152566886 152884137
152566886 147999630
152620293 812446078
152620293 57647406
152620293 147999630
163401554 147999630
812446078 152620293
695994491 152430922
695994491 57648166
695994491 381734510
695994491 147999630
152476149 180355521
152476149 147999630
152670019 57647406
301163086 147999630
833455390 350324299
833455390 147999630
758004432 350324299
758004432 147999630
5815538 350324299
5815538 147999630
5815538 152816678
58185681 806234427
58185681 147999630
758003755 147999630
758003755 152816678
758003755 152728673
152430922 831978
152430922 57647406
152430922 5815538
152430922 57648166
152430922 22664648
152430922 152604175
152884137 152566886
152884137 57647406
152884137 147999630
798152525 147999630
723697625 147999630
97086856 8196043
97086856 22664648
97086856 57647406
97086856 147999630
97086856 57648269
152566344 147999630
833337032 147999630
45221100 57483895
45221100 57647406
45221100 152884137
45221100 147999630
45221100 10075640
381734510 695994491
381734510 57647406
381734510 152430922
381734510 147999630
180355521 152476149
180355521 147999630
812513469 147999630
152816059 147999630
152572439 147999630
152884665 147999630
316260141 147999630
10075640 6860888
10075640 45221100
10075640 58157589
10075640 152816678
10075640 152500687
10075640 833337032
10075640 57483895
10075640 58037574
10075640 133003369
10075640 152566886
10075640 147999630
10075640 797986457
834200141 147999630
806262984 831978
155861968 147999630
6860888 58037574
6860888 152474847
6860888 57649437
6860888 57647406
6860888 147999630
6860888 152816678
6860888 10075640
152938549 147999630
152907468 147999630
152905668 58037574
152905668 57649437
152905668 147999630
