17693168 18135081
30285985 18135081
349649463 18135081
299168898 18135081
299168898 836612674
78810986 18135081
78810986 287688336
208409616 18135081
134893841 18135081
110637398 18135081
18653069 18135081
18653069 112692478
836612674 18135081
601990322 18135081
291849820 18135081
291849820 31426941
45154200 18135081
45154200 31426941
828540875 18135081
84029506 18135081
84029506 16073495
104829261 104919609
13752097 18135081
277094217 18135081
60696893 18135081
60696893 675503254
354510737 18135081
836613018 18135081
8409926 208592163
16073495 18135081
16073495 638368587
16073495 84029506
261238315 18135081
221269781 18135081
208592163 18135081
208592163 8409926
200096897 18135081
181713288 18653069
8720706 18135081
18488096 748249795
18488096 18135081
316509877 18135081
78316236 18135081
52544584 18135081
555677413 18135081
135707095 18135081
675503254 60696893
542758076 18135081
156078318 18135081
61008173 18135081
54396636 18135081
638368587 18135081
638368587 16073495
836614539 18135081
25729757 18135081
39340914 18135081
212841716 18135081
836614251 18135081
91790968 18135081
112234853 18135081
688540418 18135081
829197676 18135081
555130389 18135081
555130389 31426941
112692478 18653069
748249795 18488096
425822541 18135081
54560221 18135081
54560221 31426941
45473307 18135081
38020769 18135081
104919609 104829261
26758112 18135081
68601242 18135081
68601242 638368587
287688336 18135081
287688336 78810986
