53515220 127219194
53515220 28329911
53515220 690068344
53515220 637926661
713919821 127219194
15853015 127219194
674323116 127219194
28329911 127219194
217184102 127219194
744984092 40500643
127219194 28329911
835927834 127219194
579474003 127219194
579474003 140180039
742834765 127219194
448884446 127219194
51807102 127219194
16650023 127219194
135170930 127219194
190179887 127219194
40500643 127219194
40500643 744984092
40500643 637926661
40500643 144547600
299441941 127219194
344723765 127219194
139723648 127219194
144547600 165940667
144547600 637926661
144547600 40500643
383834147 127219194
836614726 127219194
224563901 127219194
23498375 127219194
836611687 127219194
364488455 127219194
57391737 127219194
383943827 127219194
72878790 127219194
101241264 127219194
105728567 127219194
15841836 127219194
15841836 135170930
563347748 127219194
155576596 127219194
144533907 127219194
233399099 127219194
140180039 127219194
140180039 579474003
216084507 127219194
637926661 144547600
637926661 40500643
637926661 447343543
637926661 53515220
139322145 127219194
447343543 637926661
25841207 127219194
579368872 127219194
165940667 144547600
578732253 127219194
