133259040 57658012
133259040 152671006
133259040 152684980
133259040 152788243
133259040 22991969
82435733 128948245
82435733 57658012
82435733 152924261
82435733 57566174
82435733 152914244
82435733 16282228
490438695 57658012
152544654 57658012
152956088 57658012
152956088 728783623
152956088 298834572
152956088 152955843
134515383 57658012
152833533 57658012
152933915 57658012
152933915 57566174
152933915 134515383
152933915 57653224
152933915 152684980
130338949 57658012
619010252 57658012
58088001 57658012
152912952 57658012
152911926 57658012
58485998 57658012
152725725 57658012
119682879 100449228
119682879 57658012
119682879 152672792
57647359 57566174
57647359 152619213
57647359 9493076
163933897 57658012
72579659 57658012
72579659 57653224
72579659 152955843
52192815 57658012
52192815 152684980
16097558 57658012
16097558 57566174
16097558 155009622
16097558 57653224
55019465 57658012
55019465 134515383
55019465 152914130
152672792 57658012
152672792 119682879
152672792 57653224
152672792 22991969
57566174 152938723
57566174 57658012
57566174 152924261
57566174 152891373
57566174 152933915
57566174 82435733
57566174 152619213
57566174 57647359
57566174 84345122
57566174 57653224
57566174 130338844
57566174 758047932
57566174 16097558
57566174 57649139
152506120 57658012
152929235 57658012
130338844 57658012
57649139 57566174
57649139 9493076
57649139 57658012
57649139 27933899
114746747 57658012
152094803 57658012
152684980 57653224
152684980 57658012
152684980 152933915
152684980 128948245
152684980 84345122
152684980 133259040
152684980 52192815
152684980 22991969
16282228 82435733
16282228 57658012
152818953 57658012
155009622 57658012
155009622 84345122
155009622 57653224
155009622 16097558
152473789 57658012
152920579 57658012
152920579 152914130
152891373 57658012
152800079 57658012
582327957 57658012
152727752 57658012
152897443 57658012
210239285 152938723
210239285 57658012
27933899 57658012
152601161 57658012
152601161 22991969
152601161 152544654
152630116 57658012
152956998 57658012
57653224 155009622
57653224 57658012
57653224 152933915
57653224 152919551
57653224 57566174
57653224 128948245
57653224 152671006
57653224 152678437
57653224 152672792
57653224 9493076
57653224 72579659
57653224 152684980
57653224 152955843
57653224 16097558
152955843 57658012
152955843 298834572
152955843 16282228
152955843 57653224
152955843 72579659
84345122 128948245
84345122 57658012
84345122 152911926
84345122 155009622
84345122 57566174
84345122 152671006
84345122 27933899
84345122 152684980
58371009 57658012
152713480 57658012
152713480 152914130
9493076 57658012
9493076 57647359
9493076 152671006
9493076 57653224
9493076 57649139
139459262 57658012
139459262 152788243
728783623 57658012
152856342 57658012
152856342 152914130
152899203 57658012
152619213 57658012
152619213 57566174
152619213 57647359
100449228 152938723
100449228 57658012
100449228 152919551
100449228 152671006
100449228 119682879
100449228 152517259
152929161 152938723
152929161 57658012
152938723 152954924
152938723 100449228
152938723 57658012
152938723 57566174
152938723 152929161
152938723 210239285
152671006 100449228
152671006 57658012
152671006 84345122
152671006 57653224
152671006 9493076
152671006 22991969
152731357 57658012
152731357 152930804
152954924 152938723
152954924 57658012
57652678 57658012
152482281 57658012
152620388 57658012
152511912 114746747
152511912 57658012
152914130 57658012
152914130 55019465
152914130 152713480
152914130 152856342
152914130 152920579
12392995 57658012
152678437 57658012
152678437 57653224
57658012 55019465
57658012 152937758
57658012 12392995
57658012 139459262
57658012 216087807
57658012 114746747
57658012 27933899
57658012 152818953
57658012 128948245
57658012 490438695
57658012 152630116
57658012 58485998
57658012 36069455
57658012 152954924
57658012 152938723
57658012 619010252
57658012 152473789
57658012 100449228
57658012 58371009
57658012 57652678
57658012 152727752
57658012 152800079
57658012 84345122
57658012 152899203
57658012 152620150
57658012 152856342
57658012 152929235
57658012 152914130
57658012 57647359
57658012 152531079
57658012 152924261
57658012 52192815
57658012 152788287
57658012 152956998
57658012 152725725
57658012 728783623
57658012 582327957
57658012 152956088
57658012 152891373
57658012 152678437
57658012 152833533
57658012 152094803
57658012 152919551
57658012 152930804
57658012 57566174
57658012 134515383
57658012 152619213
57658012 152506120
57658012 58088001
57658012 152929161
57658012 152671006
57658012 634159454
57658012 210239285
57658012 152933915
57658012 152911926
57658012 152914244
57658012 152482281
57658012 152897443
57658012 152899910
57658012 58088492
57658012 152672792
57658012 155009622
57658012 57653224
57658012 130338844
57658012 16282228
57658012 152517259
57658012 758047932
57658012 152920579
57658012 298834572
57658012 152620388
57658012 72579659
57658012 58081360
57658012 152684980
57658012 152788243
57658012 152955843
57658012 22991969
57658012 16097558
57658012 57649139
152899910 57658012
58088492 57658012
152593538 57658012
36069455 57658012
152517259 57658012
22991969 57658012
22991969 152672792
22991969 152601161
22991969 133259040
22991969 152671006
152620150 57658012
57643825 57658012
152937758 128948245
152937758 57658012
58081360 57658012
758047932 57658012
152788243 57658012
152788243 152919551
152930804 57658012
152930804 152731357
152677035 57658012
152914244 57658012
152924261 57658012
152919551 57658012
152919551 57653224
152919551 152788243
152788287 57658012
128948245 82435733
128948245 57658012
128948245 84345122
128948245 57653224
128948245 130338844
128948245 152684980
634159454 57658012
