156535506 129113449
127694346 129113449
436170015 562650111
436170015 551326791
129113449 562650111
73526801 129113449
200049518 129113449
34659825 127918981
177051906 129113449
13560357 129113449
679983984 129113449
542427 28898567
542427 562650111
199983897 129113449
50647380 129113449
562650111 129113449
127918981 34659825
200170600 129113449
200170600 562650111
45017743 129113449
163885862 562650111
163885862 129113449
163885862 605088182
76304980 129113449
76304980 562650111
58387473 129113449
518976951 129113449
436151975 129113449
436167349 129113449
129362407 129113449
28898567 542427
19835116 129113449
200059002 605088182
200059002 129113449
200059002 562650111
