6892815 20491876
6892815 65402769
6892815 15263275
6892815 61609234
836612436 127216879
208426701 125591819
208426701 127216879
208426701 28612870
498117614 127216879
4691504 127216879
144526695 127216879
144526695 20370673
34521062 127216879
80646163 127216879
80646163 20370673
32743295 127216879
32743295 20370673
652636174 127216879
143331786 127216879
418617934 131023977
418617934 127216879
418617934 124125579
418617934 223857515
418617934 418617749
418617934 418617992
418617934 418618968
80705197 127216879
80705197 125591819
57439442 6892815
57439442 127216879
57439442 27075787
57439442 20370673
785344724 127216879
9919251 20370673
9919251 27075787
565365819 127216879
179620290 125591819
179620290 127216879
418618968 131023977
418618968 418617934
418618968 127216879
418618968 124125579
418618968 223857515
418618968 418617749
418618968 418617992
836614497 127216879
209772180 127216879
114845099 26011492
497975216 33103008
497975216 127216879
39199918 127216879
122067430 131023977
122067430 418617934
122067430 127216879
122067430 223857515
122067430 418618968
122067430 418617992
122067430 4287327
122067430 418617749
33103008 127216879
33103008 497975216
223857515 223851361
223857515 131023977
223857515 418617934
223857515 127216879
223857515 124125579
223857515 418618968
223857515 418617992
223857515 676183479
223857515 418617749
78282928 223851361
78282928 127216879
78282928 676183102
78282928 27075787
377317547 52384913
3482606 65402769
3482606 6892815
3482606 127216879
3482606 52384913
60326149 127216879
131023977 418617934
131023977 836612646
131023977 127216879
131023977 124125579
131023977 223857515
131023977 418617749
131023977 4287327
131023977 418617992
131023977 52397846
131023977 418618968
165369472 127216879
102320593 127216879
81377909 27075787
26011492 127216879
26011492 114845099
28612870 127216879
28612870 208426701
13351975 127216879
13351975 124125579
13351975 64875746
52384913 377317547
52384913 127216879
98369147 127216879
61609234 127216879
418617992 131023977
418617992 418617934
418617992 127216879
418617992 124125579
418617992 223857515
418617992 418617749
418617992 418618968
155053076 127216879
542171093 127216879
423478327 127216879
52397846 418617934
52397846 127216879
52397846 124125579
52397846 223857515
52397846 418617749
52397846 418617992
52397846 418618968
123619542 127216879
634222041 127216879
27075787 81377909
27075787 78282928
27075787 216423299
27075787 57439442
27075787 34059294
27075787 60987639
27075787 9919251
3945213 127216879
499853306 127216879
65402769 6892815
445271789 20491876
445271789 127216879
130050787 127216879
64875746 13351975
836612646 127216879
124125579 13351975
124125579 131023977
124125579 418617934
124125579 127216879
124125579 52397846
124125579 418618968
124125579 418617992
124125579 4287327
124125579 418617749
124125579 223857515
133616449 418617934
133616449 127216879
133616449 223857515
133616449 4287327
133616449 418617992
216423299 27075787
528323472 127216879
528323472 20370673
676183102 122067430
676183102 223851361
676183102 127216879
676183102 78282928
676183102 418617749
20370673 144526695
20370673 9919251
20370673 80646163
20370673 16548398
20370673 528323472
20370673 32743295
20370673 57439442
34059294 6892815
34059294 127216879
34059294 15263275
34059294 27075787
144710145 127216879
12451093 84419584
4287327 127216879
4287327 133616449
836613634 127216879
223851361 131023977
223851361 127216879
223851361 676183102
223851361 78282928
223851361 223857515
20901450 127216879
418617749 122067430
418617749 131023977
418617749 418617934
418617749 127216879
418617749 676183102
418617749 223857515
418617749 418617992
418617749 418618968
16548398 127216879
16548398 20370673
79996003 127216879
79996003 61609234
709295074 127216879
17689287 127216879
84419584 12451093
15263275 127216879
60987639 127216879
60987639 27075787
20491876 127216879
20491876 445271789
676183479 127216879
57067937 127216879
