86089164 127191967
378350686 127191967
19928959 127191967
19928959 16968647
130482056 127191967
130482056 50592107
155069621 127191967
765732771 127191967
635567563 127191967
156581758 127191967
48037693 127191967
75367163 127191967
43851350 127191967
199951308 127191967
50620272 127191967
47926717 127191967
127742373 127191967
118444408 127191967
836614317 127191967
138769936 127191967
16968647 127191967
19139208 127191967
56944026 127191967
128285291 127191967
28861741 127191967
39855042 127191967
302770228 127191967
302770228 50592107
156289818 127191967
43817217 127191967
75378926 127191967
292174820 127191967
9950005 127191967
50592107 44708858
50592107 302770228
50592107 49062036
50592107 127191967
50592107 130482056
50592107 152187224
50592107 44025304
50592107 45222128
127386296 127191967
44708858 127191967
44708858 50592107
49065079 127191967
129014786 127191967
374930110 127191967
152187224 50592107
156506395 127191967
156506395 44025304
44146349 127191967
47183159 127191967
45222128 50592107
137464017 127191967
61628757 127191967
49062036 127191967
49062036 50592107
55258457 127191967
44076858 127191967
72159378 127191967
44025304 156506395
44025304 50592107
138302986 127191967
44868555 127191967
478571468 127191967
34267459 127191967
156660949 127191967
836613090 127191967
103517882 127191967
533559484 127191967
