10029993 20143744
10029993 26641283
10029993 86236432
228477519 26641283
38307412 33412840
38307412 86236432
47094722 86236432
298839302 86236432
45221183 35195028
45221183 19134863
45221183 86236432
5449151 86236432
50582425 86236432
83193813 86236432
57650355 27964591
57650355 154997116
57650355 86236432
231459491 20143744
31079549 44286692
31079549 20143744
48547285 127385940
48547285 20143744
48547285 15388016
48547285 86236432
61065464 44152523
61065464 4555591
61065464 86236432
107926528 20143744
107926528 19134863
107926528 86236432
127359381 20143744
586848959 86236432
35195028 142720886
35195028 19134863
35195028 45221183
35195028 86236432
47707168 86236432
44286692 20143744
44286692 31079549
44286692 86236432
47955749 86236432
71256132 86236432
48369767 44152523
48369767 20143744
48369767 86236432
48020070 86236432
44531255 20143744
44531255 228477519
31314171 20143744
31314171 86236432
44756692 48713155
44756692 86236432
20143744 48369767
20143744 44286692
20143744 231459491
20143744 127385940
20143744 31314171
20143744 15388016
20143744 19134863
20143744 44676629
20143744 48547285
20143744 10029993
20143744 44531255
20143744 228477519
20143744 31079549
20143744 127359381
220569367 86236432
44619135 86236432
27964591 57650355
27964591 33412840
83645629 86236432
152478141 86236432
154840845 86236432
572769967 86236432
301094359 86236432
48713155 86236432
44676629 86236432
76970719 19134863
4555591 19134863
4555591 86236432
33412840 27964591
33412840 38307412
33412840 86236432
19134863 76970719
19134863 35195028
19134863 20143744
19134863 15388016
19134863 4555591
19134863 45221183
47433658 86236432
154997116 57650355
154997116 86236432
47905827 86236432
15388016 127385940
15388016 20143744
15388016 19134863
26641283 228477519
26641283 10029993
44152523 48369767
44152523 61065464
44152523 86236432
44009974 86236432
127385940 20143744
127385940 15388016
127385940 86236432
