130424140 17915759
523032360 17915759
519828047 17915759
361326355 17915759
64977231 17915759
668209257 17915759
384116315 17915759
162097363 17915759
139403181 17915759
836612016 17915759
365848568 17915759
51198287 17915759
218531527 17915759
347340563 137510198
528233237 17915759
138399958 17915759
166180932 17915759
303875004 17915759
461976747 17915759
347488851 17915759
6649189 17915759
139739869 17915759
139739869 137510198
37800584 17915759
47537922 17915759
299688058 17915759
89813129 17915759
27308638 17915759
138644683 17915759
463282622 17915759
163258826 17915759
679184671 17915759
75245524 17915759
163239506 17915759
137510198 17915759
164484061 17915759
131747395 17915759
47410647 17915759
138110341 17915759
836612890 137510198
163252102 17915759
692375918 17915759
277016569 17915759
48559739 137510198
4929932 17915759
246165207 17915759
139501392 17915759
210306630 137510198
474815945 17915759
