58318845 50863135
316283959 50863135
42410285 50863135
42410285 305070123
42410285 120935590
42410285 665123801
665123801 305070123
665123801 42410285
665123801 50863135
45053781 42410285
45053781 305070123
45053781 316283959
45053781 199824757
45053781 50863135
45053781 665123801
45053781 120935590
199824757 45053781
50863135 665123801
50863135 305070123
50863135 42410285
305070123 50863135
305070123 42410285
305070123 665123801
305070123 120935590
120935590 45053781
120935590 50863135
120935590 305070123
