369132971 5483700
451428979 5483700
451428979 323427255
451428979 383022916
5483700 224939590
5483700 323427255
5483700 114476756
5483700 155619100
5483700 100008967
5483700 64432249
5483700 369132971
5483700 50652754
5483700 49631731
5483700 299169139
5483700 144545433
5483700 51822440
5483700 48698642
5483700 85922425
5483700 643934007
5483700 252043172
5483700 325130734
5483700 72865473
5483700 528706933
5483700 17969259
5483700 159867609
5483700 359378431
5483700 144540354
5483700 312349851
5483700 84641400
141798406 5483700
141798406 230173001
141798406 252043172
141798406 17969259
141798406 144540354
716478834 5483700
499832164 230173001
499832164 5483700
335527212 5483700
448744504 5483700
84641400 5483700
159867609 5483700
159867609 100008967
159867609 325130734
48698642 5483700
528419397 5483700
142808321 184032457
142808321 164765734
142808321 72865473
260530342 5483700
260530342 17969259
216798654 5483700
216798654 100008967
51651267 5483700
30664664 5483700
159885459 224939590
159885459 5483700
159885459 50652754
159885459 833397253
159885459 144540354
364839222 5483700
364839222 544798526
144545433 5483700
144545433 19409456
299169139 5483700
155619100 5483700
155619100 252043172
155619100 49631731
230173001 141798406
230173001 544798526
230173001 499832164
100008967 5483700
100008967 323427255
100008967 642510867
100008967 159867609
100008967 820189302
51822440 5483700
138753459 5483700
325130734 5483700
325130734 144532774
325130734 29832220
325130734 643934007
325130734 159867609
325130734 144540354
335561934 5483700
642510867 5483700
642510867 100008967
642510867 50652754
184032457 5483700
184032457 142808321
184032457 72865473
184032457 164765734
54296572 5483700
54296572 544798526
252043172 5483700
252043172 155619100
252043172 17969259
312349851 5483700
544798526 5483700
544798526 230173001
544798526 54296572
544798526 364839222
144540354 162742874
144540354 5483700
144540354 19409456
144540354 50652754
144540354 325130734
144540354 528706933
144540354 544798526
643934007 5483700
643934007 325130734
820189302 100008967
19409456 5483700
19409456 49631731
19409456 144545433
19409456 144540354
289180089 5483700
114476756 5483700
9299761 5483700
50652754 5483700
50652754 159885459
50652754 642510867
50652754 144540354
224939590 159885459
224939590 5483700
85922425 5483700
225406576 5483700
225406576 252043172
741578790 5483700
449005600 5483700
91267335 5483700
323427255 5483700
323427255 451428979
323427255 100008967
383022916 451428979
72865473 184032457
72865473 5483700
72865473 164765734
72865473 142808321
45510281 5483700
833378032 5483700
144532774 5483700
144532774 17969259
144532774 325130734
185865170 5483700
17969259 5483700
17969259 141798406
17969259 144532774
17969259 833397253
17969259 252043172
528706933 5483700
528706933 144540354
49631731 5483700
164765734 184032457
164765734 72865473
833397253 17969259
833397253 159885459
29832220 5483700
29832220 325130734
359378431 5483700
182397307 5483700
182397307 252043172
64432249 5483700
162742874 5483700
162742874 144540354
