28770596 127599000
14059389 127599000
14059389 152957625
58311651 8455778
32726566 11408650
57610120 217175326
57610120 72523304
152576096 200064830
152576096 155451583
72468788 72468790
301348889 127599000
72470546 127599000
442168518 127599000
29049778 8455778
18383645 57610120
152850272 48383968
349436258 57610120
139477316 11408650
28484307 48383968
48734185 11408650
72468790 72468788
244949781 155451583
30631976 11408650
30631976 127599000
72523304 57610120
8455778 29049778
39805214 11408650
217175326 57610120
102342284 152957625
8806440 127599000
152957625 57610120
8803173 155451583
659227047 11408650
29332465 11408650
29332465 127599000
155451583 244949781
155451583 499549547
156872663 298857321
18054175 127599000
48383968 52573813
48383968 28484307
52573813 48383968
