45062960 71344121
65262921 44260423
65262921 47559415
65262921 218311774
65262921 324935708
65262921 110132883
65262921 44398791
65262921 130474807
65262921 48620567
65262921 4500856
65262921 77159701
65262921 49057614
81485365 71344121
48620567 65262921
110132883 65262921
110132883 4377209
77159701 65262921
45221813 4500856
45221813 71344121
49057614 65262921
49057614 71344121
212716712 71344121
74927465 121835093
44533340 44260423
44533340 44279191
218311774 65262921
50651389 31139206
47559415 65262921
47559415 71344121
25098355 71344121
31139206 50651389
49521199 44260423
130474807 65262921
44279191 44533340
324935708 65262921
18350579 71344121
4377209 110132883
44260423 65262921
44260423 44533340
44260423 49521199
44260423 71344121
97436430 71344121
79672645 71344121
4500856 45221813
4500856 65262921
44398791 65262921
