58478975 18968439
58262582 18968439
133022050 21910499
20582994 130482058
20582994 18968439
543856344 64844883
4942032 21910499
184684246 80035458
182356454 127368872
402208725 64844883
61563382 57372819
61563382 27863549
477861265 127561516
60281063 127173586
60281063 18968439
127368872 21910499
127368872 18968439
312691227 18968439
117950166 127368872
49043367 21910499
60272679 21910499
60272679 18968439
61259489 18968439
224526716 21910499
363787787 127173586
18968439 21910499
35948165 18968439
374534509 72462787
374534509 18968439
97271708 127173586
97271708 21910499
97271708 18968439
30209880 18968439
80035458 21910499
57474908 21910499
21910499 18968439
127561516 127173586
127561516 21910499
127561516 18968439
72462787 127173586
72462787 374534509
56939695 127173586
56939695 57372819
56939695 18968439
56939695 72462787
58313863 21910499
58313863 18968439
54255248 736607470
27863549 61563382
132557198 21910499
223766393 18968439
127173586 363787787
127173586 18968439
84442723 127978845
130482058 20582994
169530026 21910499
134253425 127173586
129310313 127173586
757164908 18968439
57488011 21910499
57488011 20582994
