67857215 67858398
67857215 22815264
67857215 44750171
67857215 33099401
67857215 155816098
67857215 12901480
67857215 120645923
67857215 67521580
67857215 128502062
67857215 127290864
67857215 7700415
67857215 128777432
67857215 57648704
67857215 57648808
67857215 145456772
67857215 2520437
58105229 127290864
152927549 128777432
152927549 127290864
581972779 57652194
581972779 127290864
54152568 127290864
85794928 127290864
7245455 127290864
44750171 57648704
44750171 127290864
44750171 67857215
44750171 98454809
44750171 145456772
582027560 127290864
581982430 127290864
120645923 67858398
120645923 67857215
67521580 128777432
67521580 127290864
67521580 67857215
57457289 57648704
57457289 127290864
57457289 67857215
39997434 127290864
38010915 127290864
155891839 127290864
155891839 67857215
58098134 127290864
58098134 110964338
560058367 127290864
58106887 127290864
95473951 57648704
95473951 127290864
581120371 127290864
581120371 97086856
836612338 127290864
22815264 67858398
22815264 152933790
22815264 16931187
22815264 97087922
22815264 57648704
22815264 127290864
22815264 67857215
60938283 127290864
517302267 127290864
581516748 127290864
154883784 127290864
24914602 127290864
24914602 128352621
97087922 128777432
97087922 67858398
97087922 22815264
97087922 98454809
97087922 541459247
97087922 57648704
97087922 127290864
97087922 152884412
97087922 97086856
152732012 127290864
581665088 127290864
128777432 97087922
128777432 127290864
128777432 152927549
128777432 98454809
128777432 67521580
128777432 67857215
128777432 57648704
128777432 57648808
128777432 145456772
541459247 127290864
541459247 7700415
82403909 127290864
155819004 127290864
55036281 67858398
55036281 145456772
55036281 27731294
55036281 127290864
55036281 152955843
3956336 127290864
130236896 67858398
130236896 127290864
57651449 16931187
57651449 98454809
57651449 58147353
580920762 127290864
58093478 127290864
152933790 22815264
152933790 67857215
152933790 152912776
152955843 67857215
152955843 55036281
152955843 110964338
128502062 127290864
155822024 127290864
57652194 581972779
57652194 98454809
57652194 145456772
57652194 57648704
298858067 127290864
58148894 7245455
58148894 127290864
12901480 127290864
12901480 67857215
12901480 27731294
582069461 127290864
57648704 22815264
57648704 44750171
57648704 155816098
57648704 98454809
57648704 57457289
57648704 95473951
57648704 97087922
57648704 57652194
57648704 127290864
57648704 7700415
57648704 67857215
57648704 128777432
57648704 57648808
57648704 97086856
57648704 7643941
57648704 110964338
580921634 127290864
8082958 7245455
836594959 127290864
830252232 127290864
58147353 58088020
58147353 57651449
58147353 127290864
67858398 154883784
67858398 22815264
67858398 130236896
67858398 97087922
67858398 57652194
67858398 127290864
67858398 55036281
67858398 67857215
67858398 120645923
67858398 145456772
67858398 58088020
33099401 57648808
33099401 127290864
33099401 67857215
16931187 22815264
16931187 582227968
58088020 67858398
58088020 127290864
58088020 67857215
58088020 58147353
58088020 541459247
58088020 7643941
58088020 110964338
128352621 127290864
97086856 145456772
97086856 67857215
97086856 127290864
97086856 97087922
97086856 7700415
97086856 57648704
97086856 7643941
7643941 57648704
7643941 58088020
7643941 97086856
7700415 541459247
7700415 67857215
7700415 57648704
7700415 127290864
7700415 97086856
27731294 127290864
155827848 127290864
300272292 57652194
582227968 16931187
582227968 127290864
152912776 152933790
152912776 127290864
581473246 728574126
101578427 127290864
101578427 7700415
101578427 67857215
581308993 127290864
58035773 127290864
228990668 127290864
152884412 97087922
152884412 127290864
152884412 152955843
31647165 127290864
2520437 127290864
2520437 67857215
110964338 97086856
110964338 57648704
110964338 58088020
110964338 67857215
110964338 58098134
110964338 120645923
110964338 127290864
145456772 67858398
145456772 44750171
145456772 57652194
145456772 127290864
145456772 7700415
145456772 57457289
145456772 67857215
145456772 128777432
152576066 127290864
152940859 127290864
155816098 57648704
155816098 127290864
155816098 67857215
155816098 98454809
155816098 541459247
57648808 33099401
57648808 127290864
57648808 152884412
57648808 67857215
57648808 128777432
57648808 57648704
115980645 127290864
98454809 128777432
98454809 57651449
98454809 97087922
98454809 57648704
98454809 44750171
98454809 57652194
98454809 155816098
98454809 67857215
98454809 145456772
