30074925 61721125
129984217 61721125
324964368 61721125
127386225 61721125
48241974 48814079
48241974 18807372
48241974 39200741
48241974 61721125
155023869 61721125
136234652 57760377
136234652 61721125
129915939 61721125
49051664 39200741
49051664 18807372
49051664 61721125
43901486 39200741
43901486 52508992
43901486 61721125
50620107 61721125
57600084 61721125
57600084 44596768
43794895 39200741
43794895 44783119
18027681 61721125
67225827 39200741
67225827 19075413
67225827 44783119
67225827 61721125
120788984 61721125
96770622 61721125
33444563 67802249
33444563 77214452
33444563 39200741
33444563 24221839
33444563 128802956
33444563 61721125
833306758 61721125
302904135 24228092
302904135 61721125
57760377 79650239
57760377 28197259
57760377 39200741
57760377 69076551
57760377 128802956
57760377 65266249
57760377 48745517
57760377 44790715
57760377 37895099
57760377 25392447
57760377 61721125
44488415 48688104
44488415 61721125
134655457 61721125
69076551 61721125
89497944 39200741
89497944 61721125
24221839 67802249
24221839 77214452
24221839 39200741
24221839 33444563
24221839 22135039
24221839 80641661
24221839 61721125
80641661 69075639
80641661 39200741
80641661 24221839
80641661 61721125
57127599 39200741
57127599 61721125
52544589 128802956
52544589 61721125
37895099 39200741
37895099 128802956
37895099 57760377
37895099 61721125
28197259 79650239
28197259 57760377
28197259 61721125
67150226 61721125
44252484 61721125
24228092 39200741
24228092 302904135
24228092 52508992
24228092 61721125
208567677 61721125
205160123 61721125
22135039 39200741
22135039 24221839
22135039 61721125
69075639 80641661
69075639 61721125
65579692 39200741
65579692 128802956
65579692 61721125
55178617 128802956
55178617 61721125
65266249 39200741
65266249 57760377
65266249 61721125
61721125 29521805
61721125 77214452
61721125 25392447
61721125 134195504
61721125 67802249
61721125 127338408
61721125 65579692
61721125 80641661
61721125 71778921
61721125 39200741
61721125 48753178
61721125 57600084
61721125 81900800
61721125 60934809
61721125 21817556
61721125 24228092
61721125 57760377
61721125 129915939
61721125 48814079
61721125 69075639
61721125 33444563
61721125 92064005
71778921 61721125
75378779 48820329
75378779 80641661
75378779 61721125
60934809 61721125
92064005 61721125
49057820 61721125
67398763 67802249
67398763 61721125
135803092 61721125
79650239 28197259
79650239 57760377
79650239 44596768
79650239 61721125
128802956 61721125
44596768 79650239
44596768 61721125
44596768 57600084
134195504 61721125
11330116 39200741
11330116 61721125
1773428 67802249
1773428 39200741
1773428 61721125
231547419 61721125
44783119 67225827
44783119 43794895
44783119 61721125
52508992 24228092
52508992 67802249
52508992 61721125
92371872 61721125
302884580 129915939
302884580 61721125
77214452 39200741
77214452 24221839
77214452 33444563
77214452 61721125
57482769 61721125
48688104 61721125
44790715 61721125
4396920 39200741
4396920 61721125
48657463 49057820
8388417 39200741
8388417 50620107
8388417 61721125
49049164 48745517
49049164 61721125
49343353 61721125
49343353 60934809
113109853 61721125
48814079 52508992
48814079 48241974
48814079 61721125
67802249 29521805
67802249 39200741
67802249 24221839
67802249 1773428
67802249 67398763
67802249 52508992
67802249 25392447
67802249 61721125
39200741 24591053
39200741 49051664
39200741 24228092
39200741 67802249
39200741 29521805
39200741 77214452
39200741 24221839
39200741 89497944
39200741 33444563
39200741 192453364
39200741 8388417
39200741 57600084
39200741 65579692
39200741 18807372
39200741 1773428
39200741 19075413
39200741 67398763
39200741 57760377
39200741 67225827
39200741 128802956
39200741 65266249
39200741 43901486
39200741 37895099
39200741 127386225
39200741 4396920
39200741 11330116
39200741 22135039
39200741 155023869
39200741 43794895
39200741 60934809
39200741 80641661
39200741 57127599
39200741 25392447
39200741 48241974
39200741 61721125
127338408 61721125
29521805 67802249
29521805 39200741
29521805 61721125
24591053 39200741
24591053 80641661
24591053 61721125
49049695 61721125
48745517 49049164
48745517 57760377
48745517 61721125
48753178 61721125
127197011 61721125
192453364 39200741
192453364 61721125
81900800 61721125
19075413 39200741
19075413 48820329
19075413 67225827
25392447 67802249
25392447 39200741
25392447 61721125
21817556 61721125
54139336 61721125
29474095 61721125
48820329 19075413
48820329 48724645
48820329 75378779
48820329 61721125
18807372 39200741
18807372 61721125
48724645 48820329
48724645 61721125
12327408 61721125
