82400393 12025601
200063606 12025601
81922301 162480004
54259033 12025601
44652363 12025601
5966802 12025601
30938536 12025601
57487639 12025601
32311711 12025601
44760531 12025601
12119242 12025601
801317781 12025601
49343154 12025601
33134982 164369158
200011706 12025601
44901340 12025601
162480004 12025601
49556762 25926164
75730829 12025601
56876114 12025601
687033401 12025601
687027741 12025601
30249993 12025601
164369158 33134982
607541006 12025601
48734185 12025601
224804095 12025601
11776598 12025601
11776598 214273875
52393611 12025601
133154492 12025601
489331096 687027741
489331096 12025601
127744964 12025601
65293807 12025601
128695085 12025601
44869066 12025601
25926164 12025601
61255042 12025601
54311701 12025601
12217622 12025601
136507536 12025601
9409685 12025601
127867724 12025601
50860508 12025601
