58320714 17133563
58320714 58035364
13986793 152594437
13986793 58274952
152594437 58274952
302408074 10256189
302408074 130009574
302408074 58274952
302408074 57649862
58274952 152619864
58274952 152594437
58274952 384015101
58274952 581232462
58274952 11937637
58274952 57645044
58274952 152604038
58274952 10256189
58274952 582203675
58274952 57649862
58274952 210201730
58274952 13986793
58274952 58152503
58274952 58035364
58274952 302408074
57645918 130009574
57645918 11937637
57645918 207078869
10256189 11937637
10256189 58274952
10256189 302408074
152619864 57645044
152619864 58274952
152619864 57649862
210201730 57645044
210201730 58274952
152731869 17133563
152731869 58035364
58384232 17133563
376811657 57649862
58152503 58274952
57649862 376811657
57649862 152619864
57649862 57645044
57649862 58274952
57649862 582203675
57649862 302408074
57645044 152619864
57645044 58274952
57645044 57649862
57645044 210201730
130009574 302408074
17133563 58320714
17133563 58035364
58167522 17133563
58167522 58035364
207078869 57649862
207078869 58035364
11937637 58274952
11937637 10256189
4654141 17133563
535313313 58035364
696057462 58035364
582203675 58274952
582203675 57649862
582203675 210201730
384015101 58274952
384015101 13986793
152604038 58274952
152604038 58035364
58035364 17133563
58035364 152604038
58035364 58320714
58035364 58167522
58035364 58152503
58035364 696057462
58035364 535313313
58035364 58384232
58035364 4654141
58035364 207078869
58035364 58274952
58035364 152731869
