814943532 5331752
578844502 5331752
32647796 5331752
32647796 129366539
32647796 3535605
32647796 2254882
32647796 2254778
32647796 49071136
32647796 22341629
32647796 25333814
579005778 34262027
579005778 505450041
579005778 2254778
579005778 2254882
579005778 5331752
579005778 61259977
579005778 15702795
579005778 25333814
579005778 238299507
579005778 113610044
579005778 22341629
171350331 5331752
25333814 302154952
25333814 49071136
25333814 32647796
25333814 2254778
25333814 5331752
25333814 113610044
25333814 2254882
25333814 22341629
25333814 3535605
25333814 129366539
25333814 505450041
25333814 81912195
25333814 579005778
25333814 301866451
25333814 34262027
25333814 693693307
25333814 61259977
25333814 478927842
25333814 260602437
25333814 132246443
25333814 38582531
25333814 15702795
814949399 5331752
260602437 32647796
260602437 5331752
579029029 15702795
579029029 5331752
757246281 505450041
757246281 5331752
757246281 814949399
132246443 113610044
132246443 34262027
132246443 3535605
132246443 5331752
132246443 2254882
132246443 61259977
132246443 505450041
279925054 5331752
833357332 5331752
579282001 5331752
15702795 579029029
15702795 5331752
15702795 579005778
15702795 22341629
599375469 5331752
814939022 5331752
280961658 5331752
22341629 2254882
22341629 90932900
22341629 32647796
22341629 814940937
22341629 129366539
22341629 16642920
22341629 5331752
22341629 61259977
22341629 579029029
22341629 2254778
22341629 279925054
22341629 15702795
22341629 505450041
22341629 49071136
22341629 38582531
22341629 814964725
22341629 814949399
22341629 579005778
22341629 599375469
22341629 3535605
22341629 209990982
22341629 132246443
22341629 299431054
22341629 693693307
22341629 34262027
22341629 478927842
22341629 113610044
22341629 25333814
302154952 5331752
209990982 5331752
478927842 32647796
478927842 5331752
528333818 5331752
505450041 579029029
505450041 5331752
814961485 5331752
814961485 34262027
228882329 5331752
215925408 5331752
239062537 49071136
239062537 579029029
239062537 5331752
61259977 5331752
370898103 5331752
298857919 5331752
140125512 5331752
2254882 90932900
2254882 129366539
2254882 49071136
2254882 5331752
2254882 3535605
2254882 32647796
2254882 25333814
814964725 5331752
814964725 32647796
814940937 5331752
3535605 2254882
3535605 132246443
3535605 49071136
3535605 129366539
3535605 5331752
3535605 32647796
3535605 22341629
3535605 25333814
814945924 5331752
836008408 5331752
56537561 15702795
56537561 814949399
56537561 5331752
34262027 132246443
34262027 505450041
34262027 5331752
34262027 814961485
34262027 579029029
113610044 49071136
113610044 90932900
113610044 2254882
113610044 5331752
113610044 32647796
545630440 5331752
545630440 238299507
238299507 5331752
249229243 5331752
322117880 5331752
322117880 505450041
2254778 49071136
2254778 5331752
2254778 32647796
2254778 16642920
299431054 5331752
749012336 505450041
749012336 5331752
38582531 61259977
38582531 5331752
38582531 32647796
38582531 22341629
81912195 38582531
81912195 129366539
81912195 32647796
81912195 5331752
814942229 5331752
693693307 5331752
693693307 814949399
16642920 5331752
16642920 32647796
16642920 22341629
383528814 5331752
642661455 505450041
642661455 5331752
836008491 5331752
814945994 5331752
129366539 38582531
129366539 5331752
58489035 58424378
814942205 5331752
700898225 5331752
578791882 5331752
578791882 22341629
301866451 505450041
301866451 579029029
301866451 5331752
301866451 238299507
301866451 25333814
5331752 505450041
5331752 2254882
5331752 579029029
5331752 132246443
5331752 298857919
5331752 2254778
5331752 3535605
5331752 814940937
5331752 32647796
5331752 22341629
5331752 528333818
5331752 238299507
5331752 25333814
758022149 5331752
579034157 5331752
91866039 505450041
91866039 5331752
92251148 653989755
92251148 144760898
49071136 129366539
49071136 2254778
49071136 239062537
49071136 2254882
49071136 61259977
49071136 5331752
49071136 3535605
49071136 32647796
49071136 25333814
49071136 113610044
49071136 22341629
51889822 5331752
144760898 92251148
578768352 505450041
578768352 15702795
578768352 5331752
578737114 5331752
58424378 58489035
358359848 61259977
358359848 5331752
358359848 478927842
56872451 5331752
836008126 5331752
232079906 579029029
232079906 5331752
