58148085 152904654
58148085 152821155
58148085 54426765
58148085 18899563
58148085 298831541
152714640 152734913
152904654 58148085
152904654 152926421
152904654 54426765
152904654 152734913
152904654 298831541
152821155 58148085
152821155 152734913
54426765 152904654
54426765 58148085
54426765 152926421
54426765 152734913
54426765 298831541
152926421 152821155
152926421 54426765
152926421 298831541
298831541 58148085
298831541 152734913
298831541 54426765
298831541 152904654
298831541 18899563
152734913 152904654
152734913 54426765
152734913 298831541
18899563 58148085
18899563 298831541
