50895082 108402470
50895082 132665226
581389794 108402470
27862012 108402470
27862012 132665226
152954609 108402470
152954609 132665226
17204617 108402470
17204617 132665226
152876950 108402470
152876950 132665226
582368754 108402470
130958946 132665226
582089658 108402470
113765010 108402470
113765010 132665226
580931924 108402470
65296350 108402470
65296350 57646968
65296350 107496071
65296350 57652453
210031324 108402470
210031324 132665226
210031324 57652453
152929461 108402470
152929461 132665226
155814652 132665226
128781131 108402470
128781131 132665226
58349460 108402470
58349460 132665226
580951488 132665226
210236914 108402470
210236914 155817877
58154422 108402470
58154422 132665226
26210582 152734815
26210582 108402470
26210582 132665226
26210582 48606180
26210582 58162051
26210582 57645470
581139147 108402470
581139147 132665226
57652453 108402470
57652453 132665226
57652453 210031324
57652453 44874615
57652453 65296350
57652453 57646968
57652453 57645470
152544738 57645470
152544738 57646968
566564681 132665226
298849311 108402470
298849311 132665226
152710090 108402470
152710090 132665226
108402470 132665226
155852540 132665226
152734815 132665226
806327602 108402470
57646968 108402470
57646968 65267907
57646968 132665226
57646968 65296350
57646968 152544738
57646968 57644952
57646968 44874615
57646968 48606180
57646968 58162051
57646968 57645470
57646968 57652453
147928625 108402470
147928625 132665226
107496071 108402470
107496071 132665226
107496071 57644952
107496071 57645470
107496071 65296350
107496071 44874615
582114644 132665226
582442664 108402470
582442664 132665226
65267907 108402470
65267907 132665226
65267907 57646968
563429706 132665226
48606180 26210582
48606180 132665226
48606180 57646968
51586529 132665226
51586529 108402470
581894408 108402470
581894408 132665226
132665226 108402470
565105683 108402470
565105683 132665226
581888449 108402470
44874615 108402470
44874615 132665226
44874615 57644952
44874615 57645470
44874615 57646968
44874615 107496071
44874615 57652453
580990140 108402470
580990140 132665226
57644952 108402470
57644952 132665226
57644952 107496071
57644952 44874615
57644952 57645470
57644952 57646968
57645470 26210582
57645470 132665226
57645470 107496071
57645470 152544738
57645470 57644952
57645470 44874615
57645470 57646968
57645470 57652453
155817877 108402470
155817877 132665226
152724681 108402470
152724681 132665226
582503205 108402470
582503205 132665226
58162051 26210582
58162051 57646968
32198123 132665226
669270950 108402470
669270950 132665226
581667088 132665226
581667088 108402470
