30406511 74296488
30406511 82151391
30406511 17361806
30406511 93768040
30406511 34733135
30406511 16092384
30406511 298831355
30406511 649719965
30406511 642484106
30406511 11105523
30406511 677274039
30406511 210221245
30406511 833373539
30406511 210245872
30406511 28672060
30406511 109215154
30406511 833705617
30406511 28554333
30406511 128732530
30406511 127284112
30406511 140932994
30406511 22769578
30406511 64641180
74296488 82151391
74296488 649719965
74296488 16092384
74296488 34733135
74296488 93768040
74296488 30406511
74296488 833373539
74296488 109215154
74296488 28738164
74296488 833705617
74296488 28554333
74296488 52576829
74296488 127284112
74296488 64641180
74296488 22769578
127441310 152678887
82151391 16092384
82151391 828228464
82151391 649719965
82151391 74296488
82151391 93768040
82151391 30406511
82151391 677274039
82151391 152797206
82151391 833373539
82151391 58167763
82151391 109215154
82151391 28738164
82151391 28554333
82151391 127284112
82151391 52576829
57401348 127284112
17361806 649719965
17361806 42170053
17361806 16092384
17361806 828228464
17361806 30406511
17361806 677274039
17361806 28672060
17361806 109215154
17361806 28738164
17361806 28554333
17361806 128732530
17361806 64641180
17361806 22769578
44752710 16092384
44752710 58016215
44752710 649719965
44752710 298831355
44752710 681361858
44752710 93768040
44752710 11105523
44752710 58035414
44752710 167423028
44752710 833373539
44752710 28672060
44752710 58167763
44752710 109215154
44752710 67748569
44752710 28738164
44752710 833705617
44752710 723209222
44752710 28554333
44752710 52576829
44752710 127284112
44752710 140932994
44752710 44841247
44752710 22769578
44752710 543529508
34733135 16092384
34733135 828228464
34733135 44752710
34733135 649719965
34733135 298831355
34733135 74296488
34733135 93768040
34733135 30406511
34733135 677274039
34733135 152797206
34733135 545318993
34733135 833373539
34733135 210245872
34733135 109215154
34733135 28738164
34733135 833705617
34733135 28554333
34733135 128732530
34733135 127284112
34733135 44841247
34733135 58367247
34733135 57650201
34733135 40596704
34733135 543529508
44841247 58042243
44841247 152678887
44841247 16092384
44841247 93768040
44841247 28554333
44841247 128732530
44841247 127284112
44841247 57647947
44841247 58387018
44841247 152878495
44841247 828228464
44841247 34733135
44841247 109215154
44841247 649719965
44841247 57650201
44841247 77061268
152678887 93768040
152678887 11105523
152678887 127441310
152678887 649719965
152678887 149534281
152678887 210245872
152678887 109215154
152678887 28738164
152678887 44841247
545318993 828228464
545318993 152797206
545318993 34733135
545318993 58035414
545318993 210221245
545318993 833373539
545318993 28554333
545318993 127284112
58035414 109215154
581539307 57981703
210245872 34733135
210245872 30406511
210245872 152678887
210245872 649719965
210245872 833373539
210245872 109215154
210245872 28554333
210245872 22769578
152878495 44841247
58167763 30406511
58167763 11105523
58167763 82151391
58167763 58016215
58167763 649719965
58167763 299123408
58167763 833373539
58167763 44752710
58167763 543529508
58167763 57650201
58167763 28554333
58167763 57981703
58167763 109215154
58042243 34733135
58042243 16092384
58042243 649719965
58042243 44752710
58042243 74296488
58042243 677274039
58042243 30406511
58042243 298831355
58042243 167423028
58042243 210221245
58042243 833373539
58042243 28672060
58042243 67748569
58042243 28554333
58042243 52576829
58042243 128732530
58042243 127284112
58042243 140932994
58042243 44841247
58042243 543529508
833336942 677274039
28554333 30406511
28554333 74296488
28554333 17361806
28554333 34733135
28554333 16092384
28554333 93768040
28554333 109215154
28554333 28672060
28554333 28738164
28554333 210245872
28554333 545318993
28554333 11105523
28554333 210221245
28554333 57981703
28554333 833373539
28554333 642484106
28554333 58035414
28554333 828228464
28554333 634760647
28554333 58167763
28554333 649719965
28554333 57647947
28554333 58387018
28554333 58279042
28554333 152797206
28554333 58042243
28554333 44752710
28554333 677274039
28554333 681361858
28554333 82151391
28554333 52576829
28554333 127284112
28554333 140932994
28554333 44841247
28554333 22769578
28554333 57650201
28554333 64641180
642484106 30406511
642484106 649719965
642484106 28554333
16092384 82151391
16092384 34733135
16092384 84975180
16092384 44752710
16092384 649719965
16092384 17361806
16092384 74296488
16092384 93768040
16092384 30406511
16092384 677274039
16092384 152797206
16092384 833373539
16092384 109215154
16092384 28738164
16092384 28554333
16092384 22769578
58316312 127284112
22769578 74296488
22769578 11105523
22769578 30406511
22769578 28672060
22769578 833705617
22769578 28738164
22769578 17361806
22769578 16092384
22769578 28554333
22769578 210245872
22769578 82151391
22769578 127284112
22769578 109215154
22769578 58367247
22769578 93768040
22769578 128732530
22769578 140932994
22769578 44841247
22769578 44752710
22769578 828228464
22769578 833373539
22769578 723209222
22769578 649719965
22769578 58016215
22769578 57650201
22769578 64641180
149534281 152678887
834643523 93768040
57647947 649719965
57647947 109215154
57647947 128732530
57647947 127284112
57647947 44841247
152733149 77061268
152856145 127284112
649719965 58279042
649719965 16092384
649719965 44752710
649719965 216033298
649719965 34733135
649719965 836431735
649719965 82151391
649719965 152878495
649719965 58016215
649719965 127441310
649719965 298831355
649719965 681361858
649719965 42170053
649719965 17361806
649719965 74296488
649719965 93768040
649719965 30406511
649719965 184803446
649719965 642484106
649719965 11105523
649719965 58035414
649719965 152678887
649719965 152797206
649719965 57647947
649719965 581768976
649719965 299123408
649719965 58042243
649719965 58387018
649719965 45157016
649719965 210221245
649719965 833373539
649719965 210245872
649719965 28672060
649719965 58167763
649719965 109215154
649719965 57981703
649719965 67748569
649719965 634760647
649719965 28738164
649719965 723209222
649719965 28554333
649719965 52576829
649719965 128732530
649719965 127284112
649719965 140932994
649719965 44841247
649719965 58367247
649719965 57650201
649719965 40596704
649719965 64641180
58279042 828228464
58279042 40596704
58279042 127284112
58279042 28554333
58279042 723209222
58279042 109215154
58279042 833373539
58279042 11105523
58279042 649719965
299123408 30406511
299123408 649719965
299123408 152878495
299123408 828228464
299123408 34733135
299123408 833373539
299123408 58167763
299123408 109215154
299123408 28554333
299123408 128732530
128732530 57647947
128732530 93768040
128732530 57650201
128732530 649719965
128732530 17361806
128732530 833373539
128732530 34733135
128732530 127284112
128732530 44841247
128732530 22769578
64641180 22769578
64641180 28672060
64641180 127284112
64641180 109215154
64641180 649719965
64641180 828228464
64641180 57650201
64641180 74296488
64641180 17361806
64641180 93768040
64641180 28554333
64641180 30406511
58367247 34733135
58367247 127284112
58367247 16092384
58367247 649719965
58367247 11105523
58367247 828228464
58367247 833373539
58367247 93768040
58367247 22769578
677274039 93768040
677274039 16092384
677274039 30406511
677274039 28554333
58387018 649719965
58387018 833373539
58387018 28738164
58387018 28554333
58387018 128732530
58387018 127284112
58387018 44841247
833373539 93768040
833373539 581768976
833373539 11105523
833373539 16092384
833373539 82151391
833373539 545318993
833373539 681195757
833373539 649719965
833373539 45157016
833373539 44752710
833373539 152797206
833373539 58387018
833373539 58042243
833373539 58279042
833373539 210245872
833373539 28672060
833373539 58167763
833373539 109215154
833373539 67748569
833373539 634760647
833373539 28738164
833373539 28554333
833373539 52576829
833373539 128732530
833373539 140932994
833373539 58367247
833373539 22769578
833373539 57650201
833373539 543529508
833373539 40596704
57650201 128732530
57650201 649719965
57650201 828228464
57650201 34733135
57650201 58167763
57650201 28554333
57650201 152797206
57650201 127284112
57650201 44841247
57650201 833373539
57650201 22769578
57650201 64641180
40596704 127284112
40596704 67748569
40596704 34733135
40596704 22769578
40596704 57981703
40596704 109215154
40596704 833373539
40596704 28738164
40596704 828228464
40596704 152797206
40596704 28554333
40596704 58279042
52576829 828228464
52576829 833373539
52576829 28554333
52576829 723209222
52576829 152797206
52576829 93768040
52576829 649719965
52576829 44752710
109215154 74296488
109215154 28672060
109215154 58279042
109215154 58167763
109215154 11105523
109215154 93768040
109215154 828228464
109215154 57647947
109215154 16092384
109215154 152678887
109215154 82151391
109215154 210245872
109215154 833373539
109215154 677274039
109215154 30406511
109215154 34733135
109215154 44752710
109215154 649719965
109215154 28738164
109215154 833705617
109215154 723209222
109215154 28554333
109215154 127284112
109215154 140932994
109215154 44841247
109215154 64641180
109215154 22769578
77061268 44841247
77061268 152733149
216033298 140932994
216033298 649719965
67748569 44752710
67748569 677274039
67748569 833373539
723209659 828228464
723209659 677274039
634760647 649719965
634760647 58035414
634760647 833373539
634760647 677274039
634760647 109215154
634760647 828228464
634760647 22769578
634760647 28554333
543529508 58167763
543529508 44752710
543529508 152797206
543529508 828228464
543529508 723209222
543529508 127284112
543529508 34733135
543529508 58042243
543529508 93768040
543529508 833373539
828228464 34733135
828228464 152856145
828228464 16092384
828228464 55976601
828228464 82151391
828228464 84975180
828228464 58279042
828228464 44752710
828228464 649719965
828228464 298831355
828228464 681361858
828228464 17361806
828228464 74296488
828228464 93768040
828228464 30406511
828228464 723209659
828228464 11105523
828228464 677274039
828228464 58035414
828228464 152797206
828228464 581768976
828228464 58042243
828228464 545318993
828228464 45157016
828228464 833373539
828228464 28672060
828228464 109215154
828228464 57981703
828228464 67748569
828228464 634760647
828228464 28738164
828228464 723209222
828228464 28554333
828228464 52576829
828228464 128732530
828228464 127284112
828228464 140932994
828228464 44841247
828228464 58367247
828228464 57650201
828228464 40596704
828228464 543529508
828228464 64641180
723209222 298831355
723209222 58279042
723209222 833705617
723209222 109215154
723209222 833336942
723209222 634760647
723209222 828228464
723209222 30406511
723209222 58042243
723209222 649719965
723209222 44752710
723209222 677274039
723209222 52576829
723209222 128732530
723209222 543529508
723209222 22769578
723209222 58367247
723209222 140932994
28738164 109215154
28738164 17361806
28738164 74296488
28738164 16092384
28738164 34733135
28738164 58387018
28738164 93768040
28738164 82151391
28738164 649719965
28738164 833373539
28738164 828228464
28738164 44752710
28738164 152797206
28738164 152678887
28738164 681361858
28738164 28554333
28738164 127284112
28738164 22769578
28738164 40596704
184803446 649719965
140932994 833373539
140932994 828228464
140932994 11105523
140932994 28554333
140932994 30406511
140932994 649719965
140932994 58035414
140932994 109215154
140932994 677274039
140932994 298831355
140932994 127284112
140932994 93768040
140932994 216033298
140932994 152797206
140932994 128732530
298831355 34733135
298831355 44752710
298831355 649719965
298831355 140932994
298831355 127284112
298831355 681361858
57981703 30406511
57981703 17361806
57981703 34733135
57981703 828228464
57981703 16092384
57981703 58167763
57981703 649719965
57981703 581539307
57981703 28554333
57981703 40596704
681219567 677274039
210221245 30406511
210221245 649719965
210221245 28554333
152797206 677274039
152797206 298831355
152797206 649719965
152797206 93768040
152797206 681195757
152797206 681361858
152797206 34733135
152797206 30406511
152797206 16092384
152797206 11105523
152797206 828228464
152797206 42170053
152797206 82151391
152797206 58042243
152797206 545318993
152797206 833373539
152797206 28672060
152797206 109215154
152797206 28738164
152797206 28554333
152797206 52576829
152797206 127284112
152797206 140932994
152797206 44841247
152797206 22769578
152797206 57650201
152797206 40596704
152797206 543529508
681361858 649719965
681361858 140932994
681361858 127284112
681361858 28554333
681361858 28738164
681361858 28672060
681361858 93768040
833705617 109215154
833705617 833373539
167423028 127284112
581768976 828228464
581768976 109215154
581768976 833373539
58016215 22769578
58016215 58167763
58016215 649719965
93768040 74296488
93768040 82151391
93768040 34733135
93768040 16092384
93768040 681361858
93768040 649719965
93768040 828228464
93768040 30406511
93768040 677274039
93768040 152678887
93768040 152797206
93768040 833373539
93768040 109215154
93768040 28738164
93768040 834643523
93768040 28554333
93768040 52576829
93768040 128732530
93768040 127284112
93768040 140932994
93768040 44841247
93768040 58367247
93768040 22769578
93768040 543529508
93768040 64641180
11105523 649719965
11105523 44752710
11105523 30406511
11105523 152678887
11105523 833373539
11105523 28672060
11105523 58167763
11105523 109215154
11105523 28554333
11105523 127284112
11105523 140932994
11105523 58367247
11105523 22769578
42170053 649719965
42170053 152797206
42170053 17361806
84975180 16092384
681195757 833373539
127284112 93768040
127284112 82151391
127284112 677274039
127284112 74296488
127284112 28738164
127284112 67748569
127284112 681361858
127284112 545318993
127284112 57647947
127284112 84975180
127284112 55976601
127284112 58042243
127284112 58387018
127284112 723209222
127284112 28672060
127284112 649719965
127284112 152856145
127284112 52576829
127284112 828228464
127284112 34733135
127284112 11105523
127284112 128732530
127284112 167423028
127284112 16092384
127284112 30406511
127284112 109215154
127284112 17361806
127284112 58279042
127284112 58316312
127284112 152797206
127284112 298831355
127284112 681195757
127284112 28554333
127284112 834643523
127284112 44752710
127284112 833373539
127284112 140932994
127284112 44841247
127284112 58367247
127284112 22769578
127284112 57650201
127284112 40596704
127284112 543529508
127284112 57401348
127284112 64641180
55976601 30406511
28672060 828228464
28672060 11105523
28672060 17361806
28672060 677274039
28672060 64641180
28672060 28554333
28672060 833705617
28672060 109215154
45157016 828228464
45157016 833373539
