101445256 7646667
195617747 7646667
697497303 7646667
128965850 7646667
224242906 7646667
14794735 164531431
14794735 7646667
836614298 128965850
836614298 7646667
15389152 7646667
55020558 7646667
48353183 128965850
48353183 29960751
48353183 7646667
164088385 7646667
44898926 7646667
7646667 128965850
604071069 7646667
717061838 7646667
43858962 7646667
69076551 7646667
199862193 694683095
199862193 7646667
199862193 49356075
199862193 836612549
35080826 7646667
35080826 48726876
52157271 29960751
52157271 7646667
20626325 7646667
252165514 297846987
134194312 7646667
163912757 7646667
297846987 252165514
297846987 44527324
44527324 7646667
44527324 128965850
44527324 297846987
29960751 49047309
29960751 52157271
29960751 7646667
29960751 57127510
29960751 48353183
29960751 44605567
48550055 128965850
48550055 7646667
694683095 7646667
694683095 199862193
694683095 49356075
694683095 836612549
17987883 7646667
38126515 7646667
72058258 7646667
44203260 7646667
33343156 7646667
33343156 134131068
33343156 17987883
579268145 7646667
187096776 7646667
438154925 7646667
44605567 29960751
836612139 7646667
50821797 7646667
148021866 7646667
34099936 7646667
128856744 7646667
10958550 7646667
10958550 177965019
836613460 7646667
49047309 55573306
49047309 29960751
49047309 7646667
55573306 49047309
55573306 7646667
57127510 29960751
57127510 7646667
57127510 44605567
499516432 7646667
71298741 7646667
120111363 7646667
61239869 7646667
154914185 128965850
154914185 7646667
49356075 694683095
49356075 7646667
49356075 199862193
49356075 177965019
44730976 7646667
60024417 7646667
60024417 49356075
214276095 14794735
27554086 19801167
48726876 7646667
48726876 35080826
177058242 7646667
44969647 7646667
836612549 694683095
836612549 7646667
836612549 199862193
836612549 49356075
357459997 7646667
49838092 7646667
