128502200 57643241
130010148 13761220
32135446 19877188
32135446 61948628
19877188 32135446
19877188 65449686
19877188 295347206
19877188 15989267
19877188 139823777
19877188 65477326
359366721 152673087
359366721 11641126
13761220 152580956
13761220 139823777
13761220 130010148
13761220 11641126
61948628 139823777
61948628 152520631
61948628 65477326
65449686 19877188
65449686 8084542
106494219 4348228
106494219 295347206
106494219 152580956
106494219 58108499
106494219 155848076
65477326 19877188
65477326 61948628
15989267 19877188
57643241 57600278
57643241 28718807
57643241 139823777
57643241 128502200
57643241 11641126
47908982 101698185
47908982 58108499
155848076 19877188
152601938 85830763
152601938 152580956
58355426 152673087
295347206 19877188
295347206 106494219
152520631 152580956
152520631 61948628
154804338 152503520
210238922 28718807
210238922 58108499
210238922 152905833
58108499 582633419
58108499 210238922
58108499 101698185
58108499 139823777
58108499 152673087
58108499 152503520
58108499 47908982
58108499 106494219
8084542 65449686
163920081 127167917
199939056 127167917
152673087 57600278
152673087 28718807
152673087 152580956
152673087 139823777
152673087 58108499
152673087 359366721
152673087 58355426
130465648 127167917
139823777 13761220
139823777 19877188
139823777 152673087
139823777 61948628
139823777 58108499
139823777 57643241
139823777 152905833
28718807 210238922
28718807 101698185
28718807 57643241
413635500 127167917
4348228 106494219
57600278 152673087
57600278 57643241
57600278 28718807
11641126 13761220
11641126 152580956
11641126 57643241
11641126 152503520
11641126 359366721
85830763 152601938
127741653 127167917
152580956 13761220
152580956 152520631
152580956 11641126
152580956 106494219
152580956 152601938
152905833 210238922
152905833 139823777
152503520 154804338
152503520 58108499
152503520 11641126
582633419 58108499
101698185 28718807
101698185 58108499
101698185 47908982
