57188067 129442129
57188067 44928772
445158820 129442129
328262890 129442129
711391477 129442129
311893971 129442129
29357665 129442129
129442129 29357665
129442129 44928772
129442129 140116369
140116369 44928772
140116369 129442129
21651335 127864641
711402860 129442129
541332831 129442129
45005259 129442129
57463430 44928772
45006309 129442129
45006309 44928772
112947320 44928772
44928772 129442129
44928772 55254091
44928772 140116369
282645250 44928772
127864641 21651335
55254091 44928772
535643827 129442129
30225016 44928772
284656920 129442129
284656920 140116369
