152486528 58263593
152486528 83954865
152486528 44759107
152486528 57643355
152486528 57645685
152486528 99951092
152486528 6883527
152486528 57647607
152486528 175159327
152486528 130237313
152486528 50618411
152486528 57650355
152486528 68953654
152486528 34831267
152486528 58100120
152486528 94363445
152486528 152581342
152486528 44754977
152486528 130338849
152486528 49232989
152486528 57647732
152486528 57589916
152486528 44757246
152486528 74627839
152851306 68953654
152851306 58100120
152851306 130338849
152851306 44759107
152851306 49232989
152851306 34831267
152851306 57650355
152851306 152905903
152851306 82637874
152851306 130237313
152851306 99951092
152851306 6883527
152851306 94363445
152851306 152486528
152851306 152931174
152851306 57589916
152851306 44757246
152851306 74627839
44759107 152582139
44759107 83561963
44759107 210197965
44759107 58100120
44759107 49232989
44759107 83954865
44759107 57650355
44759107 65367032
44759107 95060566
44759107 57647607
44759107 152931170
44759107 50854026
44759107 44754977
44759107 175159327
44759107 210263551
44759107 582189088
44759107 82637874
44759107 48177096
44759107 57647732
44759107 97087222
44759107 94363445
44759107 152911941
44759107 130237313
44759107 152581342
44759107 58263593
44759107 11375154
44759107 68953654
44759107 99951092
44759107 57648320
44759107 6883527
44759107 130013947
44759107 152905903
44759107 57643355
44759107 130338849
44759107 34831267
44759107 50618411
44759107 57645685
44759107 152486528
44759107 152931174
44759107 57589916
44759107 44757246
44759107 33399766
44759107 152784955
44759107 74627839
44759107 152833810
44759107 152688254
94363445 57643355
94363445 152581342
94363445 58100120
94363445 31383610
94363445 44759107
94363445 49232989
94363445 34831267
94363445 50618411
94363445 57647607
94363445 44754977
94363445 175159327
94363445 99951092
94363445 6883527
94363445 57645685
94363445 152486528
94363445 44757246
94363445 74627839
99951092 83561963
99951092 210197965
99951092 58100120
99951092 49232989
99951092 83954865
99951092 57652509
99951092 57650355
99951092 65367032
99951092 155851981
99951092 62021178
99951092 57647607
99951092 152931170
99951092 28517785
99951092 44754977
99951092 175159327
99951092 582189088
99951092 82637874
99951092 48177096
99951092 152851306
99951092 57647732
99951092 97087222
99951092 57436618
99951092 94363445
99951092 152911941
99951092 147994301
99951092 210187445
99951092 57643355
99951092 130237313
99951092 152581342
99951092 57588357
99951092 58263593
99951092 11375154
99951092 68953654
99951092 31383610
99951092 44759626
99951092 130338849
99951092 65490056
99951092 152925107
99951092 44759107
99951092 34831267
99951092 6883527
99951092 50618411
99951092 152735088
99951092 130013947
99951092 174325537
99951092 152905903
99951092 57645685
99951092 152486528
99951092 57589916
99951092 44757246
99951092 33399766
99951092 152784955
99951092 74627839
99951092 152833810
99951092 152688254
130338849 83561963
130338849 210197965
130338849 83954865
130338849 57650355
130338849 57647607
130338849 152931170
130338849 44754977
130338849 175159327
130338849 582189088
130338849 82637874
130338849 57647732
130338849 152911941
130338849 152684686
130338849 130237313
130338849 152581342
130338849 58263593
130338849 68953654
130338849 99951092
130338849 65490056
130338849 6883527
130338849 152905903
130338849 57643355
130338849 44759107
130338849 34831267
130338849 50618411
130338849 57645685
130338849 152486528
130338849 152931174
130338849 57589916
130338849 44757246
130338849 152784955
130338849 74627839
152582139 57643355
152582139 58100120
152582139 44759107
152582139 83954865
152582139 6883527
152582139 44757246
152931170 57643355
152931170 152581342
152931170 58263593
152931170 210197965
152931170 68953654
152931170 58100120
152931170 31383610
152931170 130338849
152931170 44759107
152931170 49232989
152931170 34831267
152931170 83954865
152931170 57650355
152931170 50618411
152931170 57647607
152931170 44754977
152931170 175159327
152931170 57647732
152931170 99951092
152931170 6883527
152931170 94363445
152931170 57645685
152931170 152486528
152931170 57589916
152931170 74627839
152787144 58263593
152787144 34831267
152787144 57650355
152787144 57647607
152787144 130237313
152787144 57647732
152787144 57645685
152787144 74627839
68953654 83561963
68953654 58100120
68953654 49232989
68953654 83954865
68953654 57650355
68953654 65367032
68953654 62021178
68953654 57647607
68953654 152931170
68953654 28517785
68953654 44754977
68953654 175159327
68953654 210263551
68953654 582189088
68953654 82637874
68953654 152851306
68953654 57647732
68953654 97087222
68953654 94363445
68953654 152911941
68953654 57643355
68953654 130237313
68953654 152581342
68953654 58263593
68953654 99951092
68953654 31383610
68953654 57648320
68953654 130338849
68953654 152925107
68953654 44759107
68953654 34831267
68953654 6883527
68953654 50618411
68953654 130013947
68953654 152905903
68953654 57645685
68953654 152486528
68953654 152931174
68953654 57589916
68953654 44757246
68953654 33399766
68953654 74627839
68953654 152688254
152632525 57643355
152632525 152581342
152632525 68953654
152632525 58100120
152632525 130338849
152632525 44759107
152632525 83954865
152632525 152735088
152632525 62021178
152632525 57647607
152632525 44754977
152632525 99951092
152632525 6883527
152632525 94363445
152632525 57645685
152632525 44757246
152632525 74627839
44754977 57643355
44754977 152581342
44754977 83561963
44754977 58263593
44754977 210197965
44754977 68953654
44754977 58100120
44754977 130338849
44754977 44759107
44754977 49232989
44754977 34831267
44754977 83954865
44754977 57650355
44754977 50618411
44754977 57647607
44754977 152905903
44754977 152931170
44754977 175159327
44754977 582189088
44754977 58166309
44754977 130237313
44754977 57647732
44754977 99951092
44754977 97087222
44754977 6883527
44754977 94363445
44754977 152684686
44754977 57645685
44754977 152486528
44754977 57589916
44754977 44757246
44754977 74627839
44754977 152833810
95060566 57643355
95060566 58100120
95060566 44759107
95060566 34831267
95060566 210192364
95060566 94363445
57645685 34831267
57645685 175159327
57645685 152931170
57645685 57650355
57645685 6883527
57645685 68953654
57645685 83954865
57645685 99951092
57645685 44759107
57645685 58263593
57645685 94363445
57645685 82637874
57645685 49232989
57645685 57647607
57645685 50854026
57645685 130338849
57645685 168908357
57645685 97087222
57645685 210263551
57645685 57588357
57645685 152905903
57645685 174325537
57645685 130237313
57645685 57586254
57645685 58100120
57645685 57643355
57645685 152925107
57645685 83561963
57645685 130013947
57645685 152567108
57645685 152731860
57645685 155831199
57645685 582189088
57645685 57647732
57645685 57648320
57645685 44754977
57645685 50618411
57645685 210197965
57645685 28517785
57645685 152684686
57645685 152787144
57645685 152581342
57645685 152632525
57645685 210187415
57645685 310639060
57645685 152630422
57645685 11375154
57645685 31383610
57645685 152576054
57645685 581854746
57645685 152486528
57645685 152931174
57645685 57589916
57645685 44757246
57645685 152784955
57645685 74627839
57645685 152907798
57645685 152833810
57645685 152688254
57588357 310639060
57588357 49232989
57588357 57650355
57588357 57647607
57588357 82637874
57588357 94363445
57588357 57643355
57588357 58263593
57588357 99951092
57588357 31383610
57588357 57648320
57588357 130338849
57588357 44759107
57588357 34831267
57588357 6883527
57588357 50618411
57588357 57645685
57588357 57589916
57588357 44757246
57588357 74627839
147994301 57643355
147994301 152581342
147994301 68953654
147994301 58100120
147994301 44759107
147994301 49232989
147994301 34831267
147994301 57650355
147994301 50618411
147994301 57647607
147994301 58166309
147994301 57647732
147994301 99951092
147994301 6883527
147994301 94363445
147994301 57645685
147994301 152486528
147994301 57589916
147994301 44757246
147994301 74627839
49232989 152567108
49232989 152581342
49232989 58263593
49232989 68953654
49232989 58100120
49232989 31383610
49232989 44759107
49232989 34831267
49232989 83954865
49232989 57650355
49232989 57647607
49232989 152905903
49232989 44754977
49232989 175159327
49232989 82637874
49232989 58166309
49232989 11375154
49232989 57647732
49232989 99951092
49232989 168908357
49232989 152734522
49232989 6883527
49232989 94363445
49232989 152911941
49232989 57645685
49232989 152486528
49232989 57589916
49232989 44757246
49232989 152784955
49232989 74627839
152734242 44759107
152734242 210187415
57589916 49232989
57589916 28517785
57589916 83954865
57589916 58263593
57589916 57645685
57589916 175159327
57589916 57650355
57589916 31383610
57589916 152911941
57589916 6883527
57589916 130338849
57589916 57436618
57589916 99951092
57589916 68953654
57589916 152925107
57589916 57588357
57589916 97087222
57589916 83561963
57589916 57647607
57589916 82637874
57589916 50618411
57589916 152931170
57589916 57643355
57589916 65490056
57589916 152851306
57589916 152486528
57589916 44759107
57589916 58100120
57589916 48177096
57589916 34831267
57589916 130237313
57589916 101697247
57589916 7683632
57589916 57586254
57589916 152931174
57589916 57648320
57589916 152905903
57589916 155831199
57589916 11375154
57589916 152582139
57589916 58112040
57589916 65367032
57589916 155851981
57589916 44754977
57589916 163446943
57589916 210197965
57589916 57647732
57589916 130013947
57589916 44759626
57589916 210187415
57589916 147994301
57589916 152581342
57589916 538251683
57589916 94363445
57589916 44757246
57589916 33399766
57589916 152784955
57589916 74627839
57589916 152907798
57589916 152833810
57589916 152688254
58263593 152567108
58263593 83561963
58263593 210197965
58263593 58100120
58263593 49232989
58263593 83954865
58263593 57650355
58263593 57647607
58263593 152931170
58263593 28517785
58263593 44754977
58263593 175159327
58263593 152731860
58263593 163817345
58263593 210263551
58263593 82637874
58263593 57647732
58263593 57586254
58263593 210187415
58263593 97087222
58263593 152787144
58263593 152734522
58263593 57436618
58263593 94363445
58263593 152911941
58263593 152684686
58263593 57643355
58263593 130237313
58263593 152581342
58263593 57588357
58263593 68953654
58263593 99951092
58263593 31383610
58263593 57648320
58263593 130338849
58263593 44759107
58263593 168908357
58263593 34831267
58263593 6883527
58263593 50618411
58263593 152905903
58263593 57645685
58263593 152486528
58263593 582283968
58263593 152931174
58263593 57589916
58263593 44757246
58263593 33399766
58263593 152784955
58263593 74627839
58263593 152833810
58263593 152688254
57643355 152582139
57643355 152567108
57643355 83561963
57643355 210197965
57643355 58100120
57643355 83954865
57643355 57650355
57643355 65367032
57643355 95060566
57643355 62021178
57643355 57647607
57643355 152931170
57643355 28517785
57643355 44754977
57643355 175159327
57643355 163817345
57643355 210263551
57643355 582189088
57643355 82637874
57643355 48177096
57643355 152851306
57643355 152604185
57643355 57647732
57643355 97087222
57643355 94363445
57643355 152911941
57643355 152684686
57643355 147994301
57643355 130237313
57643355 152581342
57643355 57588357
57643355 58263593
57643355 68953654
57643355 99951092
57643355 31383610
57643355 57648320
57643355 65490056
57643355 152925107
57643355 168908357
57643355 6883527
57643355 130013947
57643355 152905903
57643355 130338849
57643355 44759107
57643355 34831267
57643355 50618411
57643355 57645685
57643355 152486528
57643355 152931174
57643355 57589916
57643355 44757246
57643355 33399766
57643355 152784955
57643355 74627839
57643355 152907798
57643355 152688254
83561963 57643355
83561963 152581342
83561963 58263593
83561963 68953654
83561963 58100120
83561963 130338849
83561963 44759107
83561963 34831267
83561963 83954865
83561963 57650355
83561963 62021178
83561963 50618411
83561963 57647607
83561963 152925107
83561963 44754977
83561963 175159327
83561963 152731860
83561963 82637874
83561963 130237313
83561963 99951092
83561963 6883527
83561963 152684686
83561963 210187445
83561963 57645685
83561963 57589916
83561963 44757246
83561963 74627839
58166309 49232989
58166309 44754977
58166309 6883527
28517785 57643355
28517785 58263593
28517785 68953654
28517785 58100120
28517785 83954865
28517785 62021178
28517785 50618411
28517785 57648320
28517785 163817345
28517785 130237313
28517785 99951092
28517785 6883527
28517785 57645685
28517785 57589916
210192364 34831267
210192364 95060566
210192364 50618411
210192364 175159327
210192364 6883527
210192364 94363445
152925107 83561963
152925107 58100120
152925107 57647607
152925107 152851306
152925107 94363445
152925107 68953654
152925107 99951092
152925107 130338849
152925107 44759107
152925107 34831267
152925107 6883527
152925107 50618411
152925107 57645685
152925107 152486528
152925107 57589916
152925107 44757246
152925107 33399766
152925107 152784955
152925107 74627839
582283968 58263593
582283968 58100120
130013947 58100120
130013947 49232989
130013947 57650355
130013947 94363445
130013947 57643355
130013947 152581342
130013947 68953654
130013947 99951092
130013947 44759107
130013947 34831267
130013947 6883527
130013947 57645685
130013947 152486528
130013947 57589916
130013947 44757246
130013947 74627839
152931174 152851306
152931174 68953654
152931174 58263593
152931174 57643355
152931174 50618411
152931174 34831267
152931174 57650355
152931174 58100120
152931174 6883527
152931174 57647607
152931174 44759107
152931174 49232989
152931174 57645685
152931174 94363445
152931174 130338849
152931174 57589916
152931174 44757246
155831199 152581342
155831199 68953654
155831199 58100120
155831199 57645685
33399766 58263593
33399766 57647607
33399766 175159327
33399766 57650355
33399766 57589916
33399766 44757246
33399766 57643355
33399766 130237313
33399766 44759107
33399766 58100120
33399766 99951092
33399766 68953654
33399766 6883527
33399766 34831267
33399766 152925107
33399766 83954865
33399766 74627839
57586254 57643355
57586254 58263593
57586254 68953654
57586254 44759107
57586254 49232989
57586254 83954865
57586254 57647607
57586254 6883527
57586254 94363445
57586254 57645685
57586254 57589916
57586254 44757246
57586254 74627839
48177096 57643355
48177096 44759107
48177096 49232989
48177096 50618411
48177096 57647607
48177096 130237313
48177096 97087222
48177096 6883527
48177096 94363445
48177096 57589916
48177096 44757246
48177096 74627839
152693928 44754977
152907798 94363445
152907798 6883527
152907798 175159327
152907798 57643355
152907798 44759107
152907798 44757246
152907798 57647607
152907798 57645685
152907798 74627839
152907798 68953654
152907798 152905903
152907798 49232989
152907798 82637874
152907798 50618411
57650355 57643355
57650355 152567108
57650355 152581342
57650355 310639060
57650355 83561963
57650355 58263593
57650355 210197965
57650355 68953654
57650355 58100120
57650355 31383610
57650355 130338849
57650355 44759107
57650355 49232989
57650355 34831267
57650355 83954865
57650355 152735088
57650355 57652509
57650355 50618411
57650355 57647607
57650355 152905903
57650355 152931170
57650355 57648320
57650355 44759626
57650355 44754977
57650355 175159327
57650355 82637874
57650355 152851306
57650355 130237313
57650355 57588357
57650355 57647732
57650355 99951092
57650355 152787144
57650355 152734522
57650355 6883527
57650355 57436618
57650355 94363445
57650355 152911941
57650355 130013947
57650355 152684686
57650355 147994301
57650355 210187445
57650355 57645685
57650355 152486528
57650355 152931174
57650355 57589916
57650355 44757246
57650355 33399766
57650355 74627839
57650355 152833810
174325537 49232989
174325537 94363445
174325537 6883527
174325537 57645685
163446943 58100120
163446943 130237313
163446943 6883527
163446943 94363445
163446943 44757246
152630422 57643355
152630422 58100120
152630422 31383610
152630422 44759107
152630422 34831267
152630422 6883527
152630422 57645685
152630422 152486528
11375154 49232989
11375154 57647732
11375154 57643355
11375154 152581342
11375154 68953654
11375154 99951092
11375154 44759107
11375154 34831267
11375154 6883527
11375154 50618411
11375154 57645685
11375154 57589916
11375154 44757246
11375154 74627839
65367032 57643355
65367032 130338849
65367032 34831267
65367032 57647607
65367032 99951092
65367032 6883527
65367032 44757246
65367032 74627839
130237313 83561963
130237313 210197965
130237313 298856178
130237313 58100120
130237313 49232989
130237313 83954865
130237313 57650355
130237313 163446943
130237313 62021178
130237313 57647607
130237313 28517785
130237313 44754977
130237313 175159327
130237313 152731860
130237313 210263551
130237313 82637874
130237313 48177096
130237313 152851306
130237313 57647732
130237313 152787144
130237313 94363445
130237313 57643355
130237313 152581342
130237313 58263593
130237313 68953654
130237313 99951092
130237313 31383610
130237313 57648320
130237313 130338849
130237313 44759107
130237313 6883527
130237313 50618411
130237313 152905903
130237313 57645685
130237313 152486528
130237313 57589916
130237313 44757246
130237313 33399766
130237313 152784955
130237313 74627839
130237313 152688254
538251683 6883527
57652509 57643355
57652509 58263593
57652509 58100120
57652509 44759107
57652509 49232989
57652509 57650355
57652509 152934620
57652509 57648320
57652509 99951092
57652509 6883527
57652509 44757246
57652509 74627839
210263551 57643355
210263551 58263593
210263551 68953654
210263551 58100120
210263551 44759107
210263551 49232989
210263551 34831267
210263551 83954865
210263551 50618411
210263551 57647607
210263551 582189088
210263551 130237313
210263551 6883527
210263551 94363445
210263551 57645685
210263551 57589916
210263551 44757246
210263551 74627839
152784955 57645685
152784955 130237313
152784955 44759107
152784955 57647607
152784955 50618411
152784955 130338849
152784955 99951092
152784955 58263593
152784955 58100120
152784955 6883527
152784955 49232989
152784955 57589916
152784955 34831267
152784955 57643355
152784955 74627839
57648320 310639060
57648320 49232989
57648320 57652509
57648320 57650355
57648320 57647607
57648320 152931170
57648320 28517785
57648320 175159327
57648320 163817345
57648320 582189088
57648320 82637874
57648320 94363445
57648320 57643355
57648320 130237313
57648320 57588357
57648320 58263593
57648320 68953654
57648320 130338849
57648320 44759107
57648320 34831267
57648320 6883527
57648320 152905903
57648320 62021178
57648320 57645685
57648320 33399766
57648320 152784955
57648320 74627839
57648320 152833810
298856178 57643355
298856178 130237313
175159327 57643355
175159327 152581342
175159327 83561963
175159327 58263593
175159327 68953654
175159327 58100120
175159327 31383610
175159327 130338849
175159327 44759107
175159327 49232989
175159327 34831267
175159327 83954865
175159327 57650355
175159327 95060566
175159327 210192364
175159327 50618411
175159327 57647607
175159327 57648320
175159327 44754977
175159327 57647732
175159327 99951092
175159327 6883527
175159327 94363445
175159327 152684686
175159327 210187445
175159327 57645685
175159327 152486528
175159327 57589916
175159327 44757246
175159327 33399766
175159327 152784955
175159327 74627839
175159327 152688254
155851981 99951092
34831267 152567108
34831267 83561963
34831267 210197965
34831267 58100120
34831267 49232989
34831267 83954865
34831267 57650355
34831267 65367032
34831267 57647607
34831267 152931170
34831267 152630422
34831267 44754977
34831267 175159327
34831267 152731860
34831267 582189088
34831267 82637874
34831267 152851306
34831267 57647732
34831267 152787144
34831267 152734522
34831267 57436618
34831267 94363445
34831267 152911941
34831267 152684686
34831267 152581342
34831267 57588357
34831267 58263593
34831267 11375154
34831267 68953654
34831267 99951092
34831267 31383610
34831267 57648320
34831267 44759626
34831267 6883527
34831267 152905903
34831267 57643355
34831267 130338849
34831267 44759107
34831267 50618411
34831267 57645685
34831267 152486528
34831267 152931174
34831267 57589916
34831267 44757246
34831267 33399766
34831267 152784955
34831267 74627839
34831267 152833810
62021178 57643355
62021178 152581342
62021178 83561963
62021178 68953654
62021178 31383610
62021178 28517785
62021178 152632525
62021178 152604185
62021178 130237313
62021178 99951092
62021178 97087222
62021178 6883527
62021178 210187445
62021178 57648320
62021178 44757246
62021178 74627839
7683632 44759107
7683632 6883527
152911941 57643355
152911941 58263593
152911941 68953654
152911941 58100120
152911941 130338849
152911941 44759107
152911941 49232989
152911941 34831267
152911941 83954865
152911941 57650355
152911941 57647607
152911941 99951092
152911941 6883527
152911941 94363445
152911941 57589916
152688254 97087222
152688254 175159327
152688254 68953654
152688254 57589916
152688254 130237313
152688254 58263593
152688254 99951092
152688254 152567108
152688254 44759107
152688254 58100120
152688254 57645685
152688254 74627839
152688254 57643355
50854026 68953654
50854026 58100120
50854026 44759107
50854026 49232989
50854026 83954865
50854026 57647732
50854026 6883527
50854026 94363445
50854026 210187445
50854026 57645685
50854026 44757246
152731860 57643355
152731860 83561963
152731860 58263593
152731860 68953654
152731860 58100120
152731860 44759107
152731860 49232989
152731860 34831267
152731860 57647607
152731860 57648320
152731860 58166309
152731860 130237313
152731860 6883527
152731860 94363445
152731860 57645685
152731860 152486528
152731860 44757246
210187445 57643355
210187445 152581342
210187445 83561963
210187445 210197965
210187445 68953654
210187445 58100120
210187445 130338849
210187445 65490056
210187445 44759107
210187445 49232989
210187445 34831267
210187445 83954865
210187445 57650355
210187445 62021178
210187445 50618411
210187445 57647607
210187445 44754977
210187445 175159327
210187445 57647732
210187445 99951092
210187445 6883527
210187445 94363445
210187445 152486528
210187445 44757246
210187445 74627839
58112040 58100120
58112040 49232989
43708316 57643355
43708316 58100120
43708316 31383610
43708316 44759107
43708316 49232989
43708316 34831267
43708316 83954865
43708316 50618411
43708316 6883527
43708316 94363445
43708316 152486528
43708316 44757246
82637874 57643355
82637874 83561963
82637874 58263593
82637874 68953654
82637874 58100120
82637874 130338849
82637874 44759107
82637874 49232989
82637874 34831267
82637874 83954865
82637874 57650355
82637874 50618411
82637874 57647607
82637874 57648320
82637874 44754977
82637874 163817345
82637874 152851306
82637874 130237313
82637874 57588357
82637874 210187415
82637874 99951092
82637874 6883527
82637874 94363445
82637874 57645685
82637874 57589916
82637874 44757246
82637874 74627839
82637874 152907798
82637874 152688254
65490056 58100120
65490056 94363445
65490056 57643355
65490056 152581342
65490056 130338849
65490056 6883527
65490056 57589916
65490056 74627839
57647607 57643355
57647607 152581342
57647607 83561963
57647607 58263593
57647607 68953654
57647607 58100120
57647607 31383610
57647607 130338849
57647607 44759107
57647607 49232989
57647607 34831267
57647607 83954865
57647607 57650355
57647607 65367032
57647607 50618411
57647607 152931170
57647607 44759626
57647607 44754977
57647607 175159327
57647607 82637874
57647607 48177096
57647607 130237313
57647607 57647732
57647607 210187415
57647607 99951092
57647607 6883527
57647607 94363445
57647607 152911941
57647607 130013947
57647607 210187445
57647607 57645685
57647607 152486528
57647607 582283968
57647607 57589916
57647607 44757246
57647607 33399766
57647607 152784955
57647607 74627839
57647607 152833810
57647607 152688254
101697247 130338849
101697247 44754977
101697247 6883527
101697247 74627839
101697247 57589916
152567108 57643355
152567108 152581342
152567108 310639060
152567108 58263593
152567108 58100120
152567108 130338849
152567108 44759107
152567108 49232989
152567108 34831267
152567108 83954865
152567108 57650355
152567108 57647607
152567108 152931170
152567108 58166309
152567108 57647732
152567108 210187415
152567108 6883527
152567108 94363445
152567108 57645685
152567108 152486528
152567108 44757246
152567108 152688254
57436618 57643355
57436618 58263593
57436618 68953654
57436618 58100120
57436618 44759107
57436618 49232989
57436618 34831267
57436618 57650355
57436618 57647607
57436618 44754977
57436618 175159327
57436618 99951092
57436618 6883527
57436618 94363445
57436618 57645685
57436618 57589916
57436618 74627839
152734522 57643355
152734522 58263593
152734522 68953654
152734522 58100120
152734522 49232989
152734522 34831267
152734522 57650355
152734522 57647607
152734522 57647732
152734522 6883527
152734522 94363445
152734522 152486528
152734522 44757246
152734522 74627839
57647732 57643355
57647732 152567108
57647732 152581342
57647732 58263593
57647732 210197965
57647732 68953654
57647732 58100120
57647732 152576054
57647732 31383610
57647732 130338849
57647732 44759107
57647732 49232989
57647732 34831267
57647732 83954865
57647732 57650355
57647732 50618411
57647732 57647607
57647732 152905903
57647732 152931170
57647732 44759626
57647732 50854026
57647732 44754977
57647732 175159327
57647732 163817345
57647732 582189088
57647732 130237313
57647732 11375154
57647732 99951092
57647732 152787144
57647732 152734522
57647732 6883527
57647732 147994301
57647732 210187445
57647732 57645685
57647732 152486528
57647732 57589916
57647732 44757246
57647732 74627839
210187415 57643355
210187415 152581342
210187415 58263593
210187415 49232989
210187415 152735088
210187415 50618411
210187415 57647607
210187415 44754977
210187415 82637874
210187415 152734242
210187415 6883527
210187415 94363445
210187415 57645685
210187415 152486528
50618411 152582139
50618411 83561963
50618411 210197965
50618411 58100120
50618411 83954865
50618411 57650355
50618411 57647607
50618411 152931170
50618411 28517785
50618411 44754977
50618411 175159327
50618411 163817345
50618411 210263551
50618411 582189088
50618411 82637874
50618411 48177096
50618411 57647732
50618411 57586254
50618411 210187415
50618411 97087222
50618411 94363445
50618411 152684686
50618411 130237313
50618411 152581342
50618411 57588357
50618411 58263593
50618411 11375154
50618411 68953654
50618411 99951092
50618411 31383610
50618411 44759626
50618411 152925107
50618411 6883527
50618411 130013947
50618411 174325537
50618411 152905903
50618411 57643355
50618411 130338849
50618411 44759107
50618411 34831267
50618411 57645685
50618411 152486528
50618411 57589916
50618411 44757246
50618411 152784955
50618411 74627839
50618411 152907798
50618411 152833810
152684686 57643355
152684686 83561963
152684686 58263593
152684686 210197965
152684686 68953654
152684686 58100120
152684686 130338849
152684686 44759107
152684686 49232989
152684686 34831267
152684686 83954865
152684686 57650355
152684686 50618411
152684686 57647607
152684686 44754977
152684686 175159327
152684686 94363445
152684686 57645685
152684686 44757246
152684686 152784955
152684686 74627839
152833810 57643355
152833810 58263593
152833810 57647607
152833810 57589916
152833810 57645685
152833810 58100120
152833810 34831267
152833810 99951092
152833810 74627839
152833810 44759107
152833810 44757246
152833810 152486528
152833810 152581342
152833810 68953654
152833810 94363445
152833810 6883527
152833810 57648320
152833810 44754977
152833810 50618411
152833810 58166309
152833810 57650355
152581342 152567108
152581342 83561963
152581342 58100120
152581342 49232989
152581342 83954865
152581342 57650355
152581342 62021178
152581342 57647607
152581342 44754977
152581342 175159327
152581342 57647732
152581342 94363445
152581342 155831199
152581342 210187445
152581342 57643355
152581342 130237313
152581342 58263593
152581342 68953654
152581342 99951092
152581342 130338849
152581342 65490056
152581342 44759107
152581342 34831267
152581342 6883527
152581342 50618411
152581342 57645685
152581342 152486528
152581342 57589916
152581342 44757246
152581342 152784955
152581342 74627839
152581342 152833810
97087222 57643355
97087222 58263593
97087222 44759107
97087222 49232989
97087222 62021178
97087222 50618411
97087222 44754977
97087222 99951092
97087222 6883527
97087222 57645685
97087222 57589916
97087222 44757246
97087222 152688254
152934620 94363445
152934620 6883527
582189088 57643355
582189088 152581342
582189088 68953654
582189088 58100120
582189088 130338849
582189088 44759107
582189088 34831267
582189088 83954865
582189088 50618411
582189088 57647607
582189088 44754977
582189088 210263551
582189088 57647732
582189088 99951092
582189088 6883527
582189088 94363445
582189088 57645685
582189088 44757246
549683560 44759107
152905903 58100120
152905903 49232989
152905903 57650355
152905903 57647607
152905903 44754977
152905903 175159327
152905903 152851306
152905903 57647732
152905903 94363445
152905903 57643355
152905903 130237313
152905903 58263593
152905903 68953654
152905903 99951092
152905903 57648320
152905903 130338849
152905903 44759107
152905903 34831267
152905903 6883527
152905903 50618411
152905903 57645685
152905903 57589916
152905903 44757246
152905903 74627839
74627839 68953654
74627839 94363445
74627839 152925107
74627839 57647607
74627839 82637874
74627839 99951092
74627839 58263593
74627839 49232989
74627839 44757246
74627839 152931170
74627839 130338849
74627839 65490056
74627839 50618411
74627839 6883527
74627839 130237313
74627839 34831267
74627839 210263551
74627839 58100120
74627839 48177096
74627839 152486528
74627839 57650355
74627839 152905903
74627839 57645685
74627839 57643355
74627839 44759107
74627839 130013947
74627839 62021178
74627839 57589916
74627839 31383610
74627839 152851306
74627839 175159327
74627839 152911941
74627839 152784955
74627839 57586254
74627839 65367032
74627839 83954865
74627839 44759626
74627839 83561963
74627839 11375154
74627839 57647732
74627839 155831199
74627839 57648320
74627839 44754977
74627839 57588357
74627839 152630422
74627839 210187445
74627839 152581342
74627839 210197965
74627839 152632525
74627839 33399766
74627839 310639060
74627839 152734242
74627839 152833810
74627839 152688254
168908357 49232989
168908357 57647607
168908357 94363445
168908357 58263593
168908357 6883527
168908357 57645685
168908357 74627839
152446963 6883527
310639060 57643355
310639060 152567108
310639060 58100120
310639060 44759107
310639060 34831267
310639060 57650355
310639060 57647607
310639060 57648320
310639060 57588357
310639060 6883527
310639060 94363445
310639060 57645685
310639060 152486528
310639060 74627839
44759626 58100120
44759626 49232989
44759626 57650355
44759626 57647607
44759626 58166309
44759626 57647732
44759626 94363445
44759626 57643355
44759626 99951092
44759626 34831267
44759626 6883527
44759626 50618411
44759626 152486528
44759626 57589916
44759626 74627839
58100120 57643355
58100120 152582139
58100120 152567108
58100120 152581342
58100120 310639060
58100120 83561963
58100120 58263593
58100120 210197965
58100120 68953654
58100120 31383610
58100120 581854746
58100120 65490056
58100120 44759107
58100120 49232989
58100120 34831267
58100120 83954865
58100120 152735088
58100120 57650355
58100120 65367032
58100120 163446943
58100120 95060566
58100120 50618411
58100120 174325537
58100120 57647607
58100120 43708316
58100120 152905903
58100120 152931170
58100120 28517785
58100120 152630422
58100120 57648320
58100120 44759626
58100120 152925107
58100120 50854026
58100120 44754977
58100120 175159327
58100120 210263551
58100120 582189088
58100120 82637874
58100120 152851306
58100120 130237313
58100120 57647732
58100120 99951092
58100120 97087222
58100120 152734522
58100120 6883527
58100120 94363445
58100120 152911941
58100120 130013947
58100120 155831199
58100120 210187445
58100120 58112040
58100120 57645685
58100120 152486528
58100120 582283968
58100120 152931174
58100120 57589916
58100120 44757246
58100120 33399766
58100120 152784955
58100120 74627839
58100120 152833810
58100120 152688254
152735088 58100120
152735088 49232989
152735088 57650355
152735088 57647607
152735088 152632525
152735088 94363445
152735088 210187445
152735088 68953654
152735088 57648320
152735088 152486528
152735088 57589916
152735088 44757246
163817345 57643355
163817345 58263593
163817345 50618411
163817345 28517785
163817345 57648320
163817345 82637874
163817345 152851306
163817345 57647732
163817345 6883527
83954865 57643355
83954865 152582139
83954865 152567108
83954865 152581342
83954865 83561963
83954865 58263593
83954865 210197965
83954865 68953654
83954865 58100120
83954865 130338849
83954865 44759107
83954865 49232989
83954865 34831267
83954865 57650355
83954865 50618411
83954865 57647607
83954865 43708316
83954865 152931170
83954865 28517785
83954865 152632525
83954865 50854026
83954865 44754977
83954865 175159327
83954865 210263551
83954865 582189088
83954865 82637874
83954865 130237313
83954865 57647732
83954865 57586254
83954865 99951092
83954865 6883527
83954865 152911941
83954865 152684686
83954865 210187445
83954865 57645685
83954865 152486528
83954865 57589916
83954865 44757246
83954865 33399766
83954865 74627839
210197965 57643355
210197965 58263593
210197965 58100120
210197965 152576054
210197965 130338849
210197965 44759107
210197965 34831267
210197965 83954865
210197965 57650355
210197965 50618411
210197965 57647607
210197965 152931170
210197965 44754977
210197965 130237313
210197965 57647732
210197965 99951092
210197965 6883527
210197965 94363445
210197965 210187445
210197965 57645685
210197965 57589916
210197965 44757246
210197965 74627839
581854746 57645685
581854746 94363445
581854746 6883527
44757246 57588357
44757246 57645685
44757246 49232989
44757246 68953654
44757246 50618411
44757246 57589916
44757246 58263593
44757246 34831267
44757246 152486528
44757246 44759107
44757246 6883527
44757246 130237313
44757246 99951092
44757246 57647607
44757246 152851306
44757246 83954865
44757246 57643355
44757246 175159327
44757246 83561963
44757246 152905903
44757246 58100120
44757246 94363445
44757246 57650355
44757246 97087222
44757246 62021178
44757246 152925107
44757246 31383610
44757246 57586254
44757246 130338849
44757246 152931174
44757246 65367032
44757246 163446943
44757246 582189088
44757246 210263551
44757246 44754977
44757246 57647732
44757246 210197965
44757246 152684686
44757246 147994301
44757246 82637874
44757246 152567108
44757246 48177096
44757246 152581342
44757246 43708316
44757246 50854026
44757246 152576054
44757246 152582139
44757246 11375154
44757246 152731860
44757246 152735088
44757246 57652509
44757246 210187445
44757246 152632525
44757246 152734522
44757246 130013947
44757246 33399766
44757246 74627839
44757246 152907798
44757246 152833810
152576054 210197965
152576054 57652509
152576054 57647732
152576054 94363445
152576054 57643355
152576054 152581342
152576054 68953654
152576054 6883527
152576054 57645685
152576054 152486528
152576054 44757246
152576054 74627839
152604185 57643355
152604185 49232989
152604185 62021178
152604185 6883527
152604185 94363445
6883527 152567108
6883527 83561963
6883527 210197965
6883527 298856178
6883527 58100120
6883527 49232989
6883527 83954865
6883527 57650355
6883527 65367032
6883527 62021178
6883527 57647607
6883527 152931170
6883527 44754977
6883527 175159327
6883527 163817345
6883527 210263551
6883527 82637874
6883527 57647732
6883527 57586254
6883527 97087222
6883527 94363445
6883527 152911941
6883527 57643355
6883527 130237313
6883527 152581342
6883527 58263593
6883527 68953654
6883527 99951092
6883527 31383610
6883527 57648320
6883527 130338849
6883527 152925107
6883527 44759107
6883527 34831267
6883527 50618411
6883527 130013947
6883527 152905903
6883527 57645685
6883527 152486528
6883527 152931174
6883527 57589916
6883527 44757246
6883527 152784955
6883527 74627839
31383610 58100120
31383610 49232989
31383610 57650355
31383610 62021178
31383610 57647607
31383610 43708316
31383610 152931170
31383610 152630422
31383610 44754977
31383610 175159327
31383610 82637874
31383610 57647732
31383610 94363445
31383610 57643355
31383610 130237313
31383610 57588357
31383610 58263593
31383610 68953654
31383610 99951092
31383610 130338849
31383610 44759107
31383610 34831267
31383610 6883527
31383610 50618411
31383610 57645685
31383610 152486528
31383610 57589916
31383610 44757246
