9724224 58425181
9724224 55589739
193670318 55589739
44176429 58425181
58425181 44176429
58425181 30785542
58425181 55589739
58425181 57644332
58425181 36552977
58425181 9724224
54321174 177929910
226234636 55589739
231984408 55589739
357815527 177929910
318174765 55589739
57644332 58425181
163804465 55589739
163804564 52452237
163804564 52450086
163804564 218342390
164356157 218342390
164356157 55589739
41433191 177929910
41433191 55589739
710800109 177929910
710800109 54320989
37586539 364062722
10405449 55589739
55589739 218342390
55589739 44755081
55589739 52451297
55589739 52452237
55589739 128262977
55589739 72125330
36552977 58425181
218342390 55589739
36972494 55589739
26965068 55589739
177929910 54321174
177929910 364062722
177929910 710800109
177929910 357815527
177929910 41433191
177929910 55589739
54496143 52452237
54496143 55054373
54496143 55589739
36816162 55589739
44755081 55589739
13899963 55589739
13899963 218342390
13899963 72125330
52451297 128262977
52451297 55589739
52451297 72125330
52451297 52450086
50637442 55589739
327553562 55589739
128262977 218342390
128262977 55589739
323624262 55589739
152713722 55589739
152713722 72125330
130386996 55589739
55054373 52452237
55054373 128262977
55054373 55589739
55054373 72125330
52450086 52452237
52450086 218342390
52450086 55589739
52450086 163804564
52450086 52451297
52452237 55054373
52452237 218342390
52452237 55589739
52452237 72125330
72125330 52451297
72125330 55054373
72125330 13899963
72125330 152713722
72125330 55589739
72125330 128262977
72125330 52452237
54320989 710800109
54320989 55589739
30785542 58425181
52451950 55589739
212619618 55589739
591213821 55589739
364062722 177929910
364062722 37586539
