287760693 83553212
287760693 45452902
287760693 98958234
287760693 56971169
287760693 31764955
61556655 60076486
61556655 54437155
61556655 55002582
61556655 12227036
83553187 17013540
83553187 56971058
83553187 7892909
83553187 636975299
83553187 54435192
83553187 60076486
83553187 83553212
83553187 54616836
83553187 54968924
83553187 56970932
83553187 50741628
83553187 45452902
83553187 61274792
83553187 45640320
83553187 98958234
83553187 59044843
83553187 18376307
83553187 54435482
83553187 67085097
83553187 54437852
83553187 74974847
83553187 7707360
83553187 54437155
83553187 56612916
83553187 52549778
83553187 54355377
83553187 12227036
83553187 54437440
83553187 31764955
7707360 60076486
7707360 45640320
7707360 61556655
7707360 83554824
7707360 61274792
7707360 45452902
7707360 45386190
7707360 54435192
7707360 56971492
7707360 12231849
7707360 114013927
7707360 55729841
7707360 54437155
7707360 52549778
7707360 57237530
7707360 54355377
7707360 12227036
54616836 54435192
54616836 60076486
54616836 156722669
54616836 54968924
54616836 56970932
54616836 56970976
54616836 50741628
54616836 45452902
54616836 54989890
54616836 45452853
54616836 45640320
54616836 56971169
54616836 67085097
54616836 54437407
54616836 54355377
54616836 12227036
54616836 54437440
54616836 31764955
54436365 7892909
54436365 55255135
54436365 56970932
54436365 54434936
54436365 54435482
54436365 67085097
54436365 56373868
54436365 54355377
54436365 54438913
54436365 31764955
54436365 54437440
54436365 12227036
142748923 60076486
55729841 60076486
55729841 45452902
55729841 45640320
55729841 59044843
55729841 67085097
55729841 7707360
55729841 54355377
55729841 54438913
55729841 12227036
12231849 60076486
12231849 45640320
12231849 67085097
12231849 61274792
12231849 130460539
12231849 7707360
12231849 52549778
12231849 54355377
12231849 12227036
83554824 54618566
83554824 54435192
83554824 60076486
83554824 156722669
83554824 33012302
83554824 54968924
83554824 56970932
83554824 54434936
83554824 45452902
83554824 61274792
83554824 20070555
83554824 7707360
83554824 54437155
83554824 12227036
83554824 54437440
61254863 60076486
61254863 67085097
61254863 54355377
61254863 12227036
55861008 55255135
55861008 54435192
55861008 60076486
55861008 156722669
55861008 83553212
55861008 54968924
55861008 56970932
55861008 83553187
55861008 45452902
55861008 45640320
55861008 56971169
55861008 18376307
55861008 67085097
55861008 54437852
55861008 29325157
55861008 7707360
55861008 54437155
55861008 56612916
55861008 54615431
55861008 52549778
55861008 55002582
55861008 54355377
55861008 12227036
55861008 54437440
55861008 31764955
169535996 54355377
59044843 17013540
59044843 55255135
59044843 54433443
59044843 72835290
59044843 55729841
59044843 60076486
59044843 33012302
59044843 83553212
59044843 56970932
59044843 83553187
59044843 54434936
59044843 45452902
59044843 54617776
59044843 34720813
59044843 45427602
59044843 56971169
59044843 54435482
59044843 67085097
59044843 54437852
59044843 56373868
59044843 54615431
59044843 54355377
59044843 54438913
59044843 56970803
59044843 12227036
59044843 54437440
59044843 31764955
54437347 54968924
54437347 45452902
54437347 54615431
54437347 54355377
54437347 17013540
54437347 45640320
54437347 56971492
54437347 60076486
54437347 12227036
54437155 61556655
54437155 60076486
54437155 7707360
54437155 45640320
54437155 33012302
54437155 83553187
54437155 83553212
54437155 20070555
54437155 50741628
54437155 12231849
54437155 67085097
54437155 45427602
54437155 54435192
54437155 54968924
54437155 16069376
54437155 31764955
54437155 55861008
54437155 130460539
54437155 18376307
54437155 56612916
54437155 57237530
54437155 54355377
54437155 12227036
54437155 54437440
156722669 60076486
156722669 54616836
156722669 83554824
156722669 56970932
156722669 55861008
156722669 61274792
156722669 31764955
156722669 54615431
156722669 54437407
54435192 17013540
54435192 56971058
54435192 60076486
54435192 83553212
54435192 54616836
54435192 83554824
54435192 54968924
54435192 56970932
54435192 83553187
54435192 50741628
54435192 45452902
54435192 45640320
54435192 98958234
54435192 54435482
54435192 67085097
54435192 7707360
54435192 54437155
54435192 54615431
54435192 52549778
54435192 54437407
54435192 54355377
54435192 12227036
54435192 31764955
55002582 55861008
55002582 61556655
55002582 45452902
55002582 47657759
55002582 98958234
55002582 60076486
55002582 54355377
55002582 12227036
54617776 45452902
54617776 59044843
54617776 54615431
29325157 54433443
29325157 56612916
29325157 54437440
10811858 12227036
31764955 55729841
31764955 156722669
31764955 54676021
31764955 61274792
31764955 287760693
31764955 54437155
31764955 52549778
31764955 83553212
31764955 54437852
31764955 54355377
31764955 17013540
31764955 67085097
31764955 45640320
31764955 59044843
31764955 55861008
31764955 56971058
31764955 56970932
31764955 60076486
31764955 12227036
31764955 45452902
31764955 54435192
31764955 55255135
31764955 54438913
31764955 7707360
31764955 45427602
31764955 33012302
31764955 54434936
31764955 54968924
31764955 54437440
31764955 34720813
31764955 56612916
31764955 54436365
31764955 54615431
31764955 18376307
31764955 16069376
57237530 7707360
57237530 20070555
57237530 83554824
57237530 83553187
57237530 16069376
57237530 54437155
57237530 45640320
57237530 12231849
57237530 130460539
57237530 56970932
57237530 60076486
57237530 45386190
57237530 54435482
57237530 45452902
57237530 67085097
57237530 512575170
57237530 17013540
57237530 54355377
57237530 54438913
57237530 12227036
54434638 60076486
54434638 12227036
54435482 54435192
54435482 45452902
54435482 54436365
54435482 330811789
54435482 59044843
54435482 17013540
54435482 83553187
54435482 54433443
54435482 60076486
54435482 67085097
54435482 52549778
54435482 57237530
54435482 54355377
54435482 12227036
54435482 54437440
67930008 12227036
605220233 83553212
605220233 12227036
605220233 98958234
56373868 59044843
56373868 54436365
56373868 98958234
56373868 56970932
56373868 60076486
56373868 54355377
56373868 12227036
102240494 17013540
102240494 61556655
102240494 60076486
102240494 54434936
102240494 45452902
102240494 45640320
102240494 57237530
102240494 12227036
102240494 54437440
45640320 17013540
45640320 56971058
45640320 55255135
45640320 54435192
45640320 61556655
45640320 61254863
45640320 169535996
45640320 16069376
45640320 60076486
45640320 33012302
45640320 83553212
45640320 130460539
45640320 56970932
45640320 83553187
45640320 50741628
45640320 55861008
45640320 47657759
45640320 287695806
45640320 45452902
45640320 61274792
45640320 45452853
45640320 45427602
45640320 18376307
45640320 20070555
45640320 67085097
45640320 54437852
45640320 29325157
45640320 12231849
45640320 74974847
45640320 7707360
45640320 54437155
45640320 56612916
45640320 52549778
45640320 57237530
45640320 54355377
45640320 54438913
45640320 12227036
45640320 54437440
45640320 31764955
54437407 54435192
54437407 57073077
54437407 83553212
54437407 45452902
54437407 60076486
54437407 54616836
54437407 156722669
54437407 56612916
54437407 54355377
54437407 12227036
287687374 45452902
54434936 61556655
54434936 102240494
54434936 60076486
54434936 83554824
54434936 54436365
54434936 45452902
54434936 45427602
54434936 59044843
54434936 12227036
54434936 31764955
56970932 56971058
56970932 55255135
56970932 54435192
56970932 54433443
56970932 169535996
56970932 16069376
56970932 60076486
56970932 330811789
56970932 156722669
56970932 33012302
56970932 54616836
56970932 57073077
56970932 83554824
56970932 54968924
56970932 83553187
56970932 54437506
56970932 54436365
56970932 45452902
56970932 61274792
56970932 54989890
56970932 45640320
56970932 59044843
56970932 20070555
56970932 67085097
56970932 54437852
56970932 7707360
56970932 56373868
56970932 54355377
56970932 54438913
56970932 12227036
56970932 54437440
56970932 31764955
54618566 12227036
54618566 45640320
54618566 83554824
68950093 60076486
68950093 12227036
287695806 45640320
56971492 45452902
56971492 7707360
56971492 54437347
56971492 12227036
54968924 60076486
54968924 33012302
54968924 56970932
54968924 45452902
54968924 54355377
54968924 54437347
54968924 12227036
56970976 56971058
56970976 45452902
56970976 54616836
13938921 60076486
13938921 33012302
13938921 12227036
39687123 12227036
67085097 83553187
67085097 61274792
67085097 61254863
67085097 60076486
67085097 45640320
67085097 50741628
67085097 83553212
67085097 59044843
67085097 72835290
67085097 98958234
67085097 56971169
67085097 54436365
67085097 55861008
67085097 45427602
67085097 56970932
67085097 20070555
67085097 55729841
67085097 54435482
67085097 54435192
67085097 33012302
67085097 45452902
67085097 54616836
67085097 54437852
67085097 12231849
67085097 54437155
67085097 57237530
67085097 54355377
67085097 12227036
67085097 31764955
45427602 60076486
45427602 330811789
45427602 83553212
45427602 130460539
45427602 54968924
45427602 54434936
45427602 45452902
45427602 59044843
45427602 67085097
45427602 54437155
45427602 54355377
45427602 12227036
45427602 31764955
54676021 60076486
54676021 54968924
54676021 50741628
54676021 31764955
54676021 54355377
54676021 54438913
54676021 12227036
54676021 54437440
130460539 60076486
130460539 45452902
130460539 45427602
130460539 56971169
130460539 12231849
130460539 54437155
130460539 12227036
330811789 60076486
330811789 56970932
330811789 45427602
330811789 54435482
330811789 54437852
330811789 12227036
330811789 54355377
18376307 55255135
18376307 60076486
18376307 54968924
18376307 83553187
18376307 50741628
18376307 54355377
18376307 12227036
18376307 31764955
33012302 55255135
33012302 60076486
33012302 83553212
33012302 83554824
33012302 54968924
33012302 56970932
33012302 50741628
33012302 45452902
33012302 45640320
33012302 98958234
33012302 59044843
33012302 67085097
33012302 54437155
33012302 12227036
33012302 31764955
60076486 56971058
60076486 7892909
60076486 55255135
60076486 54435192
60076486 61556655
60076486 72835290
60076486 287760147
60076486 55729841
60076486 16069376
60076486 330811789
60076486 156722669
60076486 33012302
60076486 54434638
60076486 83553212
60076486 130460539
60076486 54616836
60076486 83554824
60076486 54968924
60076486 56970932
60076486 83553187
60076486 45386190
60076486 50741628
60076486 55861008
60076486 54437506
60076486 114013927
60076486 47657759
60076486 45452902
60076486 61274792
60076486 45452853
60076486 45640320
60076486 98958234
60076486 45427602
60076486 59044843
60076486 56971169
60076486 18376307
60076486 20070555
60076486 54435482
60076486 67085097
60076486 54437852
60076486 12231849
60076486 74974847
60076486 7707360
60076486 54437155
60076486 56612916
60076486 56373868
60076486 52549778
60076486 55002582
60076486 57237530
60076486 54437407
60076486 54355377
60076486 54438913
60076486 54437347
60076486 12227036
60076486 54437440
60076486 31764955
12227036 12231849
12227036 52549778
12227036 61274792
12227036 57237530
12227036 45640320
12227036 7707360
12227036 60076486
12227036 54437852
12227036 17013540
12227036 83553212
12227036 54355377
12227036 55861008
12227036 67085097
12227036 57073077
12227036 61556655
12227036 55002582
12227036 54435192
12227036 54437155
12227036 56970932
12227036 61254863
12227036 130460539
12227036 54437347
12227036 54434638
12227036 54676021
12227036 18376307
12227036 50741628
12227036 83553187
12227036 33012302
12227036 161142518
12227036 56373868
12227036 114013927
12227036 55255135
12227036 83554824
12227036 34720813
12227036 56971058
12227036 54437407
12227036 54968924
12227036 54435482
12227036 54618566
12227036 59044843
12227036 45452853
12227036 55729841
12227036 45452902
12227036 54616836
12227036 56971492
12227036 54438913
12227036 54437506
12227036 54437440
12227036 31764955
636975299 45452902
636975299 83553187
57073077 56970932
57073077 54437407
57073077 54355377
57073077 12227036
114013927 60076486
114013927 50741628
114013927 7707360
114013927 12227036
45452853 56971058
45452853 16069376
45452853 60076486
45452853 54616836
45452853 54437506
45452853 45452902
45452853 45640320
45452853 54355377
45452853 12227036
52008823 50741628
72835290 98958234
47657759 60076486
47657759 54355377
161142518 12227036
56971058 54435192
56971058 60076486
56971058 56970932
56971058 83553187
56971058 56970976
56971058 50741628
56971058 45452902
56971058 45452853
56971058 45640320
56971058 98958234
56971058 54437852
56971058 54437155
56971058 54355377
56971058 12227036
56971058 54437440
56971058 31764955
83553212 17013540
83553212 54618566
83553212 55255135
83553212 54435192
83553212 605220233
83553212 16069376
83553212 60076486
83553212 33012302
83553212 54968924
83553212 83553187
83553212 45386190
83553212 50741628
83553212 55861008
83553212 54437506
83553212 54393035
83553212 45452902
83553212 287760693
83553212 45640320
83553212 45427602
83553212 59044843
83553212 56971169
83553212 67085097
83553212 54437852
83553212 54437155
83553212 54437407
83553212 54438913
83553212 12227036
83553212 54437440
83553212 31764955
61274792 17013540
61274792 55255135
61274792 54435192
61274792 60076486
61274792 156722669
61274792 83554824
61274792 54968924
61274792 56970932
61274792 50741628
61274792 45452902
61274792 45640320
61274792 67085097
61274792 12231849
61274792 7707360
61274792 54355377
61274792 12227036
55255135 61556655
55255135 60076486
55255135 33012302
55255135 83553212
55255135 54968924
55255135 56970932
55255135 54434413
55255135 54436365
55255135 45452902
55255135 61274792
55255135 45640320
55255135 59044843
55255135 18376307
55255135 54437852
55255135 7707360
55255135 54355377
55255135 12227036
55255135 54437440
55255135 31764955
45452902 17013540
45452902 56971058
45452902 54618566
45452902 636975299
45452902 55255135
45452902 54435192
45452902 55729841
45452902 102240494
45452902 60076486
45452902 156722669
45452902 33012302
45452902 83553212
45452902 130460539
45452902 54616836
45452902 83554824
45452902 54968924
45452902 56970932
45452902 83553187
45452902 54434936
45452902 56970976
45452902 50741628
45452902 55861008
45452902 287687374
45452902 61274792
45452902 287760693
45452902 54617776
45452902 45452853
45452902 45640320
45452902 98958234
45452902 45427602
45452902 59044843
45452902 56971169
45452902 54435482
45452902 67085097
45452902 54437852
45452902 7707360
45452902 54615431
45452902 55002582
45452902 57237530
45452902 54437407
45452902 54355377
45452902 54437347
45452902 12227036
45452902 54437440
45452902 31764955
45386190 61556655
45386190 83553212
45386190 54355377
45386190 54989890
512575170 57237530
56971169 169535996
56971169 60076486
56971169 83553212
56971169 130460539
56971169 54616836
56971169 83554824
56971169 83553187
56971169 45452902
56971169 287760693
56971169 45640320
56971169 59044843
56971169 67085097
56971169 54437155
56971169 54355377
56971169 12227036
56971169 54437440
54615431 54435192
54615431 10811858
54615431 54617776
54615431 45452902
54615431 55861008
54615431 59044843
54615431 156722669
54615431 54355377
54615431 54437347
54615431 54437440
54615431 31764955
54437440 55255135
54437440 54968924
54437440 17013540
54437440 45452902
54437440 52549778
54437440 56971169
54437440 56971058
54437440 45640320
54437440 54616836
54437440 54435482
54437440 54676021
54437440 54355377
54437440 83554824
54437440 59044843
54437440 56970932
54437440 12227036
54437440 83553212
54437440 54433443
54437440 29325157
54437440 54438913
54437440 54437155
54437440 54436365
54437440 60076486
54437440 54615431
54437440 31764955
52549778 54435192
52549778 50741628
52549778 98958234
52549778 45640320
52549778 60076486
52549778 54616836
52549778 83553187
52549778 54435482
52549778 31764955
52549778 12231849
52549778 54355377
52549778 12227036
52549778 54437440
54437506 60076486
54437506 83553212
54437506 56970932
54437506 45452853
54437506 56612916
54437506 54355377
54437506 12227036
54437506 31764955
54355377 54437155
54355377 55002582
54355377 12231849
54355377 57237530
54355377 60076486
54355377 7707360
54355377 17013540
54355377 47657759
54355377 57073077
54355377 7892909
54355377 45640320
54355377 67085097
54355377 55861008
54355377 20070555
54355377 55729841
54355377 16069376
54355377 55255135
54355377 54437852
54355377 52549778
54355377 61274792
54355377 45452902
54355377 56971058
54355377 50741628
54355377 54435192
54355377 45427602
54355377 45386190
54355377 54968924
54355377 169535996
54355377 56970932
54355377 18376307
54355377 54676021
54355377 54616836
54355377 83554824
54355377 83553187
54355377 161142518
54355377 56612916
54355377 54433443
54355377 330811789
54355377 29325157
54355377 56971169
54355377 54437407
54355377 54436365
54355377 59044843
54355377 56373868
54355377 54435482
54355377 54437506
54355377 45452853
54355377 54615431
54355377 54438913
54355377 54437347
54355377 12227036
54355377 54437440
54355377 31764955
54438913 29325157
54438913 60076486
54438913 169535996
54438913 54436365
54438913 54676021
54438913 72835290
54438913 54355377
54438913 54989890
54438913 56970932
54438913 55729841
54438913 57237530
54438913 45640320
54438913 59044843
54438913 83553212
54438913 12227036
54438913 54437440
54438913 31764955
20070555 60076486
20070555 56970932
20070555 54437155
20070555 57237530
20070555 54355377
56612916 60076486
56612916 54437407
34720813 59044843
34720813 12227036
34720813 31764955
17013540 7892909
17013540 54435192
17013540 61556655
17013540 102240494
17013540 83553212
17013540 83554824
17013540 56970932
17013540 83553187
17013540 50741628
17013540 45452902
17013540 61274792
17013540 45640320
17013540 34720813
17013540 59044843
17013540 54435482
17013540 54437852
17013540 54437155
17013540 57237530
17013540 54355377
17013540 54437347
17013540 12227036
17013540 54437440
17013540 31764955
7892909 17013540
7892909 16069376
7892909 60076486
7892909 83553187
7892909 54436365
7892909 54355377
7892909 12227036
98958234 56971058
98958234 54435192
98958234 605220233
98958234 61556655
98958234 72835290
98958234 60076486
98958234 33012302
98958234 54968924
98958234 83553187
98958234 54434936
98958234 45452902
98958234 287760693
98958234 45427602
98958234 67085097
98958234 54437852
98958234 54437155
98958234 56612916
98958234 56373868
98958234 52549778
98958234 55002582
98958234 12227036
98958234 54437440
56970803 59044843
56970803 12227036
54437852 55861008
54437852 16069376
54437852 60076486
54437852 45640320
54437852 56970932
54437852 59044843
54437852 67085097
54437852 98958234
54437852 56971058
54437852 45452902
54437852 54433443
54437852 83553212
54437852 17013540
54437852 50741628
54437852 330811789
54437852 83553187
54437852 55255135
54437852 54355377
54437852 12227036
54437852 31764955
54433443 61556655
54433443 72835290
54433443 54968924
54433443 56970932
54433443 54989890
54433443 59044843
54433443 54435482
54433443 54437852
54433443 29325157
54433443 7707360
54433443 56612916
54433443 54437440
54433443 12227036
54433443 54355377
16069376 7892909
16069376 61556655
16069376 60076486
16069376 83553212
16069376 56970932
16069376 54437852
16069376 54437155
16069376 54355377
54393035 83553212
50741628 17013540
50741628 54435192
50741628 61556655
50741628 60076486
50741628 33012302
50741628 83553212
50741628 130460539
50741628 54968924
50741628 54676021
50741628 83553187
50741628 114013927
50741628 45452902
50741628 61274792
50741628 45640320
50741628 18376307
50741628 67085097
50741628 54437852
50741628 7707360
50741628 54437155
50741628 56612916
50741628 52549778
50741628 57237530
50741628 54355377
50741628 12227036
