89845328 85810271
89845328 8620173
217215614 85810271
144546543 67922685
144546543 440906136
144546543 672886626
552514177 85810271
50653200 85810271
47624264 85810271
58327103 85810271
58327103 44362681
58327103 144546543
132738345 127650845
131852989 93911245
131852989 127650845
127650845 132738345
8620173 89845328
1286657 85810271
227949608 127650845
830487789 85810271
96988210 85810271
189802236 85810271
835003470 85810271
405054603 85810271
672886626 127650845
672886626 67922685
672886626 144546543
161764670 127650845
161764670 85810271
50634943 67922685
123221267 85810271
33456355 85810271
22311277 85810271
530081200 127650845
130228034 127650845
84199979 85810271
253175623 85810271
440906136 127650845
440906136 144546543
5898363 127650845
749980399 85810271
528364289 85810271
528413439 85810271
390946357 85810271
528434864 85810271
302640959 85810271
67922685 160478539
67922685 672886626
67922685 144546543
67922685 50634943
128626020 85810271
160478539 67922685
150259103 85810271
133091549 85810271
7964162 85810271
