543321 34190360
163918192 152576045
163918192 6351017
6351017 34190360
6351017 58419646
6351017 152576045
6351017 33440239
6351017 401160190
6351017 97015082
6351017 152930718
6351017 75362381
6351017 152621548
6351017 152603409
6351017 421541205
6351017 13139115
6351017 75191505
6351017 163918192
152603409 152576045
142431091 834291633
142431091 152576045
834291633 142431091
33440239 401160190
33440239 152576045
33440239 75362381
33440239 34190360
33440239 152930718
33440239 44363822
33440239 6351017
33440239 13139115
33440239 75191505
732040771 834157431
9023080 11944762
9023080 13139115
9023080 34190360
9023080 97137345
58419646 152576045
58419646 6351017
58419646 601881355
728511737 152576045
131680370 152576045
97015082 421541205
97015082 6351017
401160190 152930718
401160190 152576045
401160190 33440239
401160190 75191505
401160190 6351017
44363822 152603409
44363822 152576045
44363822 601881355
44363822 33440239
13139115 6351017
13139115 152576045
13139115 9023080
13139115 97137345
322192696 152576045
58343586 152576045
522435690 152576045
11944762 152576045
11944762 9023080
11944762 75191505
11944762 13139115
75362381 152576045
75362381 6351017
75362381 33440239
97137345 9023080
92379248 152576045
92379248 97137345
34190360 543321
34190360 58419646
34190360 21047325
34190360 33440239
34190360 6351017
34190360 13139115
34190360 9023080
34190360 97137345
152621548 152576045
834157431 732040771
834157431 679480353
794658096 152576045
152930718 6351017
152930718 33440239
254993545 97137345
75191505 6351017
75191505 33440239
75191505 11944762
75191505 152576045
75191505 401160190
218099541 152576045
152576045 75362381
152576045 401160190
152576045 522435690
152576045 152621548
152576045 131680370
152576045 44363822
152576045 218099541
152576045 152603409
152576045 33440239
152576045 6351017
152576045 75191505
