13744973 7616304
14354163 7616304
199758874 7616304
43884868 7616304
57463322 7616304
45032421 7616304
57816089 7616304
231514463 7616304
136814523 7616304
90067111 7616304
501018934 7616304
48047567 7616304
295041186 7616304
576957331 7616304
576957331 127188383
80474673 7616304
466408605 7616304
102339656 7616304
133101891 7616304
160307632 7616304
92168279 7616304
44413797 7616304
134136966 7616304
6413221 7616304
60139464 7616304
57426019 7616304
44084631 7616304
44794579 127188383
563435649 7616304
128955594 7616304
128955594 127188383
52540968 7616304
231407323 127188383
231407323 9917528
49475131 7616304
73086503 7616304
470754075 7616304
127337249 7616304
12271012 7616304
33191591 127188383
128600968 7616304
62461654 7616304
32310467 7616304
17650622 7616304
177100255 7616304
127188383 7616304
757200597 7616304
155413118 7616304
152846285 7616304
299220652 7616304
156644704 7616304
129524727 7616304
52552544 7616304
9917528 231407323
147678366 7616304
67303151 7616304
90788239 7616304
