144505394 34221017
144505394 144514355
144545427 159927920
144545427 34221017
144545427 703975275
144545427 104482802
144545427 28561707
144545427 105820760
144545427 144514355
28561707 104482802
104482802 28561707
104482802 34221017
104482802 159927920
104482802 121446560
104482802 703975275
104482802 144514355
104482802 144545427
104482802 225411757
104482802 533559000
225411757 104482802
202554751 159927920
202554751 28561707
159927920 34221017
159927920 104482802
159927920 28561707
159927920 144514355
159927920 144545427
159927920 835179440
533559000 34221017
533559000 104482802
533559000 144514355
533559000 703975275
703975275 533559000
703975275 34221017
703975275 104482802
703975275 105820760
703975275 144545427
121446560 104482802
34221017 144505394
34221017 533559000
34221017 159927920
34221017 703975275
34221017 835179440
34221017 144545427
34221017 144514355
34221017 105820760
34221017 104482802
2685255 28561707
105820760 144514355
105820760 159927920
105820760 34221017
105820760 703975275
105820760 144545427
144514355 159927920
144514355 835179440
144514355 144505394
144514355 533559000
144514355 34221017
144514355 144545427
144514355 104482802
144514355 28561707
144514355 105820760
