152486528 57643355
152486528 57651431
152486528 107496153
152486528 130237098
152486528 13276280
152486528 57647524
152486528 58441601
152486528 152627040
152486528 210282070
152486528 57645013
152486528 57643996
152486528 57648551
152486528 8505406
152486528 57645191
152486528 57647942
152486528 79437577
152486528 57588199
152486528 57645181
152486528 57650854
152486528 57644387
152486528 40014311
152486528 57652500
152486528 21007463
152486528 57647648
152486528 57649737
152486528 12264360
152486528 13824539
152486528 58424029
152486528 57648782
152486528 58446863
152486528 163815085
152486528 35915258
152486528 57648966
152486528 6229077
152486528 57649103
152486528 58160930
152486528 132191817
152486528 57643334
152486528 152800912
152486528 57645212
152486528 118831975
152486528 105853043
152486528 21662712
152486528 57650777
152486528 57647271
152486528 44757294
38883463 57645013
38883463 57653444
38883463 57648551
38883463 57644387
38883463 57649737
38883463 57649103
38883463 152478379
38883463 58424029
38883463 210282070
38883463 57645181
38883463 57643996
38883463 57651369
38883463 130237098
38883463 57648782
38883463 57651303
38883463 57651431
38883463 79437577
38883463 57647524
38883463 21007463
38883463 57588199
38883463 152572391
38883463 57648966
38883463 107496153
38883463 40014311
38883463 57650854
38883463 147602617
38883463 152941509
38883463 152899189
38883463 36914249
38883463 145456317
38883463 163815085
38883463 58446863
38883463 40125828
38883463 129409358
38883463 12264360
38883463 44759306
38883463 152627040
38883463 57647648
38883463 58160930
38883463 57650644
38883463 57643355
38883463 57645191
38883463 6229077
38883463 58441601
38883463 57650277
38883463 13276280
38883463 13824539
38883463 57647942
38883463 57652500
38883463 132191817
38883463 57643334
38883463 152800912
38883463 57645212
38883463 118831975
38883463 105853043
38883463 21662712
38883463 152540752
38883463 57650777
38883463 6850003
38883463 57647271
38883463 44757294
145456317 57645013
145456317 57653444
145456317 57648551
145456317 57644387
145456317 57649737
145456317 57649103
145456317 58424029
145456317 57599502
145456317 57645181
145456317 57643996
145456317 57651369
145456317 130237098
145456317 57648782
145456317 57651303
145456317 57651431
145456317 57643355
145456317 58441601
145456317 57588199
145456317 152572391
145456317 57648966
145456317 107496153
145456317 40014311
145456317 57650854
145456317 13276280
145456317 38883463
145456317 163815085
145456317 57645191
145456317 40125828
145456317 129409358
145456317 12264360
145456317 44759306
145456317 6229077
145456317 57647648
145456317 57650277
145456317 58160930
145456317 57650644
145456317 13824539
145456317 57647942
145456317 152486528
145456317 132191817
145456317 57643334
145456317 57645212
145456317 118831975
145456317 105853043
145456317 21662712
145456317 152540752
145456317 57650777
145456317 57647271
57643334 57643996
57643334 57645013
57643334 40014311
57643334 13276280
57643334 57651431
57643334 58441601
57643334 57645191
57643334 57644387
57643334 57651303
57643334 152486528
57643334 6229077
57643334 132191817
57643334 57647942
57643334 57645181
57643334 57647524
57643334 12264360
57643334 8505406
57643334 57650854
57643334 36914249
57643334 152941509
57643334 79437577
57643334 129409358
57643334 58106858
57643334 21007463
57643334 57588199
57643334 107496153
57643334 130237098
57643334 152899189
57643334 57647648
57643334 58160930
57643334 38883463
57643334 57650277
57643334 57648966
57643334 57599502
57643334 40125828
57643334 58424029
57643334 57649103
57643334 57648782
57643334 57643355
57643334 163815085
57643334 57648551
57643334 13824539
57643334 58446863
57643334 57651369
57643334 57649737
57643334 145456317
57643334 57650644
57643334 152627040
57643334 57653444
57643334 152572391
57643334 152478379
57643334 44759306
57643334 57652500
57643334 152800912
57643334 57645212
57643334 118831975
57643334 152784955
57643334 105853043
57643334 21662712
57643334 152540752
57643334 57650777
57643334 57647271
57643334 44757294
57643334 152692454
152941509 57645013
152941509 57648551
152941509 57644387
152941509 57649103
152941509 58424029
152941509 57645181
152941509 57643996
152941509 130237098
152941509 57648782
152941509 57651303
152941509 57651431
152941509 57643355
152941509 8505406
152941509 58441601
152941509 105853043
152941509 79437577
152941509 57647524
152941509 57588199
152941509 57648966
152941509 40014311
152941509 57650854
152941509 13276280
152941509 38883463
152941509 163815085
152941509 57645191
152941509 129409358
152941509 12264360
152941509 44759306
152941509 6229077
152941509 57647648
152941509 57650277
152941509 58160930
152941509 57650644
152941509 13824539
152941509 57647942
152941509 57652500
152941509 132191817
152941509 57643334
152941509 57645212
152941509 118831975
152941509 21662712
152941509 152540752
152941509 57650777
152941509 57647271
57650854 57645013
57650854 57653444
57650854 57648551
57650854 57644387
57650854 57649737
57650854 57649103
57650854 58424029
57650854 210282070
57650854 57645181
57650854 57643996
57650854 130237098
57650854 57648782
57650854 57651303
57650854 57651431
57650854 57643355
57650854 8505406
57650854 58441601
57650854 79437577
57650854 57647524
57650854 57588199
57650854 57648966
57650854 57652685
57650854 40014311
57650854 152941509
57650854 152899189
57650854 13276280
57650854 145456317
57650854 38883463
57650854 163815085
57650854 58446863
57650854 57645191
57650854 129409358
57650854 12264360
57650854 44759306
57650854 152692454
57650854 6229077
57650854 152627040
57650854 57647648
57650854 57650277
57650854 58160930
57650854 57650644
57650854 13824539
57650854 57647942
57650854 57652500
57650854 152486528
57650854 132191817
57650854 57643334
57650854 57645212
57650854 118831975
57650854 105853043
57650854 21662712
57650854 152540752
57650854 57650777
57650854 57647271
57650854 44757294
210282070 57643355
210282070 57645013
210282070 57647524
210282070 13276280
210282070 57648551
210282070 58441601
210282070 107496153
210282070 12264360
210282070 58424029
210282070 57648966
210282070 40014311
210282070 57650854
210282070 57645181
210282070 57643996
210282070 6229077
210282070 152899189
210282070 57648782
210282070 38883463
210282070 57651303
210282070 13824539
210282070 57647942
210282070 152486528
210282070 132191817
210282070 152800912
210282070 118831975
210282070 152540752
210282070 57650777
210282070 57647271
8505406 57645013
8505406 152941509
8505406 57648551
8505406 57644387
8505406 57649737
8505406 57649103
8505406 58424029
8505406 57599502
8505406 57645181
8505406 57643996
8505406 130237098
8505406 57648782
8505406 152854700
8505406 57651303
8505406 57643355
8505406 79437577
8505406 57647524
8505406 21007463
8505406 57588199
8505406 57648966
8505406 107496153
8505406 40014311
8505406 57650854
8505406 152899189
8505406 13276280
8505406 36914249
8505406 163815085
8505406 58446863
8505406 57645191
8505406 40125828
8505406 12264360
8505406 6229077
8505406 152627040
8505406 57650277
8505406 58160930
8505406 13824539
8505406 35915258
8505406 129409358
8505406 58106858
8505406 57647942
8505406 57652500
8505406 152486528
8505406 132191817
8505406 57643334
8505406 152800912
8505406 57645212
8505406 118831975
8505406 105853043
8505406 21662712
8505406 152540752
8505406 57650777
8505406 57647271
8505406 44757294
8505406 152692454
833461508 57643355
833461508 57645013
833461508 57648551
833461508 58441601
833461508 57649103
833461508 163815085
833461508 57650277
833461508 57648966
833461508 6229077
833461508 57648782
833461508 57651303
833461508 57650777
833461508 152540752
833461508 118831975
833461508 132191817
833461508 57652500
44759306 57645013
44759306 57653444
44759306 57648551
44759306 57644387
44759306 57649737
44759306 57649103
44759306 58424029
44759306 57645181
44759306 57643996
44759306 57651369
44759306 130237098
44759306 57648782
44759306 152854700
44759306 57651303
44759306 57651431
44759306 57643355
44759306 58441601
44759306 79437577
44759306 57647524
44759306 57588199
44759306 57648966
44759306 107496153
44759306 57652685
44759306 40014311
44759306 57650854
44759306 152941509
44759306 13276280
44759306 145456317
44759306 38883463
44759306 163815085
44759306 58446863
44759306 57645191
44759306 129409358
44759306 12264360
44759306 6229077
44759306 152627040
44759306 57647648
44759306 58160930
44759306 57650644
44759306 13824539
44759306 57647942
44759306 57652500
44759306 132191817
44759306 57643334
44759306 152800912
44759306 57645212
44759306 118831975
44759306 105853043
44759306 21662712
44759306 152540752
44759306 57650777
44759306 57647271
44759306 152692454
57645191 57645013
57645191 57653444
57645191 57648551
57645191 57644387
57645191 57649737
57645191 57649103
57645191 152478379
57645191 58424029
57645191 57599502
57645191 57645181
57645191 57643996
57645191 57651369
57645191 130237098
57645191 57648782
57645191 57651303
57645191 57651431
57645191 8505406
57645191 79437577
57645191 57647524
57645191 21007463
57645191 57588199
57645191 57648966
57645191 107496153
57645191 40014311
57645191 57650854
57645191 35915258
57645191 152941509
57645191 152899189
57645191 145456317
57645191 163815085
57645191 58446863
57645191 40125828
57645191 129409358
57645191 58106858
57645191 12264360
57645191 44759306
57645191 152627040
57645191 57647648
57645191 58160930
57645191 57650644
57645191 57643355
57645191 38883463
57645191 6229077
57645191 58441601
57645191 57650277
57645191 13276280
57645191 13824539
57645191 57647942
57645191 57652500
57645191 152486528
57645191 132191817
57645191 57643334
57645191 152800912
57645191 57645212
57645191 118831975
57645191 152784955
57645191 105853043
57645191 21662712
57645191 152540752
57645191 57650777
57645191 57647271
57645191 44757294
58106858 57645013
58106858 57648551
58106858 57644387
58106858 57645181
58106858 57643996
58106858 57648782
58106858 57643355
58106858 58441601
58106858 57648966
58106858 107496153
58106858 40014311
58106858 12264360
58106858 57647648
58106858 57650277
58106858 13824539
58106858 8505406
58106858 57647942
58106858 57643334
58106858 57645212
58106858 152784955
58106858 21662712
58106858 57647271
57643355 57645013
57643355 57648551
57643355 57644387
57643355 57649737
57643355 57649103
57643355 833461508
57643355 58424029
57643355 210282070
57643355 57599502
57643355 57645181
57643355 57643996
57643355 130237098
57643355 57648782
57643355 57651303
57643355 57651431
57643355 8505406
57643355 79437577
57643355 57647524
57643355 21007463
57643355 57588199
57643355 152572391
57643355 57648966
57643355 107496153
57643355 40014311
57643355 57650854
57643355 35915258
57643355 152941509
57643355 152899189
57643355 36914249
57643355 163815085
57643355 58446863
57643355 40125828
57643355 129409358
57643355 58106858
57643355 12264360
57643355 44759306
57643355 152627040
57643355 57647648
57643355 58160930
57643355 57650644
57643355 57645191
57643355 57652685
57643355 38883463
57643355 6229077
57643355 58441601
57643355 57650277
57643355 13276280
57643355 13824539
57643355 57647942
57643355 57652500
57643355 152486528
57643355 132191817
57643355 57643334
57643355 152800912
57643355 57645212
57643355 118831975
57643355 152784955
57643355 105853043
57643355 21662712
57643355 152540752
57643355 57650777
57643355 57647271
57643355 44757294
58424029 57643355
58424029 57645013
58424029 57647524
58424029 57652685
58424029 35915258
58424029 152941509
58424029 57653444
58424029 13276280
58424029 57648551
58424029 57644387
58424029 129409358
58424029 8505406
58424029 57649737
58424029 57649103
58424029 21007463
58424029 57588199
58424029 107496153
58424029 145456317
58424029 163815085
58424029 58446863
58424029 12264360
58424029 152627040
58424029 57650277
58424029 57648966
58424029 40014311
58424029 57650854
58424029 210282070
58424029 57645191
58424029 57645181
58424029 57643996
58424029 6229077
58424029 58160930
58424029 79437577
58424029 57651369
58424029 152572391
58424029 130237098
58424029 152899189
58424029 152854700
58424029 38883463
58424029 40125828
58424029 44759306
58424029 57647648
58424029 57651303
58424029 57651431
58424029 57650644
58424029 13824539
58424029 57647942
58424029 57652500
58424029 152486528
58424029 132191817
58424029 57643334
58424029 152800912
58424029 57645212
58424029 118831975
58424029 152784955
58424029 105853043
58424029 21662712
58424029 152540752
58424029 57650777
58424029 57647271
58424029 44757294
58446863 57645013
58446863 57653444
58446863 57648551
58446863 57644387
58446863 57649737
58446863 57649103
58446863 58424029
58446863 57599502
58446863 57645181
58446863 57643996
58446863 57651369
58446863 130237098
58446863 57648782
58446863 152854700
58446863 57651303
58446863 57643355
58446863 8505406
58446863 58441601
58446863 79437577
58446863 57647524
58446863 21007463
58446863 57588199
58446863 57648966
58446863 107496153
58446863 57652685
58446863 40014311
58446863 57650854
58446863 152899189
58446863 13276280
58446863 38883463
58446863 163815085
58446863 57645191
58446863 40125828
58446863 129409358
58446863 12264360
58446863 44759306
58446863 6229077
58446863 152627040
58446863 57647648
58446863 57650277
58446863 58160930
58446863 13824539
58446863 57647942
58446863 57652500
58446863 152486528
58446863 132191817
58446863 57643334
58446863 152800912
58446863 57645212
58446863 118831975
58446863 105853043
58446863 21662712
58446863 152540752
58446863 57650777
58446863 57647271
58446863 44757294
58446863 152692454
57643996 57643355
57643996 57645013
57643996 57647524
57643996 57652685
57643996 35915258
57643996 152941509
57643996 57653444
57643996 13276280
57643996 57648551
57643996 57644387
57643996 129409358
57643996 58106858
57643996 8505406
57643996 57649737
57643996 58441601
57643996 57649103
57643996 152478379
57643996 21007463
57643996 57588199
57643996 107496153
57643996 145456317
57643996 163815085
57643996 58446863
57643996 12264360
57643996 152627040
57643996 57650277
57643996 58424029
57643996 57648966
57643996 40014311
57643996 57650854
57643996 210282070
57643996 57599502
57643996 57645191
57643996 57645181
57643996 6229077
57643996 58160930
57643996 79437577
57643996 57651369
57643996 152572391
57643996 130237098
57643996 152899189
57643996 57648782
57643996 152854700
57643996 36914249
57643996 38883463
57643996 40125828
57643996 44759306
57643996 57647648
57643996 57651303
57643996 57651431
57643996 57650644
57643996 13824539
57643996 57647942
57643996 57652500
57643996 152486528
57643996 132191817
57643996 57643334
57643996 152800912
57643996 57645212
57643996 118831975
57643996 152784955
57643996 105853043
57643996 21662712
57643996 152540752
57643996 57650777
57643996 6850003
57643996 57647271
57643996 44757294
57643996 152692454
44757294 152627040
44757294 130237098
44757294 107496153
44757294 57647524
44757294 13276280
44757294 21007463
44757294 132191817
44757294 152899189
44757294 58441601
44757294 57647942
44757294 36914249
44757294 57651303
44757294 57588199
44757294 6229077
44757294 57643996
44757294 57643355
44757294 58446863
44757294 129409358
44757294 57651431
44757294 57645013
44757294 152486528
44757294 57650854
44757294 40014311
44757294 79437577
44757294 57648551
44757294 57645212
44757294 57644387
44757294 57643334
44757294 57645191
44757294 57645181
44757294 12264360
44757294 21662712
44757294 57650277
44757294 57647271
44757294 57648782
44757294 58424029
44757294 57647648
44757294 40125828
44757294 57648966
44757294 8505406
44757294 38883463
44757294 57649103
44757294 13824539
44757294 152800912
44757294 152540752
44757294 105853043
44757294 57649737
44757294 163815085
132191817 107496153
132191817 13276280
132191817 57647524
132191817 130237098
132191817 152627040
132191817 58441601
132191817 210282070
132191817 152899189
132191817 8505406
132191817 152486528
132191817 58160930
132191817 129409358
132191817 57647942
132191817 57651303
132191817 57643996
132191817 57645181
132191817 79437577
132191817 57599502
132191817 57651431
132191817 57645013
132191817 57643355
132191817 35915258
132191817 21007463
132191817 40014311
132191817 152941509
132191817 57650854
132191817 57648551
132191817 36914249
132191817 57645191
132191817 12264360
132191817 57588199
132191817 6229077
132191817 58446863
132191817 57644387
132191817 152854700
132191817 57650277
132191817 58106858
132191817 38883463
132191817 57647648
132191817 57652685
132191817 58424029
132191817 57648782
132191817 57649103
132191817 57648966
132191817 57649737
132191817 40125828
132191817 13824539
132191817 163815085
132191817 57651369
132191817 57653444
132191817 57650644
132191817 145456317
132191817 57652500
132191817 833461508
132191817 44759306
132191817 152478379
132191817 57643334
132191817 152800912
132191817 57645212
132191817 118831975
132191817 152784955
132191817 105853043
132191817 21662712
132191817 152540752
132191817 57650777
132191817 6850003
132191817 57647271
132191817 44757294
57647271 57645212
57647271 57643334
57647271 57645181
57647271 57588199
57647271 58441601
57647271 12264360
57647271 58446863
57647271 57647648
57647271 57644387
57647271 40014311
57647271 132191817
57647271 79437577
57647271 6850003
57647271 57651431
57647271 57645013
57647271 57643355
57647271 118831975
57647271 57647942
57647271 130237098
57647271 57647524
57647271 8505406
57647271 152899189
57647271 57650277
57647271 210282070
57647271 58424029
57647271 57645191
57647271 40125828
57647271 152486528
57647271 38883463
57647271 57643996
57647271 152627040
57647271 21662712
57647271 57648966
57647271 57648782
57647271 21007463
57647271 57649103
57647271 129409358
57647271 57599502
57647271 58106858
57647271 57651303
57647271 57649737
57647271 57648551
57647271 58160930
57647271 13276280
57647271 6229077
57647271 13824539
57647271 163815085
57647271 105853043
57647271 57651369
57647271 57650644
57647271 145456317
57647271 57650854
57647271 57650777
57647271 107496153
57647271 57653444
57647271 152540752
57647271 44759306
57647271 57652500
57647271 152941509
57647271 152478379
57647271 44757294
57599502 57643355
57599502 57645013
57599502 13276280
57599502 57648551
57599502 57644387
57599502 129409358
57599502 8505406
57599502 57649737
57599502 58441601
57599502 57649103
57599502 21007463
57599502 107496153
57599502 145456317
57599502 163815085
57599502 58446863
57599502 12264360
57599502 57648966
57599502 40014311
57599502 57645191
57599502 57645181
57599502 57643996
57599502 130237098
57599502 152899189
57599502 57648782
57599502 36914249
57599502 40125828
57599502 57651303
57599502 13824539
57599502 57647942
57599502 152486528
57599502 132191817
57599502 57643334
57599502 57645212
57599502 118831975
57599502 57650777
57599502 57647271
57649103 57643355
57649103 57645013
57649103 57647524
57649103 57652685
57649103 35915258
57649103 152941509
57649103 57653444
57649103 13276280
57649103 57648551
57649103 57644387
57649103 129409358
57649103 8505406
57649103 57649737
57649103 58441601
57649103 152478379
57649103 21007463
57649103 57588199
57649103 107496153
57649103 833461508
57649103 145456317
57649103 163815085
57649103 58446863
57649103 12264360
57649103 152627040
57649103 57650277
57649103 58424029
57649103 57648966
57649103 40014311
57649103 57650854
57649103 210282070
57649103 57599502
57649103 57645191
57649103 57645181
57649103 57643996
57649103 6229077
57649103 58160930
57649103 79437577
57649103 57651369
57649103 130237098
57649103 152899189
57649103 57648782
57649103 36914249
57649103 38883463
57649103 40125828
57649103 44759306
57649103 57647648
57649103 57651303
57649103 57651431
57649103 57650644
57649103 13824539
57649103 57647942
57649103 57652500
57649103 152486528
57649103 132191817
57649103 57643334
57649103 152800912
57649103 57645212
57649103 118831975
57649103 152784955
57649103 105853043
57649103 21662712
57649103 152540752
57649103 57650777
57649103 6850003
57649103 57647271
57649103 44757294
57649103 152692454
13276280 57645013
13276280 57653444
13276280 57648551
13276280 57644387
13276280 57649737
13276280 57649103
13276280 58424029
13276280 210282070
13276280 57599502
13276280 57645181
13276280 57643996
13276280 57651369
13276280 130237098
13276280 57648782
13276280 152854700
13276280 57651303
13276280 57651431
13276280 8505406
13276280 79437577
13276280 57647524
13276280 21007463
13276280 57588199
13276280 152572391
13276280 57648966
13276280 107496153
13276280 40014311
13276280 57650854
13276280 35915258
13276280 152941509
13276280 152899189
13276280 36914249
13276280 145456317
13276280 163815085
13276280 58446863
13276280 40125828
13276280 129409358
13276280 12264360
13276280 44759306
13276280 152627040
13276280 57647648
13276280 58160930
13276280 57650644
13276280 57643355
13276280 57645191
13276280 38883463
13276280 6229077
13276280 58441601
13276280 57650277
13276280 13824539
13276280 57647942
13276280 57652500
13276280 152486528
13276280 132191817
13276280 57643334
13276280 152800912
13276280 57645212
13276280 118831975
13276280 152784955
13276280 105853043
13276280 21662712
13276280 152540752
13276280 57650777
13276280 57647271
13276280 44757294
13276280 152692454
152627040 57645013
152627040 57644387
152627040 57649103
152627040 58424029
152627040 57645181
152627040 57643996
152627040 57651369
152627040 130237098
152627040 57648782
152627040 57651431
152627040 57643355
152627040 8505406
152627040 58441601
152627040 57647524
152627040 21007463
152627040 57588199
152627040 57648966
152627040 57652685
152627040 40014311
152627040 57650854
152627040 35915258
152627040 152899189
152627040 13276280
152627040 38883463
152627040 163815085
152627040 58446863
152627040 57645191
152627040 40125828
152627040 129409358
152627040 12264360
152627040 44759306
152627040 57647648
152627040 57650277
152627040 58160930
152627040 13824539
152627040 57647942
152627040 152486528
152627040 132191817
152627040 57643334
152627040 152800912
152627040 152784955
152627040 105853043
152627040 21662712
152627040 152540752
152627040 57650777
152627040 57647271
152627040 44757294
152800912 13276280
152800912 152854700
152800912 57643996
152800912 57643355
152800912 132191817
152800912 58441601
152800912 79437577
152800912 57648966
152800912 57650277
152800912 57648782
152800912 163815085
152800912 57649103
152800912 57647942
152800912 57588199
152800912 12264360
152800912 130237098
152800912 107496153
152800912 58424029
152800912 40125828
152800912 6229077
152800912 21007463
152800912 152486528
152800912 57647524
152800912 13824539
152800912 57643334
152800912 152899189
152800912 57651303
152800912 40014311
152800912 57649737
152800912 57647648
152800912 57645191
152800912 57645013
152800912 57652500
152800912 38883463
152800912 57645181
152800912 57644387
152800912 57650644
152800912 44759306
152800912 8505406
152800912 58160930
152800912 210282070
152800912 57653444
152800912 58446863
152800912 152627040
152800912 118831975
152800912 152784955
152800912 105853043
152800912 21662712
152800912 152540752
152800912 57650777
152800912 57647271
152800912 44757294
130237098 57643355
130237098 57645013
130237098 57647524
130237098 152941509
130237098 57653444
130237098 13276280
130237098 57648551
130237098 57644387
130237098 129409358
130237098 8505406
130237098 57649737
130237098 58441601
130237098 57649103
130237098 152478379
130237098 21007463
130237098 57588199
130237098 145456317
130237098 163815085
130237098 58446863
130237098 12264360
130237098 152627040
130237098 57650277
130237098 58424029
130237098 57648966
130237098 40014311
130237098 57650854
130237098 57599502
130237098 57645191
130237098 57645181
130237098 57643996
130237098 6229077
130237098 58160930
130237098 79437577
130237098 57651369
130237098 152899189
130237098 57648782
130237098 36914249
130237098 38883463
130237098 44759306
130237098 57647648
130237098 57651303
130237098 57651431
130237098 13824539
130237098 57647942
130237098 57652500
130237098 152486528
130237098 132191817
130237098 57643334
130237098 152800912
130237098 118831975
130237098 105853043
130237098 21662712
130237098 152540752
130237098 57650777
130237098 57647271
130237098 44757294
57650277 57645013
57650277 57653444
57650277 57648551
57650277 57644387
57650277 57649737
57650277 57649103
57650277 152478379
57650277 833461508
57650277 58424029
57650277 57645181
57650277 57643996
57650277 57651369
57650277 130237098
57650277 57648782
57650277 152854700
57650277 57651303
57650277 57651431
57650277 8505406
57650277 79437577
57650277 57647524
57650277 21007463
57650277 57588199
57650277 152572391
57650277 57648966
57650277 107496153
57650277 40014311
57650277 57650854
57650277 147602617
57650277 152941509
57650277 152899189
57650277 36914249
57650277 145456317
57650277 163815085
57650277 58446863
57650277 40125828
57650277 129409358
57650277 58106858
57650277 12264360
57650277 152627040
57650277 57647648
57650277 58160930
57650277 57650644
57650277 57643355
57650277 57645191
57650277 57652685
57650277 38883463
57650277 6229077
57650277 58441601
57650277 13276280
57650277 13824539
57650277 57647942
57650277 57652500
57650277 132191817
57650277 57643334
57650277 57645212
57650277 118831975
57650277 152784955
57650277 105853043
57650277 21662712
57650277 152540752
57650277 57650777
57650277 57647271
57650277 44757294
21662712 35915258
21662712 13276280
21662712 57643355
21662712 132191817
21662712 152486528
21662712 152784955
21662712 58441601
21662712 57645013
21662712 57645212
21662712 57648551
21662712 58446863
21662712 57647942
21662712 57645191
21662712 40014311
21662712 58106858
21662712 152941509
21662712 57644387
21662712 36914249
21662712 57643334
21662712 129409358
21662712 57651303
21662712 57643996
21662712 57647524
21662712 118831975
21662712 79437577
21662712 38883463
21662712 57647648
21662712 57645181
21662712 57648966
21662712 58424029
21662712 130237098
21662712 57650277
21662712 12264360
21662712 152800912
21662712 57648782
21662712 57649103
21662712 57649737
21662712 163815085
21662712 105853043
21662712 40125828
21662712 58160930
21662712 13824539
21662712 8505406
21662712 145456317
21662712 107496153
21662712 57650854
21662712 6229077
21662712 57588199
21662712 152899189
21662712 152627040
21662712 57652500
21662712 44759306
21662712 152540752
21662712 57650777
21662712 57647271
21662712 44757294
57651431 57643355
57651431 57645013
57651431 57647524
57651431 152941509
57651431 57653444
57651431 13276280
57651431 57648551
57651431 57644387
57651431 129409358
57651431 57649737
57651431 58441601
57651431 57649103
57651431 152478379
57651431 21007463
57651431 57588199
57651431 145456317
57651431 163815085
57651431 12264360
57651431 152627040
57651431 57650277
57651431 57648966
57651431 40014311
57651431 57650854
57651431 57645191
57651431 57645181
57651431 57643996
57651431 6229077
57651431 79437577
57651431 57651369
57651431 130237098
57651431 57648782
57651431 36914249
57651431 38883463
57651431 44759306
57651431 57647648
57651431 57651303
57651431 57650644
57651431 13824539
57651431 57647942
57651431 57652500
57651431 152486528
57651431 132191817
57651431 57643334
57651431 57645212
57651431 118831975
57651431 105853043
57651431 152540752
57651431 57650777
57651431 57647271
57651431 44757294
35915258 57645013
35915258 57644387
35915258 57649103
35915258 58424029
35915258 57645181
35915258 57643996
35915258 57643355
35915258 58441601
35915258 79437577
35915258 57647524
35915258 21007463
35915258 57588199
35915258 57648966
35915258 107496153
35915258 40014311
35915258 152899189
35915258 13276280
35915258 36914249
35915258 57645191
35915258 40125828
35915258 12264360
35915258 6229077
35915258 57647648
35915258 58160930
35915258 8505406
35915258 57652500
35915258 152486528
35915258 132191817
35915258 57645212
35915258 21662712
35915258 6850003
118831975 130237098
118831975 57645181
118831975 79437577
118831975 57645212
118831975 58441601
118831975 57643996
118831975 57647942
118831975 57643334
118831975 12264360
118831975 57650277
118831975 57645191
118831975 8505406
118831975 57643355
118831975 129409358
118831975 40014311
118831975 57652685
118831975 57645013
118831975 57644387
118831975 57648551
118831975 57647648
118831975 152486528
118831975 57588199
118831975 38883463
118831975 58446863
118831975 58424029
118831975 57651431
118831975 57648782
118831975 57599502
118831975 13276280
118831975 163815085
118831975 6229077
118831975 57649737
118831975 13824539
118831975 152800912
118831975 57650854
118831975 57648966
118831975 132191817
118831975 57653444
118831975 58160930
118831975 40125828
118831975 57650644
118831975 210282070
118831975 145456317
118831975 57651369
118831975 833461508
118831975 107496153
118831975 57652500
118831975 152899189
118831975 57647524
118831975 44759306
118831975 57651303
118831975 57649103
118831975 152784955
118831975 105853043
118831975 21662712
118831975 152540752
118831975 57650777
118831975 57647271
118831975 152692454
152784955 13276280
152784955 132191817
152784955 58441601
152784955 57645013
152784955 57647524
152784955 57648551
152784955 57643355
152784955 57645212
152784955 21662712
13824539 57645013
13824539 57653444
13824539 57648551
13824539 57644387
13824539 57649737
13824539 57649103
13824539 152478379
13824539 833461508
13824539 58424029
13824539 210282070
13824539 57599502
13824539 57645181
13824539 57643996
13824539 57651369
13824539 130237098
13824539 57648782
13824539 152854700
13824539 57651303
13824539 57651431
13824539 8505406
13824539 79437577
13824539 57647524
13824539 21007463
13824539 57588199
13824539 57648966
13824539 107496153
13824539 40014311
13824539 57650854
13824539 152941509
13824539 152899189
13824539 145456317
13824539 163815085
13824539 58446863
13824539 129409358
13824539 58106858
13824539 12264360
13824539 44759306
13824539 152627040
13824539 57647648
13824539 58160930
13824539 57650644
13824539 57643355
13824539 57645191
13824539 57652685
13824539 38883463
13824539 6229077
13824539 58441601
13824539 57650277
13824539 13276280
13824539 57647942
13824539 57652500
13824539 152486528
13824539 132191817
13824539 57643334
13824539 152800912
13824539 57645212
13824539 118831975
13824539 152784955
13824539 105853043
13824539 21662712
13824539 152540752
13824539 57650777
13824539 6850003
13824539 57647271
13824539 44757294
13824539 152692454
107496153 57645013
107496153 57653444
107496153 57648551
107496153 57644387
107496153 57649737
107496153 57649103
107496153 58424029
107496153 210282070
107496153 57599502
107496153 57645181
107496153 57643996
107496153 57648782
107496153 57651303
107496153 57643355
107496153 8505406
107496153 58441601
107496153 57647524
107496153 21007463
107496153 57588199
107496153 152572391
107496153 57648966
107496153 57652685
107496153 40014311
107496153 35915258
107496153 152899189
107496153 13276280
107496153 145456317
107496153 38883463
107496153 163815085
107496153 58446863
107496153 57645191
107496153 40125828
107496153 129409358
107496153 58106858
107496153 12264360
107496153 44759306
107496153 6229077
107496153 57647648
107496153 57650277
107496153 58160930
107496153 57650644
107496153 13824539
107496153 57647942
107496153 57652500
107496153 152486528
107496153 132191817
107496153 57643334
107496153 152800912
107496153 57645212
107496153 118831975
107496153 105853043
107496153 21662712
107496153 152540752
107496153 57650777
107496153 57647271
107496153 44757294
12264360 57645013
12264360 57653444
12264360 57648551
12264360 57644387
12264360 57649737
12264360 57649103
12264360 152478379
12264360 58424029
12264360 210282070
12264360 57599502
12264360 57645181
12264360 57643996
12264360 57651369
12264360 130237098
12264360 152661808
12264360 57648782
12264360 57651303
12264360 57651431
12264360 57643355
12264360 8505406
12264360 58441601
12264360 79437577
12264360 57647524
12264360 21007463
12264360 57588199
12264360 152572391
12264360 57648966
12264360 107496153
12264360 57652685
12264360 40014311
12264360 57650854
12264360 35915258
12264360 152899189
12264360 13276280
12264360 36914249
12264360 145456317
12264360 38883463
12264360 163815085
12264360 58446863
12264360 57645191
12264360 40125828
12264360 129409358
12264360 58106858
12264360 44759306
12264360 6229077
12264360 152627040
12264360 57647648
12264360 57650277
12264360 58160930
12264360 57650644
12264360 13824539
12264360 57647942
12264360 57652500
12264360 152486528
12264360 132191817
12264360 57643334
12264360 152800912
12264360 57645212
12264360 118831975
12264360 152784955
12264360 105853043
12264360 21662712
12264360 152540752
12264360 57650777
12264360 57647271
12264360 44757294
12264360 152692454
57647648 57645013
57647648 57653444
57647648 57648551
57647648 57644387
57647648 57649737
57647648 57649103
57647648 152478379
57647648 58424029
57647648 57599502
57647648 57645181
57647648 57643996
57647648 57651369
57647648 130237098
57647648 57648782
57647648 57651303
57647648 57651431
57647648 57643355
57647648 58441601
57647648 79437577
57647648 57647524
57647648 57588199
57647648 152572391
57647648 57648966
57647648 107496153
57647648 57652685
57647648 40014311
57647648 57650854
57647648 35915258
57647648 152941509
57647648 152899189
57647648 13276280
57647648 36914249
57647648 38883463
57647648 163815085
57647648 58446863
57647648 57645191
57647648 40125828
57647648 129409358
57647648 58106858
57647648 12264360
57647648 44759306
57647648 6229077
57647648 152627040
57647648 57650277
57647648 58160930
57647648 57650644
57647648 13824539
57647648 57647942
57647648 57652500
57647648 152486528
57647648 132191817
57647648 57643334
57647648 152800912
57647648 57645212
57647648 118831975
57647648 105853043
57647648 21662712
57647648 152540752
57647648 57650777
57647648 6850003
57647648 57647271
57647648 44757294
57648551 57643355
57648551 57645013
57648551 57647524
57648551 57652685
57648551 152941509
57648551 13276280
57648551 57644387
57648551 129409358
57648551 58106858
57648551 8505406
57648551 57649737
57648551 58441601
57648551 57649103
57648551 21007463
57648551 57588199
57648551 107496153
57648551 833461508
57648551 145456317
57648551 163815085
57648551 58446863
57648551 12264360
57648551 57650277
57648551 58424029
57648551 57648966
57648551 40014311
57648551 57650854
57648551 210282070
57648551 57599502
57648551 57645191
57648551 57645181
57648551 57643996
57648551 6229077
57648551 58160930
57648551 79437577
57648551 152572391
57648551 130237098
57648551 152661808
57648551 57648782
57648551 36914249
57648551 38883463
57648551 44759306
57648551 57647648
57648551 57651303
57648551 57651431
57648551 57650644
57648551 13824539
57648551 57647942
57648551 57652500
57648551 152486528
57648551 132191817
57648551 57643334
57648551 57645212
57648551 118831975
57648551 152784955
57648551 105853043
57648551 21662712
57648551 152540752
57648551 57650777
57648551 6850003
57648551 57647271
57648551 44757294
57648551 152692454
57652685 57648551
57652685 57649737
57652685 57649103
57652685 58424029
57652685 57643996
57652685 57648782
57652685 57651303
57652685 57588199
57652685 57648966
57652685 107496153
57652685 40014311
57652685 57650854
57652685 152899189
57652685 163815085
57652685 58446863
57652685 40125828
57652685 12264360
57652685 44759306
57652685 152627040
57652685 57647648
57652685 57650644
57652685 57643355
57652685 6229077
57652685 58441601
57652685 57650277
57652685 13824539
57652685 57647942
57652685 152486528
57652685 132191817
57652685 57645212
57652685 118831975
57652685 152540752
57652685 57650777
57651369 57643355
57651369 57645013
57651369 57653444
57651369 13276280
57651369 57648551
57651369 57644387
57651369 129409358
57651369 57649737
57651369 58441601
57651369 57649103
57651369 57588199
57651369 163815085
57651369 58446863
57651369 12264360
57651369 152627040
57651369 57650277
57651369 58424029
57651369 57648966
57651369 40014311
57651369 57645191
57651369 57645181
57651369 57643996
57651369 6229077
57651369 58160930
57651369 79437577
57651369 130237098
57651369 57648782
57651369 38883463
57651369 40125828
57651369 44759306
57651369 57647648
57651369 57651303
57651369 57651431
57651369 57650644
57651369 13824539
57651369 57647942
57651369 57652500
57651369 132191817
57651369 57643334
57651369 57645212
57651369 118831975
57651369 152784955
57651369 105853043
57651369 152540752
57651369 57650777
57651369 57647271
152540752 13824539
152540752 38883463
152540752 57647942
152540752 57643334
152540752 57649103
152540752 57651431
152540752 118831975
152540752 57650854
152540752 57648782
152540752 132191817
152540752 57650644
152540752 163815085
152540752 57649737
152540752 57643996
152540752 57648966
152540752 57645013
152540752 6229077
152540752 40014311
152540752 57650277
152540752 130237098
152540752 21662712
152540752 57645181
152540752 57653444
152540752 13276280
152540752 57645212
152540752 57588199
152540752 57647648
152540752 58441601
152540752 57644387
152540752 57643355
152540752 58160930
152540752 79437577
152540752 57645191
152540752 105853043
152540752 57652500
152540752 57651303
152540752 58424029
152540752 12264360
152540752 57648551
152540752 107496153
152540752 44759306
152540752 833461508
152540752 58446863
152540752 57652685
152540752 129409358
152540752 152854700
152540752 152941509
152540752 57651369
152540752 152800912
152540752 145456317
152540752 152899189
152540752 8505406
152540752 210282070
152540752 152486528
152540752 152627040
152540752 40125828
152540752 57650777
152540752 57647271
21007463 57645013
21007463 57653444
21007463 57648551
21007463 57644387
21007463 57649103
21007463 58424029
21007463 57599502
21007463 57645181
21007463 57643996
21007463 130237098
21007463 57648782
21007463 57651431
21007463 57643355
21007463 8505406
21007463 58441601
21007463 57647524
21007463 57588199
21007463 57648966
21007463 107496153
21007463 40014311
21007463 35915258
21007463 152899189
21007463 13276280
21007463 38883463
21007463 163815085
21007463 58446863
21007463 57645191
21007463 40125828
21007463 129409358
21007463 12264360
21007463 6229077
21007463 152627040
21007463 57650277
21007463 13824539
21007463 57647942
21007463 152486528
21007463 132191817
21007463 57643334
21007463 152800912
21007463 57645212
21007463 118831975
21007463 105853043
21007463 57647271
21007463 44757294
40014311 57645013
40014311 57653444
40014311 57648551
40014311 57644387
40014311 57649737
40014311 57649103
40014311 152478379
40014311 58424029
40014311 210282070
40014311 57599502
40014311 57645181
40014311 57643996
40014311 57651369
40014311 130237098
40014311 57648782
40014311 152854700
40014311 57651303
40014311 57651431
40014311 57643355
40014311 8505406
40014311 58441601
40014311 79437577
40014311 57647524
40014311 21007463
40014311 57588199
40014311 57648966
40014311 107496153
40014311 57652685
40014311 57650854
40014311 35915258
40014311 147602617
40014311 152941509
40014311 152899189
40014311 13276280
40014311 36914249
40014311 145456317
40014311 38883463
40014311 163815085
40014311 58446863
40014311 57645191
40014311 40125828
40014311 129409358
40014311 58106858
40014311 12264360
40014311 44759306
40014311 6229077
40014311 152627040
40014311 57647648
40014311 57650277
40014311 58160930
40014311 57650644
40014311 13824539
40014311 57647942
40014311 57652500
40014311 152486528
40014311 132191817
40014311 57643334
40014311 152800912
40014311 57645212
40014311 118831975
40014311 152784955
40014311 105853043
40014311 21662712
40014311 152540752
40014311 57650777
40014311 6850003
40014311 57647271
40014311 44757294
57650644 57645013
57650644 57653444
57650644 57648551
57650644 57644387
57650644 57649737
57650644 57649103
57650644 58424029
57650644 57645181
57650644 57643996
57650644 57651369
57650644 57648782
57650644 57651303
57650644 57651431
57650644 57643355
57650644 58441601
57650644 57588199
57650644 57648966
57650644 107496153
57650644 57652685
57650644 40014311
57650644 57650854
57650644 152941509
57650644 13276280
57650644 38883463
57650644 163815085
57650644 57645191
57650644 129409358
57650644 12264360
57650644 44759306
57650644 6229077
57650644 57647648
57650644 57650277
57650644 58160930
57650644 13824539
57650644 57647942
57650644 57652500
57650644 132191817
57650644 57643334
57650644 152800912
57650644 57645212
57650644 118831975
57650644 105853043
57650644 152540752
57650644 57650777
57650644 57647271
57645212 57645191
57645212 13276280
57645212 58441601
57645212 57643996
57645212 57588199
57645212 130237098
57645212 57648551
57645212 57651303
57645212 58446863
57645212 57645181
57645212 40014311
57645212 57643355
57645212 36914249
57645212 132191817
57645212 57647524
57645212 57651431
57645212 152486528
57645212 79437577
57645212 57645013
57645212 57647942
57645212 57644387
57645212 57643334
57645212 107496153
57645212 58160930
57645212 57647648
57645212 35915258
57645212 57650854
57645212 58106858
57645212 12264360
57645212 8505406
57645212 21007463
57645212 57650277
57645212 57652685
57645212 38883463
57645212 40125828
57645212 57648966
57645212 57599502
57645212 58424029
57645212 57649737
57645212 57648782
57645212 57649103
57645212 129409358
57645212 163815085
57645212 6229077
57645212 13824539
57645212 57653444
57645212 57651369
57645212 57650644
57645212 145456317
57645212 152899189
57645212 152572391
57645212 147602617
57645212 152941509
57645212 44759306
57645212 152478379
57645212 57652500
57645212 118831975
57645212 152784955
57645212 105853043
57645212 21662712
57645212 152540752
57645212 57650777
57645212 57647271
57645212 44757294
57645212 152692454
6229077 57645013
6229077 57653444
6229077 57648551
6229077 57644387
6229077 57649737
6229077 57649103
6229077 833461508
6229077 58424029
6229077 210282070
6229077 57645181
6229077 57643996
6229077 57651369
6229077 130237098
6229077 57648782
6229077 57651303
6229077 57651431
6229077 8505406
6229077 79437577
6229077 57647524
6229077 21007463
6229077 57588199
6229077 152572391
6229077 57648966
6229077 107496153
6229077 40014311
6229077 57650854
6229077 35915258
6229077 152941509
6229077 152899189
6229077 145456317
6229077 163815085
6229077 58446863
6229077 40125828
6229077 129409358
6229077 58106858
6229077 12264360
6229077 44759306
6229077 57647648
6229077 58160930
6229077 57650644
6229077 57643355
6229077 57645191
6229077 57652685
6229077 38883463
6229077 58441601
6229077 57650277
6229077 13276280
6229077 13824539
6229077 57647942
6229077 57652500
6229077 152486528
6229077 132191817
6229077 57643334
6229077 152800912
6229077 57645212
6229077 118831975
6229077 152784955
6229077 105853043
6229077 21662712
6229077 152540752
6229077 57650777
6229077 6850003
6229077 57647271
6229077 44757294
6229077 152692454
57652500 57645181
57652500 57651303
57652500 57648966
57652500 130237098
57652500 152572391
57652500 57650277
57652500 57649103
57652500 57645013
57652500 57648551
57652500 57648782
57652500 12264360
57652500 38883463
57652500 57647648
57652500 57643996
57652500 57643355
57652500 163815085
57652500 13824539
57652500 58441601
57652500 107496153
57652500 40014311
57652500 6229077
57652500 13276280
57652500 44759306
57652500 833461508
57652500 57653444
57652500 40125828
57652500 152478379
57652500 57650644
57652500 57647942
57652500 57588199
57652500 35915258
57652500 152941509
57652500 57650854
57652500 58424029
57652500 147602617
57652500 57645191
57652500 58160930
57652500 58446863
57652500 57644387
57652500 57599502
57652500 79437577
57652500 57651369
57652500 57647524
57652500 57651431
57652500 129409358
57652500 57649737
57652500 8505406
57652500 36914249
57652500 152486528
57652500 132191817
57652500 57643334
57652500 152800912
57652500 57645212
57652500 118831975
57652500 105853043
57652500 21662712
57652500 152540752
57652500 57650777
57652500 57647271
57644387 57643355
57644387 57645013
57644387 57647524
57644387 35915258
57644387 152941509
57644387 57653444
57644387 13276280
57644387 57648551
57644387 129409358
57644387 58106858
57644387 8505406
57644387 57649737
57644387 58441601
57644387 57649103
57644387 21007463
57644387 57588199
57644387 107496153
57644387 163815085
57644387 58446863
57644387 12264360
57644387 152627040
57644387 57650277
57644387 58424029
57644387 57648966
57644387 40014311
57644387 57650854
57644387 57599502
57644387 57645191
57644387 57645181
57644387 57643996
57644387 6229077
57644387 58160930
57644387 79437577
57644387 57651369
57644387 130237098
57644387 152899189
57644387 57648782
57644387 38883463
57644387 44759306
57644387 57647648
57644387 57651303
57644387 57651431
57644387 57650644
57644387 13824539
57644387 57647942
57644387 57652500
57644387 152486528
57644387 132191817
57644387 57643334
57644387 57645212
57644387 118831975
57644387 152784955
57644387 105853043
57644387 21662712
57644387 152540752
57644387 57650777
57644387 57647271
57644387 44757294
57648966 57645013
57648966 57653444
57648966 57648551
57648966 57644387
57648966 57649737
57648966 57649103
57648966 152478379
57648966 833461508
57648966 58424029
57648966 210282070
57648966 57599502
57648966 57645181
57648966 57643996
57648966 57651369
57648966 130237098
57648966 152661808
57648966 57648782
57648966 152854700
57648966 57651303
57648966 57651431
57648966 57643355
57648966 8505406
57648966 58441601
57648966 79437577
57648966 57647524
57648966 21007463
57648966 57588199
57648966 152572391
57648966 107496153
57648966 57652685
57648966 40014311
57648966 57650854
57648966 35915258
57648966 152941509
57648966 152899189
57648966 13276280
57648966 36914249
57648966 145456317
57648966 38883463
57648966 163815085
57648966 58446863
57648966 57645191
57648966 40125828
57648966 129409358
57648966 58106858
57648966 12264360
57648966 44759306
57648966 6229077
57648966 152627040
57648966 57647648
57648966 57650277
57648966 58160930
57648966 57650644
57648966 13824539
57648966 57647942
57648966 57652500
57648966 152486528
57648966 132191817
57648966 57643334
57648966 152800912
57648966 57645212
57648966 118831975
57648966 152784955
57648966 105853043
57648966 21662712
57648966 152540752
57648966 57650777
57648966 6850003
57648966 57647271
57648966 44757294
57648966 152692454
36914249 57645013
36914249 57653444
36914249 57648551
36914249 57649103
36914249 57599502
36914249 57645181
36914249 57643996
36914249 130237098
36914249 57651303
36914249 57651431
36914249 57643355
36914249 8505406
36914249 58441601
36914249 79437577
36914249 57647524
36914249 57648966
36914249 40014311
36914249 35915258
36914249 13276280
36914249 38883463
36914249 163815085
36914249 12264360
36914249 57647648
36914249 57650277
36914249 58160930
36914249 57647942
36914249 57652500
36914249 132191817
36914249 57643334
36914249 57645212
36914249 21662712
36914249 152540752
36914249 57650777
36914249 44757294
57651303 57643355
57651303 57645013
57651303 57647524
57651303 57652685
57651303 152941509
57651303 57653444
57651303 13276280
57651303 57648551
57651303 57644387
57651303 129409358
57651303 8505406
57651303 57649737
57651303 58441601
57651303 57649103
57651303 57588199
57651303 107496153
57651303 833461508
57651303 145456317
57651303 163815085
57651303 58446863
57651303 12264360
57651303 57650277
57651303 58424029
57651303 57648966
57651303 40014311
57651303 57650854
57651303 210282070
57651303 57599502
57651303 57645191
57651303 57645181
57651303 57643996
57651303 6229077
57651303 58160930
57651303 57651369
57651303 152572391
57651303 130237098
57651303 152899189
57651303 57648782
57651303 36914249
57651303 38883463
57651303 44759306
57651303 57647648
57651303 57651431
57651303 57650644
57651303 13824539
57651303 57647942
57651303 57652500
57651303 152486528
57651303 132191817
57651303 57643334
57651303 152800912
57651303 57645212
57651303 118831975
57651303 152784955
57651303 105853043
57651303 21662712
57651303 152540752
57651303 57650777
57651303 57647271
57651303 44757294
163815085 57645013
163815085 57653444
163815085 57648551
163815085 57644387
163815085 57649737
163815085 57649103
163815085 152478379
163815085 833461508
163815085 58424029
163815085 57599502
163815085 57645181
163815085 57643996
163815085 57651369
163815085 130237098
163815085 57648782
163815085 152854700
163815085 57651303
163815085 57651431
163815085 57643355
163815085 8505406
163815085 58441601
163815085 79437577
163815085 57647524
163815085 21007463
163815085 57588199
163815085 57648966
163815085 107496153
163815085 57652685
163815085 40014311
163815085 57650854
163815085 147602617
163815085 152941509
163815085 152899189
163815085 13276280
163815085 36914249
163815085 38883463
163815085 58446863
163815085 57645191
163815085 40125828
163815085 129409358
163815085 12264360
163815085 44759306
163815085 6229077
163815085 152627040
163815085 57647648
163815085 57650277
163815085 58160930
163815085 57650644
163815085 13824539
163815085 57647942
163815085 57652500
163815085 152486528
163815085 132191817
163815085 57643334
163815085 152800912
163815085 57645212
163815085 118831975
163815085 105853043
163815085 21662712
163815085 152540752
163815085 57650777
163815085 57647271
163815085 44757294
163815085 152692454
57645013 57643355
57645013 57647524
57645013 35915258
57645013 152941509
57645013 57653444
57645013 13276280
57645013 57648551
57645013 57644387
57645013 129409358
57645013 58106858
57645013 8505406
57645013 57649737
57645013 58441601
57645013 57649103
57645013 152478379
57645013 21007463
57645013 57588199
57645013 107496153
57645013 833461508
57645013 145456317
57645013 163815085
57645013 58446863
57645013 12264360
57645013 152627040
57645013 57650277
57645013 58424029
57645013 57648966
57645013 40014311
57645013 57650854
57645013 210282070
57645013 57599502
57645013 57645191
57645013 57645181
57645013 57643996
57645013 6229077
57645013 58160930
57645013 79437577
57645013 57651369
57645013 130237098
57645013 152899189
57645013 57648782
57645013 36914249
57645013 38883463
57645013 40125828
57645013 44759306
57645013 57647648
57645013 57651303
57645013 57651431
57645013 57650644
57645013 13824539
57645013 57647942
57645013 57652500
57645013 152486528
57645013 132191817
57645013 57643334
57645013 152800912
57645013 57645212
57645013 118831975
57645013 152784955
57645013 105853043
57645013 21662712
57645013 152540752
57645013 57650777
57645013 57647271
57645013 44757294
57647942 13276280
57647942 152899189
57647942 57645191
57647942 58446863
57647942 129409358
57647942 57643996
57647942 58441601
57647942 57645181
57647942 57643355
57647942 79437577
57647942 57645013
57647942 57588199
57647942 130237098
57647942 36914249
57647942 57644387
57647942 40014311
57647942 57647524
57647942 38883463
57647942 8505406
57647942 21007463
57647942 57647648
57647942 107496153
57647942 57648551
57647942 12264360
57647942 58424029
57647942 57650277
57647942 57649103
57647942 57648782
57647942 57648966
57647942 57599502
57647942 57651431
57647942 163815085
57647942 57651303
57647942 58160930
57647942 6229077
57647942 57650644
57647942 40125828
57647942 57651369
57647942 13824539
57647942 57653444
57647942 57649737
57647942 152627040
57647942 57650854
57647942 210282070
57647942 58106858
57647942 57652685
57647942 44759306
57647942 152572391
57647942 57652500
57647942 152486528
57647942 132191817
57647942 57643334
57647942 152800912
57647942 57645212
57647942 118831975
57647942 152784955
57647942 105853043
57647942 21662712
57647942 152540752
57647942 57650777
57647942 57647271
57647942 44757294
58160930 57645013
58160930 57648551
58160930 57644387
58160930 57649737
58160930 57649103
58160930 58424029
58160930 57645181
58160930 57643996
58160930 130237098
58160930 57648782
58160930 152854700
58160930 57651303
58160930 57643355
58160930 8505406
58160930 58441601
58160930 79437577
58160930 57647524
58160930 57588199
58160930 57648966
58160930 107496153
58160930 40014311
58160930 57650854
58160930 35915258
58160930 152941509
58160930 13276280
58160930 36914249
58160930 145456317
58160930 38883463
58160930 163815085
58160930 58446863
58160930 57645191
58160930 129409358
58160930 12264360
58160930 44759306
58160930 6229077
58160930 152627040
58160930 57647648
58160930 57650277
58160930 57650644
58160930 13824539
58160930 57647942
58160930 57652500
58160930 152486528
58160930 132191817
58160930 57643334
58160930 152800912
58160930 57645212
58160930 118831975
58160930 105853043
58160930 21662712
58160930 152540752
58160930 57650777
58160930 57647271
58160930 152692454
152854700 57643355
152854700 57647524
152854700 13276280
152854700 129409358
152854700 8505406
152854700 58441601
152854700 163815085
152854700 58446863
152854700 57650277
152854700 58424029
152854700 57648966
152854700 40014311
152854700 57643996
152854700 58160930
152854700 57648782
152854700 44759306
152854700 13824539
152854700 152486528
152854700 132191817
152854700 152800912
152854700 118831975
57588199 57645013
57588199 57653444
57588199 57648551
57588199 57644387
57588199 57649103
57588199 58424029
57588199 57645181
57588199 57643996
57588199 130237098
57588199 57648782
57588199 57651303
57588199 57651431
57588199 57643355
57588199 8505406
57588199 58441601
57588199 79437577
57588199 21007463
57588199 57648966
57588199 107496153
57588199 57652685
57588199 40014311
57588199 57650854
57588199 35915258
57588199 152899189
57588199 13276280
57588199 38883463
57588199 163815085
57588199 58446863
57588199 57645191
57588199 40125828
57588199 129409358
57588199 12264360
57588199 44759306
57588199 6229077
57588199 152627040
57588199 57647648
57588199 57650277
57588199 58160930
57588199 57650644
57588199 13824539
57588199 57647942
57588199 57652500
57588199 152486528
57588199 132191817
57588199 57643334
57588199 152800912
57588199 57645212
57588199 118831975
57588199 105853043
57588199 21662712
57588199 152540752
57588199 57650777
57588199 57647271
57588199 44757294
129409358 57645013
129409358 57653444
129409358 57648551
129409358 57644387
129409358 57649737
129409358 57649103
129409358 58424029
129409358 57599502
129409358 57645181
129409358 57643996
129409358 57651369
129409358 130237098
129409358 57648782
129409358 152854700
129409358 57651303
129409358 57651431
129409358 57643355
129409358 58441601
129409358 79437577
129409358 57647524
129409358 21007463
129409358 57588199
129409358 57648966
129409358 107496153
129409358 40014311
129409358 57650854
129409358 152941509
129409358 13276280
129409358 145456317
129409358 38883463
129409358 163815085
129409358 58446863
129409358 57645191
129409358 12264360
129409358 44759306
129409358 6229077
129409358 152627040
129409358 57647648
129409358 57650277
129409358 58160930
129409358 57650644
129409358 13824539
129409358 8505406
129409358 57647942
129409358 57652500
129409358 132191817
129409358 57643334
129409358 57645212
129409358 118831975
129409358 21662712
129409358 152540752
129409358 57650777
129409358 57647271
129409358 44757294
129409358 152692454
105853043 58441601
105853043 40014311
105853043 57647942
105853043 118831975
105853043 57645013
105853043 38883463
105853043 57648966
105853043 57648551
105853043 163815085
105853043 12264360
105853043 57651431
105853043 57645212
105853043 57644387
105853043 79437577
105853043 57643996
105853043 57647648
105853043 57645191
105853043 57649103
105853043 13276280
105853043 58424029
105853043 57645181
105853043 57588199
105853043 57643334
105853043 57651369
105853043 57650644
105853043 40125828
105853043 58446863
105853043 13824539
105853043 57647524
105853043 8505406
105853043 44759306
105853043 57643355
105853043 152627040
105853043 6229077
105853043 57650277
105853043 21007463
105853043 152486528
105853043 57652500
105853043 57651303
105853043 57653444
105853043 58160930
105853043 57650854
105853043 57648782
105853043 57649737
105853043 132191817
105853043 152800912
105853043 130237098
105853043 21662712
105853043 152540752
105853043 57650777
105853043 57647271
105853043 152692454
105853043 44757294
57653444 57643355
57653444 57645013
57653444 13276280
57653444 57644387
57653444 129409358
57653444 57649737
57653444 58441601
57653444 57649103
57653444 21007463
57653444 57588199
57653444 107496153
57653444 163815085
57653444 58446863
57653444 12264360
57653444 57650277
57653444 58424029
57653444 57648966
57653444 40014311
57653444 57650854
57653444 57645191
57653444 57645181
57653444 57643996
57653444 6229077
57653444 79437577
57653444 57651369
57653444 130237098
57653444 152899189
57653444 57648782
57653444 36914249
57653444 38883463
57653444 40125828
57653444 44759306
57653444 57647648
57653444 57651303
57653444 57651431
57653444 57650644
57653444 13824539
57653444 57647942
57653444 57652500
57653444 132191817
57653444 57643334
57653444 152800912
57653444 57645212
57653444 118831975
57653444 105853043
57653444 152540752
57653444 57650777
57653444 57647271
57645181 57643355
57645181 57645013
57645181 57647524
57645181 35915258
57645181 152941509
57645181 57653444
57645181 13276280
57645181 57648551
57645181 57644387
57645181 129409358
57645181 58106858
57645181 8505406
57645181 57649737
57645181 58441601
57645181 57649103
57645181 152478379
57645181 57588199
57645181 107496153
57645181 145456317
57645181 163815085
57645181 58446863
57645181 12264360
57645181 152627040
57645181 57650277
57645181 58424029
57645181 57648966
57645181 40014311
57645181 57650854
57645181 210282070
57645181 57599502
57645181 57645191
57645181 57643996
57645181 6229077
57645181 58160930
57645181 79437577
57645181 57651369
57645181 152572391
57645181 130237098
57645181 152899189
57645181 57648782
57645181 36914249
57645181 38883463
57645181 40125828
57645181 44759306
57645181 57647648
57645181 57651303
57645181 57651431
57645181 57650644
57645181 13824539
57645181 57647942
57645181 57652500
57645181 152486528
57645181 132191817
57645181 57643334
57645181 152800912
57645181 57645212
57645181 118831975
57645181 105853043
57645181 21662712
57645181 152540752
57645181 57650777
57645181 57647271
57645181 44757294
147602617 57645013
147602617 57645181
147602617 57643996
147602617 57643355
147602617 58441601
147602617 40014311
147602617 38883463
147602617 163815085
147602617 57650277
147602617 57647942
147602617 57652500
147602617 57645212
147602617 118831975
147602617 152540752
79437577 57645013
79437577 57653444
79437577 57648551
79437577 57644387
79437577 57649103
79437577 58424029
79437577 57645181
79437577 57643996
79437577 57651369
79437577 130237098
79437577 57648782
79437577 57651431
79437577 57643355
79437577 8505406
79437577 58441601
79437577 57647524
79437577 57588199
79437577 57648966
79437577 40014311
79437577 57650854
79437577 35915258
79437577 152941509
79437577 152899189
79437577 13276280
79437577 36914249
79437577 38883463
79437577 163815085
79437577 58446863
79437577 57645191
79437577 40125828
79437577 129409358
79437577 12264360
79437577 44759306
79437577 6229077
79437577 57647648
79437577 57650277
79437577 58160930
79437577 13824539
79437577 57647942
79437577 57652500
79437577 152486528
79437577 132191817
79437577 57643334
79437577 152800912
79437577 57645212
79437577 118831975
79437577 152784955
79437577 105853043
79437577 21662712
79437577 152540752
79437577 57650777
79437577 57647271
79437577 44757294
57647524 57645013
57647524 57648551
57647524 57644387
57647524 57649737
57647524 57649103
57647524 58424029
57647524 210282070
57647524 57645181
57647524 57643996
57647524 130237098
57647524 57648782
57647524 152854700
57647524 57651303
57647524 57651431
57647524 57643355
57647524 8505406
57647524 58441601
57647524 79437577
57647524 21007463
57647524 152572391
57647524 57648966
57647524 107496153
57647524 40014311
57647524 57650854
57647524 35915258
57647524 152941509
57647524 152899189
57647524 13276280
57647524 36914249
57647524 38883463
57647524 163815085
57647524 58446863
57647524 57645191
57647524 40125828
57647524 129409358
57647524 12264360
57647524 44759306
57647524 6229077
57647524 152627040
57647524 57647648
57647524 57650277
57647524 58160930
57647524 13824539
57647524 57647942
57647524 57652500
57647524 152486528
57647524 132191817
57647524 57643334
57647524 152800912
57647524 57645212
57647524 118831975
57647524 152784955
57647524 105853043
57647524 21662712
57647524 57650777
57647524 6850003
57647524 57647271
57647524 44757294
57647524 152692454
58441601 57645013
58441601 57653444
58441601 57648551
58441601 57644387
58441601 57649737
58441601 57649103
58441601 833461508
58441601 210282070
58441601 57599502
58441601 57645181
58441601 57643996
58441601 57651369
58441601 130237098
58441601 57648782
58441601 152854700
58441601 57651303
58441601 57651431
58441601 8505406
58441601 79437577
58441601 57647524
58441601 21007463
58441601 57588199
58441601 152572391
58441601 57648966
58441601 107496153
58441601 40014311
58441601 57650854
58441601 35915258
58441601 152941509
58441601 152899189
58441601 36914249
58441601 145456317
58441601 163815085
58441601 58446863
58441601 40125828
58441601 129409358
58441601 58106858
58441601 12264360
58441601 44759306
58441601 152627040
58441601 57647648
58441601 58160930
58441601 57650644
58441601 57643355
58441601 57645191
58441601 57652685
58441601 38883463
58441601 6229077
58441601 57650277
58441601 13276280
58441601 13824539
58441601 57647942
58441601 57652500
58441601 152486528
58441601 132191817
58441601 57643334
58441601 152800912
58441601 57645212
58441601 118831975
58441601 152784955
58441601 105853043
58441601 21662712
58441601 152540752
58441601 57650777
58441601 6850003
58441601 57647271
58441601 44757294
6850003 38883463
6850003 6229077
6850003 57647524
6850003 132191817
6850003 35915258
6850003 58441601
6850003 40014311
6850003 57648551
6850003 57645191
6850003 13824539
6850003 57643996
6850003 57648966
6850003 57647648
6850003 57649103
6850003 57647271
152478379 57643355
152478379 57645013
152478379 57649737
152478379 57649103
152478379 163815085
152478379 12264360
152478379 57650277
152478379 57648966
152478379 40014311
152478379 57645191
152478379 57645181
152478379 57643996
152478379 130237098
152478379 57648782
152478379 38883463
152478379 57647648
152478379 57651431
152478379 13824539
152478379 57647942
152478379 57652500
152478379 132191817
152478379 57643334
152478379 57645212
152478379 118831975
152478379 152784955
152478379 152540752
152478379 57647271
152478379 57650777
40125828 57645013
40125828 57653444
40125828 57649737
40125828 57649103
40125828 58424029
40125828 57599502
40125828 57645181
40125828 57643996
40125828 57651369
40125828 57648782
40125828 57643355
40125828 8505406
40125828 58441601
40125828 79437577
40125828 57647524
40125828 21007463
40125828 57588199
40125828 57648966
40125828 107496153
40125828 57652685
40125828 40014311
40125828 35915258
40125828 152899189
40125828 13276280
40125828 145456317
40125828 38883463
40125828 163815085
40125828 58446863
40125828 57645191
40125828 12264360
40125828 6229077
40125828 152627040
40125828 57647648
40125828 57650277
40125828 57647942
40125828 57652500
40125828 132191817
40125828 57643334
40125828 152800912
40125828 57645212
40125828 118831975
40125828 105853043
40125828 21662712
40125828 152540752
40125828 57650777
40125828 57647271
40125828 44757294
152783648 57643355
152783648 58446863
57648782 57643355
57648782 57645013
57648782 57647524
57648782 57652685
57648782 152941509
57648782 57653444
57648782 13276280
57648782 57648551
57648782 57644387
57648782 129409358
57648782 58106858
57648782 8505406
57648782 57649737
57648782 58441601
57648782 57649103
57648782 152478379
57648782 21007463
57648782 57588199
57648782 107496153
57648782 833461508
57648782 145456317
57648782 163815085
57648782 58446863
57648782 12264360
57648782 152627040
57648782 57650277
57648782 57648966
57648782 40014311
57648782 57650854
57648782 210282070
57648782 57599502
57648782 57645191
57648782 57645181
57648782 57643996
57648782 6229077
57648782 58160930
57648782 79437577
57648782 57651369
57648782 152572391
57648782 130237098
57648782 152899189
57648782 152854700
57648782 38883463
57648782 40125828
57648782 44759306
57648782 57647648
57648782 57651303
57648782 57651431
57648782 57650644
57648782 13824539
57648782 57647942
57648782 57652500
57648782 152486528
57648782 132191817
57648782 57643334
57648782 152800912
57648782 57645212
57648782 118831975
57648782 105853043
57648782 21662712
57648782 152540752
57648782 57650777
57648782 57647271
57648782 44757294
152692454 58441601
152692454 13276280
152692454 129409358
152692454 12264360
152692454 57643355
152692454 57645212
152692454 152899189
152692454 105853043
152692454 57650644
152692454 57649737
152692454 58424029
152692454 118831975
152692454 163815085
152692454 57647942
152692454 57645013
152692454 132191817
152692454 57648551
152692454 58160930
152692454 57650277
152692454 57643996
152692454 152540752
152692454 57649103
152692454 6229077
152692454 8505406
152692454 57643334
152692454 13824539
152692454 57647524
152692454 57648966
152692454 44759306
152692454 58446863
57650777 57649103
57650777 57588199
57650777 58424029
57650777 57650644
57650777 57647942
57650777 57647648
57650777 118831975
57650777 57648966
57650777 57650277
57650777 57651431
57650777 12264360
57650777 57645191
57650777 13276280
57650777 57643996
57650777 57643355
57650777 57645212
57650777 57644387
57650777 57645013
57650777 57643334
57650777 38883463
57650777 6229077
57650777 40014311
57650777 57645181
57650777 57648782
57650777 58441601
57650777 163815085
57650777 132191817
57650777 57599502
57650777 57648551
57650777 57651303
57650777 13824539
57650777 129409358
57650777 79437577
57650777 105853043
57650777 57649737
57650777 57650854
57650777 21662712
57650777 57653444
57650777 145456317
57650777 152540752
57650777 130237098
57650777 107496153
57650777 58160930
57650777 152627040
57650777 57647524
57650777 44759306
57650777 8505406
57650777 210282070
57650777 57652500
57650777 152486528
57650777 58446863
57650777 57652685
57650777 833461508
57650777 152941509
57650777 36914249
57650777 152784955
57650777 40125828
57650777 57647271
152661808 57648551
152661808 57649737
152661808 12264360
152661808 57648966
152661808 118831975
152572391 57648551
152572391 58424029
152572391 57645181
152572391 57643996
152572391 57648782
152572391 57651303
152572391 57643355
152572391 58441601
152572391 57647524
152572391 107496153
152572391 13276280
152572391 145456317
152572391 38883463
152572391 12264360
152572391 6229077
152572391 57647648
152572391 57650277
152572391 57647942
152572391 57652500
152572391 57643334
152572391 57645212
57649737 57643355
57649737 57645013
57649737 57647524
57649737 57652685
57649737 57653444
57649737 13276280
57649737 57648551
57649737 57644387
57649737 129409358
57649737 58441601
57649737 57649103
57649737 152478379
57649737 57588199
57649737 107496153
57649737 145456317
57649737 163815085
57649737 58446863
57649737 12264360
57649737 57650277
57649737 58424029
57649737 57648966
57649737 40014311
57649737 57650854
57649737 57599502
57649737 57645191
57649737 57645181
57649737 57643996
57649737 6229077
57649737 58160930
57649737 57651369
57649737 130237098
57649737 152661808
57649737 152899189
57649737 57648782
57649737 38883463
57649737 40125828
57649737 44759306
57649737 57647648
57649737 57651303
57649737 57651431
57649737 57650644
57649737 13824539
57649737 57647942
57649737 57652500
57649737 152486528
57649737 132191817
57649737 57643334
57649737 152800912
57649737 57645212
57649737 118831975
57649737 105853043
57649737 21662712
57649737 152540752
57649737 57650777
57649737 57647271
57649737 44757294
57649737 152692454
152899189 57645013
152899189 57653444
152899189 57644387
152899189 57649737
152899189 57649103
152899189 58424029
152899189 210282070
152899189 57599502
152899189 57645181
152899189 57643996
152899189 130237098
152899189 57648782
152899189 57651303
152899189 57643355
152899189 8505406
152899189 58441601
152899189 79437577
152899189 57647524
152899189 21007463
152899189 57588199
152899189 57648966
152899189 107496153
152899189 57652685
152899189 40014311
152899189 57650854
152899189 35915258
152899189 13276280
152899189 38883463
152899189 163815085
152899189 58446863
152899189 57645191
152899189 40125828
152899189 12264360
152899189 6229077
152899189 152627040
152899189 57647648
152899189 57650277
152899189 13824539
152899189 57647942
152899189 152486528
152899189 132191817
152899189 57643334
152899189 152800912
152899189 57645212
152899189 118831975
152899189 152784955
152899189 105853043
152899189 21662712
152899189 152540752
152899189 57647271
152899189 44757294
152899189 152692454
