753057971 636969275
753057971 298807832
801567134 453972672
636969275 528798069
636969275 643934256
636969275 219776201
636969275 56243043
636969275 238659509
636969275 753057971
636969275 364526381
636969275 449042976
636969275 99235856
636969275 73544394
636969275 50645791
636969275 52453244
636969275 350145612
528798069 636969275
364526381 636969275
364526381 99235856
364526381 73544394
219776201 636969275
52453244 636969275
52453244 449042976
449042976 636969275
449042976 52453244
449042976 3609114
449042976 350145612
519989811 643934256
99235856 364526381
99235856 636969275
298807832 753057971
94840150 155764567
105490174 56243043
73544394 643934256
73544394 636969275
73544394 364526381
73544394 144538781
50645791 219776201
50645791 636969275
50645791 643934256
643934256 636969275
643934256 73544394
643934256 519989811
643934256 50645791
56243043 636969275
56243043 105490174
3609114 449042976
3609114 453972672
144538781 528798069
144538781 73544394
144538781 324955167
238659509 636969275
350145612 449042976
350145612 636969275
155764567 94840150
