132141872 19481041
75253989 127189463
165353670 127189463
155595277 127189463
135625948 127189463
96162397 127189463
836614515 127189463
511894549 127189463
76787168 21587784
76787168 102924523
76787168 19200612
76787168 163343337
76787168 197864315
76787168 730475413
76787168 19481041
455136000 127189463
155783809 127189463
572496090 127189463
163343337 127189463
705227821 127189463
674738427 127189463
21587784 76787168
178860210 127189463
506720475 127189463
166226284 127189463
527115910 127189463
331412328 127189463
365811211 127189463
236354408 127189463
30875341 19481041
730475413 76787168
197864315 127189463
836612765 127189463
164819888 127189463
365287631 127189463
102924523 76787168
77960353 127189463
182267323 19481041
182267323 127189463
398126934 127189463
51017794 127189463
836613636 127189463
528768832 127189463
103823738 127189463
179194426 127189463
38052821 127189463
836613956 127189463
151973931 127189463
635222315 127189463
19481041 76787168
19481041 182267323
19481041 132141872
19481041 30875341
19481041 127189463
700539576 127189463
19200612 127189463
523084061 127189463
165489850 127189463
635251459 127189463
134992364 127189463
545006248 127189463
