152954099 127166025
152954099 101699562
152954099 57643890
152954099 57649945
152954099 31415083
581067818 127166025
57647843 57643890
57647843 20899071
57647843 127166025
57647843 23713563
57647843 101699562
57647843 57649945
57647843 31415083
57647843 152930886
57647843 57643573
57647843 50867419
267905537 127166025
152674114 127166025
23713563 57643890
23713563 20899071
23713563 152672899
23713563 57647843
23713563 127166025
745591040 127166025
582407077 127166025
152534678 127166025
581682473 127166025
48025684 127166025
85903506 127166025
85903506 152933401
20899071 57643890
20899071 57649017
20899071 57647843
20899071 127166025
20899071 23713563
20899071 57649945
20899071 57643573
20899071 50867419
581576863 57643890
581576863 127166025
57649945 57643890
57649945 20899071
57649945 152631068
57649945 57649017
57649945 57647843
57649945 29543201
57649945 101699562
57649945 155831914
57649945 581576863
57649945 57643573
57649945 127166025
57649945 31415083
57649945 152930886
57649945 17743731
57649945 29112692
57649945 152818270
57649945 152954099
515986394 127166025
836614554 127166025
134623279 127166025
247238004 127166025
37178656 127166025
298831640 225487780
298831640 127166025
152933401 85903506
152933401 127166025
152933401 57643573
57598223 57643890
57598223 155831914
57598223 127166025
57598223 31415083
29543201 57643890
29543201 127166025
29543201 101699562
29543201 57649945
152700900 127166025
152833623 225487780
152833623 127166025
144177240 127166025
132532400 127166025
128504397 57643890
128504397 127166025
128504397 57643573
40071342 57643890
40071342 225487780
40071342 127166025
49391699 127166025
210228364 57643890
210228364 127166025
21956475 127166025
124768015 127166025
812452535 127166025
155863956 225487780
155863956 127166025
155863956 31415083
431002608 127166025
582083305 127166025
225487780 40071342
225487780 155863956
225487780 127166025
225487780 152833623
225487780 58334421
225487780 298831640
225487780 132532400
225487780 31415083
57643573 57643890
57643573 20899071
57643573 57650050
57643573 152631068
57643573 582026679
57643573 85903506
57643573 57649017
57643573 57647843
57643573 127166025
57643573 128504397
57643573 29543201
57643573 152933401
57643573 155831914
57643573 57649945
57643573 31415083
57643573 152930886
57643573 581576863
57643573 50867419
57643573 29112692
57643573 152954099
139705485 127166025
21946924 57643890
21946924 127166025
38448221 127166025
57649017 57643890
57649017 20899071
57649017 127166025
57649017 101699562
57649017 57649945
155831914 57643890
155831914 57647843
155831914 127166025
155831914 57598223
155831914 57649945
155831914 57643573
155831914 152954099
58334421 225487780
58334421 127166025
836612602 127166025
152631068 127166025
152631068 57649945
57643890 20899071
57643890 210228364
57643890 582026679
57643890 40071342
57643890 21946924
57643890 57649017
57643890 57647843
57643890 127166025
57643890 128504397
57643890 29543201
57643890 57598223
57643890 23713563
57643890 101699562
57643890 132532400
57643890 155831914
57643890 57649945
57643890 31415083
57643890 152930886
57643890 581576863
57643890 57643573
57643890 50867419
57643890 29112692
57643890 152954099
50867419 57643890
50867419 20899071
50867419 57647843
50867419 101699562
50867419 57643573
50867419 127166025
241761499 127166025
728655086 127166025
152818270 127166025
152818270 57649945
152818270 57647843
152818270 225487780
31415083 57643890
31415083 152631068
31415083 225487780
31415083 155863956
31415083 152672899
31415083 57647843
31415083 101695428
31415083 101699562
31415083 57643573
31415083 57650050
31415083 57649945
31415083 57598223
31415083 127166025
31415083 152930886
31415083 29112692
31415083 152954099
518911983 127166025
694874080 127166025
6432431 127166025
111554508 127166025
834036005 127166025
57650050 57643890
57650050 101699562
57650050 57643573
57650050 127166025
57650050 31415083
582026679 57643890
582026679 127166025
582026679 57643573
145622363 127166025
145622363 101699562
101699562 57643890
101699562 57650050
101699562 57649017
101699562 57647843
101699562 101695428
101699562 127166025
101699562 29543201
101699562 152933401
101699562 57649945
101699562 145622363
101699562 31415083
101699562 152954099
152930886 57643890
152930886 57647843
152930886 57643573
152930886 57649945
152930886 127166025
33687071 127166025
17743731 57650050
17743731 57649945
17743731 127166025
67571943 127166025
152672899 127166025
152672899 23713563
723863001 127166025
506102023 127166025
29112692 57643573
29112692 57649945
29112692 57643890
29112692 31415083
101695428 127166025
101695428 101699562
101695428 31415083
