83640747 19961489
48752411 19961489
133112513 31821958
133112513 19961489
18885183 47900879
18885183 77159631
18885183 31821958
130329952 82528592
130329952 31821958
130329952 19961489
11944040 32628872
11944040 11310907
11944040 19961489
69083574 27690868
69083574 32628872
69083574 31821958
69083574 19961489
82528592 39237096
82528592 45224014
82528592 77159631
82528592 130329952
82528592 32628872
82528592 44656523
82528592 11310907
82528592 19961489
302918110 19961489
49053525 31821958
49053525 19961489
65390101 34644389
65390101 31821958
29864668 19961489
77159631 34774347
77159631 39237096
77159631 27690868
77159631 32628872
77159631 40151718
77159631 34644389
77159631 83640747
77159631 81916797
77159631 18885183
77159631 19961489
39237096 82528592
39237096 77159631
39237096 31821958
57424734 31821958
31821958 34774347
31821958 36823103
31821958 39237096
31821958 27690868
31821958 57465793
31821958 65390101
31821958 18898384
31821958 45224014
31821958 130329952
31821958 32628872
31821958 49053525
31821958 57424734
31821958 28383362
31821958 34644389
31821958 69083574
31821958 133112513
31821958 81916797
31821958 18885183
31821958 19961489
25098355 19961489
45224014 47900879
45224014 82528592
45224014 31821958
45224014 11310907
36823103 32628872
36823103 19961489
36823103 31821958
34644389 34774347
34644389 65390101
34644389 77159631
34644389 31821958
34644389 19961489
44656523 82528592
44656523 31821958
44656523 11310907
44656523 81916797
44656523 57126476
44656523 19961489
47900879 18885183
132797197 19961489
57465793 31821958
57465793 19961489
49042992 32628872
49042992 19961489
18898384 32628872
18898384 31821958
18898384 19961489
82264409 19961489
27690868 34774347
27690868 77159631
27690868 32628872
27690868 31821958
27690868 69083574
27690868 19961489
34774347 27690868
34774347 77159631
34774347 32628872
34774347 34644389
40151718 77159631
40151718 32628872
40151718 19961489
81916797 77159631
81916797 19961489
32628872 27690868
32628872 31821958
32628872 19961489
11310907 82528592
11310907 19961489
28383362 31821958
28383362 19961489
19961489 32628872
19961489 28383362
19961489 31821958
