447850470 124319594
677157201 37975102
298852695 127175818
298852695 19362934
45482015 127175818
299372209 127175818
154716656 127175818
695910196 55247344
300404778 127175818
14472224 127175818
54398248 93720825
54398248 127175818
10184784 127175818
257889830 127175818
37975102 677157201
37975102 127175818
103099069 36961842
47717699 57194241
47717699 127175818
3824744 52014039
169548498 127175818
86027477 127175818
301794223 127175818
199983782 127175818
300815041 127175818
52550355 4985421
52550355 127175818
39210742 127175818
89499901 127175818
13657306 57194241
13657306 127175818
45433710 127175818
135662 55247344
135662 127637214
135662 127175818
52546932 127175818
48681836 55247344
70407216 55247344
70407216 93720825
127637214 135662
127637214 127175818
74678279 127175818
1079870 127175818
58017903 4985421
58017903 19362934
58017903 127175818
36961842 103099069
52014039 55117537
52014039 3824744
52014039 167427891
52014039 4985421
52014039 127175818
27141105 127175818
109644592 127175818
36387441 127175818
217792433 127175818
1564184 127175818
167427891 52014039
10878949 127175818
54396925 127175818
359378102 19362934
93720825 55247344
93720825 70407216
93720825 54398248
93720825 127175818
57194241 47717699
57194241 13657306
57194241 127175818
9665330 127175818
55117537 52014039
11393008 127175818
51695082 127175818
54402299 127175818
76304980 127175818
152850561 19362934
299817321 127175818
19362934 58017903
19362934 152850561
19362934 298852695
19362934 359378102
72521117 127175818
4985421 127175818
44441283 127175818
300785200 127175818
807652026 55117537
55247344 93720825
55247344 135662
55247344 70407216
55247344 695910196
55247344 48681836
55247344 127175818
302357384 127175818
54395396 127175818
