70015488 81850344
70015488 16401444
70015488 128072381
253933090 128072381
48736817 81850344
57417728 81850344
57417728 16401444
57417728 36467445
57417728 60083212
57417728 59731074
32752883 128514893
32752883 12999029
32752883 20258135
24773269 36467445
24773269 16401444
24773269 60083212
90811877 81850344
131467838 16401444
61772848 128072381
36467445 81850344
36467445 127298523
36467445 16401444
12999029 32752883
128072381 81850344
130023541 81850344
130023541 128072381
152700512 81850344
152700512 16401444
152700512 128072381
82398518 128072381
82398518 81850344
16724230 128072381
16724230 16401444
16724230 81850344
37022109 81850344
37022109 16401444
81850344 16401444
81850344 36467445
81850344 128374190
20258135 128514893
5039023 81850344
5039023 36467445
5039023 128072381
49160979 128072381
128374190 81850344
50901442 81850344
50901442 536425574
50901442 16724230
27891196 81850344
27891196 16401444
27891196 59731074
138306623 81850344
138306623 374504999
138306623 128072381
192442049 128514893
129337087 128072381
12576345 81850344
12576345 127298523
12576345 16401444
12576345 60083212
12576345 59731074
237405372 16401444
130008095 81850344
152674221 128072381
4931389 81850344
4931389 36467445
10050122 128072381
35411585 81850344
128255703 81850344
128255703 127298523
128255703 16401444
128255703 128072381
97271708 81850344
97271708 59731074
59731074 81850344
59731074 16401444
59731074 57417728
59731074 60083212
144753799 128072381
60288223 81850344
60288223 128072381
35697842 81850344
35697842 128072381
39036836 16401444
39036836 16724230
72472712 81850344
72472712 16401444
507177445 81850344
152565077 81850344
152565077 128072381
130831039 81850344
60083212 81850344
60083212 12576345
60083212 16401444
60083212 57417728
60083212 36467445
60083212 59731074
374504999 128072381
49343706 81850344
49343706 16401444
58180676 16401444
14251239 81850344
14251239 127298523
14251239 128072381
31260920 128072381
31260920 192442049
11135949 81850344
11135949 61239799
11135949 16401444
61239799 84200483
61239799 16401444
128514893 128072381
128514893 20258135
128514893 192442049
49490812 128072381
49490812 81850344
49490812 16401444
536425574 81850344
22204796 81850344
22204796 28185735
22204796 16401444
22204796 36467445
636454545 128072381
58179516 128072381
28185735 81850344
28185735 16401444
28185735 36467445
16401444 81850344
16401444 12576345
16401444 127298523
16401444 36467445
16401444 60083212
130187193 16401444
534793704 128072381
127298523 81850344
127298523 16401444
127298523 36467445
127298523 60083212
84200483 61239799
84200483 16401444
84200483 128072381
497837977 128072381
31711471 81850344
31711471 127298523
31711471 128072381
31711471 10050122
