49520763 57653135
49520763 50627584
49520763 35163719
49520763 57650405
49520763 57648327
49520763 57649103
49520763 50614736
49520763 44759386
49520763 127504258
49520763 601624149
49520763 30860781
49520763 57647607
49520763 60691505
49520763 57649383
49520763 210235404
49520763 128502171
49520763 210199837
49520763 42073218
49520763 57848936
49520763 210273484
49520763 57649420
49520763 57648182
49520763 21674910
49520763 61934675
49520763 22415358
49520763 130044107
49520763 57644401
49520763 57653156
49520763 15312737
49520763 49213325
49520763 57644698
49520763 57644344
49520763 57650624
49520763 152572143
49520763 57646552
49520763 58441566
49520763 6883527
49520763 15579405
49520763 57645191
49520763 121878416
49520763 57652258
49520763 57646368
49520763 57644657
49520763 49520817
49520763 3218118
49520763 687838647
49520763 65293269
49520763 57646206
49520763 57644042
49520763 57567207
49520763 26732858
49520763 126018634
49520763 16045379
49520763 29313691
49520763 74627839
49520763 57644011
49520763 57848927
22415358 57653135
22415358 50627584
22415358 134515320
22415358 35163719
22415358 57650405
22415358 22397521
22415358 57648327
22415358 57649103
22415358 50614736
22415358 44759386
22415358 127504258
22415358 30860781
22415358 57647607
22415358 60691505
22415358 152890826
22415358 57649383
22415358 57643272
22415358 210235404
22415358 128502171
22415358 210199837
22415358 42073218
22415358 57848936
22415358 210273484
22415358 57648182
22415358 13230147
22415358 21674910
22415358 61934675
22415358 130044107
22415358 57644657
22415358 57644401
22415358 57653156
22415358 15312737
22415358 49520763
22415358 57644698
22415358 57646368
22415358 57644344
22415358 49520817
22415358 57650624
22415358 152572143
22415358 57646552
22415358 58441566
22415358 121878416
22415358 6883527
22415358 57645191
22415358 15579405
22415358 3218118
22415358 687838647
22415358 65293269
22415358 57646206
22415358 57644042
22415358 57567207
22415358 26732858
22415358 126018634
22415358 16045379
22415358 29313691
22415358 74627839
22415358 57644011
22415358 57848927
22397521 130044107
22397521 57644401
22397521 50627584
22397521 35163719
22397521 57652258
22397521 22415358
22397521 57653156
22397521 57648327
22397521 57649103
22397521 50614736
22397521 44759386
22397521 49520763
22397521 57644344
22397521 57647607
22397521 15312737
22397521 60691505
22397521 49520817
22397521 57646552
22397521 58441566
22397521 121878416
22397521 57645191
22397521 15579405
22397521 128502171
22397521 57848936
22397521 6883527
22397521 65293269
22397521 57567207
22397521 126018634
22397521 16045379
22397521 29313691
22397521 57644011
22397521 57848927
44759386 130044107
44759386 57644401
44759386 50627584
44759386 35163719
44759386 57652685
44759386 57646368
44759386 57650624
44759386 152572143
44759386 57650405
44759386 57652258
44759386 22397521
44759386 3218118
44759386 22415358
44759386 57653156
44759386 57648327
44759386 57649103
44759386 50614736
44759386 49520763
44759386 57644344
44759386 127504258
44759386 49207229
44759386 601624149
44759386 30860781
44759386 57647607
44759386 15312737
44759386 60691505
44759386 49520817
44759386 57646552
44759386 152890826
44759386 58441566
44759386 93768138
44759386 57651195
44759386 121878416
44759386 57645191
44759386 57649383
44759386 57643272
44759386 15579405
44759386 57644657
44759386 128502171
44759386 42073218
44759386 57848936
44759386 65288139
44759386 6883527
44759386 57648182
44759386 13230147
44759386 21674910
44759386 687838647
44759386 65293269
44759386 57646206
44759386 57644042
44759386 57567207
44759386 26732858
44759386 126018634
44759386 16045379
44759386 29313691
44759386 74627839
44759386 57644011
44759386 57848927
21674910 130044107
21674910 57644401
21674910 57653135
21674910 50627584
21674910 35163719
21674910 57652685
21674910 57646368
21674910 57650624
21674910 152572143
21674910 57650405
21674910 128395943
21674910 57652258
21674910 3218118
21674910 61934675
21674910 22415358
21674910 57653156
21674910 57648327
21674910 57649103
21674910 50614736
21674910 44759386
21674910 49520763
21674910 57644344
21674910 127504258
21674910 130236956
21674910 601624149
21674910 30860781
21674910 57647607
21674910 15312737
21674910 49213325
21674910 57644698
21674910 60691505
21674910 49520817
21674910 57646552
21674910 58441566
21674910 121878416
21674910 57645191
21674910 57649383
21674910 57643272
21674910 15579405
21674910 210235404
21674910 57644657
21674910 128502171
21674910 42073218
21674910 57848936
21674910 65288139
21674910 210273484
21674910 6883527
21674910 57649420
21674910 57648182
21674910 13230147
21674910 687838647
21674910 65293269
21674910 57646206
21674910 57644042
21674910 57567207
21674910 26732858
21674910 126018634
21674910 16045379
21674910 29313691
21674910 74627839
21674910 57644011
21674910 57848927
121878416 57653135
121878416 50627584
121878416 134515320
121878416 35163719
121878416 57649484
121878416 57650405
121878416 128395943
121878416 22397521
121878416 57648327
121878416 57649103
121878416 50614736
121878416 44759386
121878416 127504258
121878416 49207229
121878416 601624149
121878416 30860781
121878416 57647607
121878416 582321780
121878416 60691505
121878416 152890826
121878416 57651195
121878416 57649383
121878416 57643272
121878416 518415877
121878416 128502171
121878416 42073218
121878416 57848936
121878416 65288139
121878416 210273484
121878416 57649420
121878416 57648182
121878416 13230147
121878416 21674910
121878416 61934675
121878416 22415358
121878416 130044107
121878416 57644401
121878416 57653156
121878416 15312737
121878416 49213325
121878416 57644344
121878416 57650624
121878416 152572143
121878416 57646552
121878416 58441566
121878416 6883527
121878416 15579405
121878416 207069988
121878416 57645191
121878416 49520763
121878416 57652685
121878416 57652258
121878416 57646368
121878416 57644657
121878416 49520817
121878416 3218118
121878416 687838647
121878416 65293269
121878416 57646206
121878416 57644042
121878416 57567207
121878416 26732858
121878416 126018634
121878416 16045379
121878416 29313691
121878416 74627839
121878416 57644011
121878416 57848927
50627584 130044107
50627584 57644401
50627584 35163719
50627584 57646368
50627584 152572143
50627584 57652258
50627584 22397521
50627584 3218118
50627584 22415358
50627584 57653156
50627584 57648327
50627584 57649103
50627584 50614736
50627584 44759386
50627584 49520763
50627584 57644344
50627584 127504258
50627584 601624149
50627584 57647607
50627584 15312737
50627584 49213325
50627584 60691505
50627584 49520817
50627584 57646552
50627584 58441566
50627584 93768138
50627584 57651195
50627584 121878416
50627584 57645191
50627584 57649383
50627584 57643272
50627584 210235404
50627584 155856029
50627584 57644657
50627584 128502171
50627584 210199837
50627584 42073218
50627584 57848936
50627584 65288139
50627584 210273484
50627584 6883527
50627584 57649420
50627584 57648182
50627584 21674910
50627584 687838647
50627584 65293269
50627584 57646206
50627584 57644042
50627584 57567207
50627584 26732858
50627584 126018634
50627584 16045379
50627584 29313691
50627584 74627839
50627584 57644011
50627584 57848927
210273484 130044107
210273484 57644401
210273484 50627584
210273484 35163719
210273484 57646368
210273484 3218118
210273484 22415358
210273484 57648327
210273484 49520763
210273484 57644344
210273484 127504258
210273484 30860781
210273484 57647607
210273484 15312737
210273484 57644698
210273484 60691505
210273484 49520817
210273484 57646552
210273484 58441566
210273484 121878416
210273484 57645191
210273484 57643272
210273484 15579405
210273484 128502171
210273484 42073218
210273484 57848936
210273484 6883527
210273484 57648182
210273484 21674910
210273484 687838647
210273484 65293269
210273484 57567207
210273484 126018634
210273484 16045379
210273484 29313691
210273484 74627839
210273484 57644011
210273484 57848927
687838647 57648182
687838647 30860781
687838647 60691505
687838647 44759386
687838647 50627584
687838647 601624149
687838647 42073218
687838647 121878416
687838647 57644401
687838647 57645191
687838647 57649103
687838647 57848936
687838647 210273484
687838647 6883527
687838647 57652258
687838647 15579405
687838647 15312737
687838647 57650405
687838647 57653156
687838647 57648327
687838647 57650624
687838647 50614736
687838647 57647607
687838647 130044107
687838647 57644344
687838647 58441566
687838647 57646552
687838647 57649383
687838647 127504258
687838647 57644657
687838647 152572143
687838647 22415358
687838647 128502171
687838647 49520763
687838647 49520817
687838647 35163719
687838647 57652685
687838647 57653135
687838647 57644698
687838647 210199837
687838647 57646368
687838647 3218118
687838647 21674910
687838647 65293269
687838647 57646206
687838647 57644042
687838647 57567207
687838647 26732858
687838647 126018634
687838647 16045379
687838647 29313691
687838647 74627839
687838647 57644011
687838647 57848927
57644042 57648182
57644042 49520763
57644042 121878416
57644042 15579405
57644042 57646552
57644042 49520817
57644042 6883527
57644042 50627584
57644042 57646206
57644042 57647607
57644042 60691505
57644042 21674910
57644042 49213325
57644042 42073218
57644042 13230147
57644042 57644401
57644042 15312737
57644042 57644344
57644042 57653156
57644042 65293269
57644042 57645191
57644042 50614736
57644042 22415358
57644042 57644657
57644042 57848936
57644042 57649420
57644042 57648327
57644042 35163719
57644042 128395943
57644042 3218118
57644042 57649103
57644042 57646368
57644042 58441566
57644042 57649383
57644042 57650405
57644042 49207229
57644042 57650624
57644042 57651195
57644042 601624149
57644042 44759386
57644042 57649484
57644042 57653135
57644042 57652258
57644042 152572143
57644042 57652685
57644042 210199837
57644042 130236956
57644042 687838647
57644042 130044107
57644042 152890826
57644042 57567207
57644042 26732858
57644042 126018634
57644042 16045379
57644042 29313691
57644042 74627839
57644042 57644011
57644042 57848927
518415877 57644401
518415877 57652258
518415877 57649103
518415877 44759386
518415877 57647607
518415877 57646552
518415877 121878416
518415877 15579405
518415877 57848936
518415877 6883527
518415877 126018634
518415877 16045379
518415877 57848927
518415877 57644011
518415877 74627839
57645191 57653135
57645191 50627584
57645191 35163719
57645191 57650405
57645191 128395943
57645191 22397521
57645191 57648327
57645191 57649103
57645191 50614736
57645191 44759386
57645191 601624149
57645191 30860781
57645191 57647607
57645191 60691505
57645191 152890826
57645191 93768138
57645191 57651195
57645191 57649383
57645191 57643272
57645191 128502171
57645191 210199837
57645191 42073218
57645191 57848936
57645191 65288139
57645191 210273484
57645191 57649420
57645191 57648182
57645191 13230147
57645191 21674910
57645191 22415358
57645191 130044107
57645191 57644401
57645191 57653156
57645191 15312737
57645191 49213325
57645191 57644698
57645191 57644344
57645191 57650624
57645191 152572143
57645191 57646552
57645191 58441566
57645191 6883527
57645191 15579405
57645191 121878416
57645191 49520763
57645191 57652258
57645191 57646368
57645191 57644657
57645191 49520817
57645191 3218118
57645191 687838647
57645191 65293269
57645191 57646206
57645191 57644042
57645191 57567207
57645191 26732858
57645191 126018634
57645191 16045379
57645191 29313691
57645191 74627839
57645191 57644011
57645191 57848927
57650624 57653135
57650624 50627584
57650624 134515320
57650624 35163719
57650624 57649484
57650624 57650405
57650624 128395943
57650624 57648327
57650624 57649103
57650624 50614736
57650624 44759386
57650624 127504258
57650624 49207229
57650624 601624149
57650624 57647607
57650624 60691505
57650624 152890826
57650624 57651195
57650624 57649383
57650624 42073218
57650624 57848936
57650624 65288139
57650624 57649420
57650624 57648182
57650624 21674910
57650624 22415358
57650624 130044107
57650624 57644657
57650624 57644401
57650624 57653156
57650624 15312737
57650624 49213325
57650624 49520763
57650624 57652685
57650624 57646368
57650624 57644344
57650624 49520817
57650624 152572143
57650624 57646552
57650624 58441566
57650624 121878416
57650624 6883527
57650624 57645191
57650624 57652258
57650624 15579405
57650624 3218118
57650624 687838647
57650624 65293269
57650624 57646206
57650624 57644042
57650624 57567207
57650624 26732858
57650624 126018634
57650624 16045379
57650624 29313691
57650624 74627839
57650624 57644011
57650624 57848927
57649383 57644401
57649383 57653135
57649383 50627584
57649383 35163719
57649383 57650624
57649383 152572143
57649383 57649484
57649383 57650405
57649383 57652258
57649383 22415358
57649383 57653156
57649383 57648327
57649383 57649103
57649383 50614736
57649383 44759386
57649383 49520763
57649383 57644344
57649383 601624149
57649383 60691505
57649383 49520817
57649383 57646552
57649383 152890826
57649383 58441566
57649383 57651195
57649383 121878416
57649383 57645191
57649383 57644657
57649383 42073218
57649383 57848936
57649383 65288139
57649383 6883527
57649383 57649420
57649383 57648182
57649383 21674910
57649383 687838647
57649383 65293269
57649383 57646206
57649383 57644042
57649383 57567207
57649383 26732858
57649383 126018634
57649383 16045379
57649383 29313691
57649383 74627839
57649383 57644011
57649383 57848927
57643272 130044107
57643272 57644401
57643272 57646368
57643272 57652258
57643272 22415358
57643272 57648327
57643272 57649103
57643272 50614736
57643272 44759386
57643272 57644344
57643272 30860781
57643272 57647607
57643272 15312737
57643272 60691505
57643272 58441566
57643272 121878416
57643272 57645191
57643272 15579405
57643272 57644657
57643272 128502171
57643272 210199837
57643272 42073218
57643272 57848936
57643272 210273484
57643272 6883527
57643272 21674910
57643272 65293269
57643272 57567207
57643272 26732858
57643272 126018634
57643272 16045379
57643272 29313691
57643272 57644011
57643272 57848927
581919874 6883527
581919874 29313691
93768138 130044107
93768138 50627584
93768138 57646368
93768138 57653156
93768138 57648327
93768138 57649103
93768138 44759386
93768138 57644344
93768138 601624149
93768138 30860781
93768138 15312737
93768138 49520817
93768138 58441566
93768138 57645191
93768138 15579405
93768138 128502171
93768138 57646206
93768138 57567207
93768138 16045379
93768138 29313691
93768138 57644011
93768138 57848927
57649103 130044107
57649103 57644401
57649103 57653135
57649103 50627584
57649103 134515320
57649103 35163719
57649103 57652685
57649103 57646368
57649103 57650624
57649103 152572143
57649103 57649484
57649103 57650405
57649103 57652258
57649103 22397521
57649103 3218118
57649103 61934675
57649103 22415358
57649103 57653156
57649103 57648327
57649103 50614736
57649103 44759386
57649103 49520763
57649103 57644344
57649103 130236956
57649103 49207229
57649103 601624149
57649103 30860781
57649103 57647607
57649103 207069988
57649103 15312737
57649103 57644698
57649103 49520817
57649103 57646552
57649103 58441566
57649103 93768138
57649103 57651195
57649103 121878416
57649103 57645191
57649103 57649383
57649103 57643272
57649103 15579405
57649103 155856029
57649103 518415877
57649103 57644657
57649103 128502171
57649103 210199837
57649103 42073218
57649103 57848936
57649103 65288139
57649103 6883527
57649103 57649420
57649103 13230147
57649103 21674910
57649103 687838647
57649103 65293269
57649103 57646206
57649103 57644042
57649103 26732858
57649103 126018634
57649103 16045379
57649103 29313691
57649103 74627839
57649103 57644011
57649103 57848927
57646368 57653135
57646368 50627584
57646368 35163719
57646368 57650405
57646368 57648327
57646368 57649103
57646368 50614736
57646368 44759386
57646368 127504258
57646368 601624149
57646368 30860781
57646368 57647607
57646368 60691505
57646368 93768138
57646368 57651195
57646368 57643272
57646368 210235404
57646368 155856029
57646368 518415877
57646368 128502171
57646368 210199837
57646368 42073218
57646368 57848936
57646368 65288139
57646368 210273484
57646368 57649420
57646368 57648182
57646368 13230147
57646368 21674910
57646368 61934675
57646368 22415358
57646368 130044107
57646368 57644401
57646368 57653156
57646368 15312737
57646368 49213325
57646368 57644344
57646368 57650624
57646368 152572143
57646368 57646552
57646368 130236956
57646368 58441566
57646368 6883527
57646368 15579405
57646368 207069988
57646368 57645191
57646368 121878416
57646368 49520763
57646368 57652258
57646368 57644657
57646368 49520817
57646368 3218118
57646368 687838647
57646368 65293269
57646368 57646206
57646368 57644042
57646368 57567207
57646368 26732858
57646368 126018634
57646368 16045379
57646368 29313691
57646368 74627839
57646368 57644011
57646368 57848927
57649484 57644401
57649484 57653135
57649484 35163719
57649484 57650624
57649484 57652258
57649484 57649103
57649484 44759386
57649484 57644344
57649484 121878416
57649484 57649383
57649484 57644657
57649484 128502171
57649484 57848936
57649484 6883527
57649484 57648182
57649484 57644042
57649484 16045379
57649484 29313691
601624149 57644401
601624149 57653135
601624149 50627584
601624149 35163719
601624149 57646368
601624149 57650624
601624149 57650405
601624149 57652258
601624149 3218118
601624149 57648327
601624149 57649103
601624149 50614736
601624149 44759386
601624149 49520763
601624149 57647607
601624149 15312737
601624149 60691505
601624149 49520817
601624149 57646552
601624149 58441566
601624149 93768138
601624149 121878416
601624149 57645191
601624149 57649383
601624149 15579405
601624149 57644657
601624149 210199837
601624149 42073218
601624149 57848936
601624149 65288139
601624149 6883527
601624149 57648182
601624149 21674910
601624149 687838647
601624149 65293269
601624149 57646206
601624149 57644042
601624149 26732858
601624149 126018634
601624149 16045379
601624149 74627839
601624149 57644011
601624149 57848927
35163719 130044107
35163719 57644401
35163719 57653135
35163719 50627584
35163719 57652685
35163719 57646368
35163719 57650624
35163719 152572143
35163719 57649484
35163719 57650405
35163719 57652258
35163719 22397521
35163719 3218118
35163719 61934675
35163719 22415358
35163719 57653156
35163719 57648327
35163719 57649103
35163719 50614736
35163719 44759386
35163719 49520763
35163719 57644344
35163719 127504258
35163719 130236956
35163719 49207229
35163719 601624149
35163719 57647607
35163719 15312737
35163719 49213325
35163719 60691505
35163719 49520817
35163719 57646552
35163719 58441566
35163719 57651195
35163719 121878416
35163719 57645191
35163719 57649383
35163719 15579405
35163719 210235404
35163719 57644657
35163719 128502171
35163719 210199837
35163719 42073218
35163719 57848936
35163719 65288139
35163719 210273484
35163719 6883527
35163719 57649420
35163719 57648182
35163719 21674910
35163719 687838647
35163719 65293269
35163719 57646206
35163719 57644042
35163719 57567207
35163719 26732858
35163719 126018634
35163719 16045379
35163719 29313691
35163719 74627839
35163719 57644011
35163719 57848927
61934675 57653135
61934675 35163719
61934675 50614736
61934675 60691505
61934675 57848936
61934675 57648182
61934675 21674910
61934675 22415358
61934675 57644657
61934675 57644401
61934675 57653156
61934675 49520763
61934675 57646368
61934675 57644344
61934675 57646552
61934675 121878416
61934675 15579405
61934675 57646206
61934675 26732858
61934675 16045379
61934675 29313691
61934675 74627839
61934675 57848927
57650405 57644401
57650405 57653135
57650405 35163719
57650405 57652685
57650405 57646368
57650405 57650624
57650405 152572143
57650405 128395943
57650405 57652258
57650405 3218118
57650405 22415358
57650405 57653156
57650405 57649103
57650405 50614736
57650405 44759386
57650405 49520763
57650405 57644344
57650405 130236956
57650405 49207229
57650405 601624149
57650405 49213325
57650405 49520817
57650405 57646552
57650405 58441566
57650405 57651195
57650405 121878416
57650405 57645191
57650405 57649383
57650405 57644657
57650405 210199837
57650405 42073218
57650405 57848936
57650405 6883527
57650405 57648182
57650405 21674910
57650405 687838647
57650405 65293269
57650405 57646206
57650405 57644042
57650405 57567207
57650405 26732858
57650405 126018634
57650405 16045379
57650405 29313691
57650405 74627839
57650405 57644011
57650405 57848927
210199837 130044107
210199837 57644401
210199837 50627584
210199837 35163719
210199837 57646368
210199837 57650405
210199837 3218118
210199837 22415358
210199837 57653156
210199837 57648327
210199837 57649103
210199837 49520763
210199837 57644344
210199837 601624149
210199837 57647607
210199837 57644698
210199837 60691505
210199837 49520817
210199837 57646552
210199837 58441566
210199837 57643272
210199837 128502171
210199837 57848936
210199837 57648182
210199837 687838647
210199837 65293269
210199837 57646206
210199837 57644042
210199837 126018634
210199837 16045379
210199837 29313691
210199837 57848927
13230147 130044107
13230147 3218118
13230147 22415358
13230147 44759386
13230147 49520763
13230147 57644344
13230147 127504258
13230147 57646552
13230147 58441566
13230147 57567207
13230147 121878416
13230147 57645191
13230147 15579405
13230147 128502171
13230147 57848936
13230147 6883527
13230147 57644042
13230147 16045379
13230147 29313691
13230147 74627839
13230147 57848927
49213325 50627584
49213325 35163719
49213325 57650405
49213325 57648327
49213325 127504258
49213325 30860781
49213325 57647607
49213325 60691505
49213325 128502171
49213325 42073218
49213325 57848936
49213325 21674910
49213325 130044107
49213325 57644401
49213325 57653156
49213325 15312737
49213325 49520763
49213325 57644344
49213325 49520817
49213325 57650624
49213325 58441566
49213325 121878416
49213325 6883527
49213325 15579405
49213325 3218118
49213325 57644042
49213325 57567207
49213325 26732858
49213325 126018634
49213325 16045379
49213325 29313691
49213325 74627839
49213325 57644011
49213325 57848927
42073218 130044107
42073218 57644401
42073218 57653135
42073218 50627584
42073218 134515320
42073218 35163719
42073218 57646368
42073218 57650624
42073218 57650405
42073218 128395943
42073218 57652258
42073218 3218118
42073218 22415358
42073218 57653156
42073218 298830277
42073218 57648327
42073218 57649103
42073218 50614736
42073218 44759386
42073218 49520763
42073218 57644344
42073218 127504258
42073218 49207229
42073218 601624149
42073218 57647607
42073218 15312737
42073218 49213325
42073218 57644698
42073218 60691505
42073218 49520817
42073218 57646552
42073218 58441566
42073218 121878416
42073218 57645191
42073218 57649383
42073218 57643272
42073218 15579405
42073218 210235404
42073218 57644657
42073218 128502171
42073218 57848936
42073218 210273484
42073218 6883527
42073218 57648182
42073218 21674910
42073218 687838647
42073218 65293269
42073218 57646206
42073218 57644042
42073218 57567207
42073218 26732858
42073218 126018634
42073218 16045379
42073218 29313691
42073218 74627839
42073218 57644011
42073218 57848927
3218118 50627584
3218118 35163719
3218118 57650405
3218118 57648327
3218118 57649103
3218118 50614736
3218118 44759386
3218118 127504258
3218118 601624149
3218118 30860781
3218118 57647607
3218118 60691505
3218118 210235404
3218118 128502171
3218118 210199837
3218118 42073218
3218118 57848936
3218118 210273484
3218118 57648182
3218118 13230147
3218118 21674910
3218118 22415358
3218118 130044107
3218118 57644401
3218118 57653156
3218118 15312737
3218118 57644344
3218118 57650624
3218118 57646552
3218118 58441566
3218118 6883527
3218118 15579405
3218118 57645191
3218118 121878416
3218118 49520763
3218118 57652258
3218118 57646368
3218118 57644657
3218118 49520817
3218118 687838647
3218118 65293269
3218118 57646206
3218118 57644042
3218118 57567207
3218118 26732858
3218118 126018634
3218118 16045379
3218118 29313691
3218118 74627839
3218118 57644011
3218118 57848927
186102908 6883527
126018634 57648182
126018634 15579405
126018634 30860781
126018634 15312737
126018634 128502171
126018634 60691505
126018634 6883527
126018634 22415358
126018634 127504258
126018634 49520763
126018634 130044107
126018634 58441566
126018634 50627584
126018634 57647607
126018634 21674910
126018634 65288139
126018634 121878416
126018634 57649420
126018634 210273484
126018634 57644401
126018634 582321780
126018634 57567207
126018634 65293269
126018634 57653156
126018634 49520817
126018634 49207229
126018634 134515320
126018634 42073218
126018634 57648327
126018634 128395943
126018634 57848936
126018634 35163719
126018634 518415877
126018634 13230147
126018634 22397521
126018634 57646368
126018634 26732858
126018634 50614736
126018634 57644042
126018634 57644698
126018634 3218118
126018634 57646552
126018634 57646206
126018634 57645191
126018634 49213325
126018634 210199837
126018634 57650405
126018634 57649383
126018634 207069988
126018634 601624149
126018634 152572143
126018634 44759386
126018634 57649103
126018634 57652685
126018634 687838647
126018634 57652258
126018634 57651195
126018634 57650624
126018634 16045379
126018634 29313691
126018634 74627839
126018634 57644011
126018634 57848927
49207229 57644401
49207229 35163719
49207229 57650624
49207229 57650405
49207229 57653156
49207229 57649103
49207229 44759386
49207229 57644344
49207229 57646552
49207229 121878416
49207229 42073218
49207229 57644042
49207229 126018634
49207229 16045379
49207229 29313691
49207229 57848927
49207229 57644011
210235404 130044107
210235404 50627584
210235404 35163719
210235404 57646368
210235404 3218118
210235404 22415358
210235404 57653156
210235404 57648327
210235404 49520763
210235404 30860781
210235404 57647607
210235404 15312737
210235404 60691505
210235404 49520817
210235404 57646552
210235404 58441566
210235404 15579405
210235404 128502171
210235404 42073218
210235404 57848936
210235404 6883527
210235404 57649420
210235404 21674910
210235404 65293269
210235404 57567207
210235404 26732858
210235404 126018634
210235404 16045379
210235404 74627839
210235404 57644011
210235404 57848927
57652685 35163719
57652685 57650405
57652685 57649103
57652685 50614736
57652685 44759386
57652685 60691505
57652685 128502171
57652685 57848936
57652685 57649420
57652685 57648182
57652685 21674910
57652685 57644401
57652685 57653156
57652685 57644344
57652685 57650624
57652685 57646552
57652685 15579405
57652685 121878416
57652685 57652258
57652685 687838647
57652685 65293269
57652685 57646206
57652685 57644042
57652685 126018634
57652685 16045379
57652685 29313691
57652685 74627839
57652685 57644011
57652685 57848927
57651195 57653135
57651195 50627584
57651195 35163719
57651195 57650624
57651195 57650405
57651195 57652258
57651195 57653156
57651195 57648327
57651195 57649103
57651195 44759386
57651195 57644344
57651195 57647607
57651195 60691505
57651195 57646552
57651195 121878416
57651195 57645191
57651195 57649383
57651195 15579405
57651195 57644657
57651195 57848936
57651195 6883527
57651195 57648182
57651195 57646206
57651195 57644042
57651195 57567207
57651195 126018634
57651195 16045379
57651195 57644011
57651195 57848927
57644698 57648327
57644698 57649103
57644698 30860781
57644698 57647607
57644698 210199837
57644698 42073218
57644698 210273484
57644698 57648182
57644698 21674910
57644698 22415358
57644698 57644401
57644698 15312737
57644698 49520763
57644698 57644344
57644698 49520817
57644698 58441566
57644698 6883527
57644698 57645191
57644698 687838647
57644698 65293269
57644698 57646206
57644698 57567207
57644698 126018634
57644698 29313691
57644698 74627839
50614736 130044107
50614736 57644401
50614736 57653135
50614736 50627584
50614736 35163719
50614736 57652685
50614736 57646368
50614736 57650624
50614736 152572143
50614736 57650405
50614736 128395943
50614736 57652258
50614736 22397521
50614736 3218118
50614736 61934675
50614736 22415358
50614736 57653156
50614736 57648327
50614736 57649103
50614736 44759386
50614736 49520763
50614736 57644344
50614736 601624149
50614736 57647607
50614736 15312737
50614736 60691505
50614736 49520817
50614736 57646552
50614736 58441566
50614736 121878416
50614736 57645191
50614736 57649383
50614736 57643272
50614736 15579405
50614736 155856029
50614736 57644657
50614736 128502171
50614736 42073218
50614736 57848936
50614736 65288139
50614736 6883527
50614736 57649420
50614736 57648182
50614736 21674910
50614736 687838647
50614736 65293269
50614736 57646206
50614736 57644042
50614736 57567207
50614736 26732858
50614736 126018634
50614736 16045379
50614736 29313691
50614736 74627839
50614736 57644011
50614736 57848927
57644657 57653135
57644657 50627584
57644657 35163719
57644657 57649484
57644657 57650405
57644657 57648327
57644657 57649103
57644657 50614736
57644657 44759386
57644657 601624149
57644657 57647607
57644657 60691505
57644657 152890826
57644657 57651195
57644657 57649383
57644657 57643272
57644657 42073218
57644657 57848936
57644657 65288139
57644657 57648182
57644657 21674910
57644657 61934675
57644657 22415358
57644657 130044107
57644657 57644401
57644657 57653156
57644657 57644344
57644657 57650624
57644657 57646552
57644657 58441566
57644657 6883527
57644657 15579405
57644657 57645191
57644657 121878416
57644657 49520763
57644657 57652258
57644657 57646368
57644657 49520817
57644657 3218118
57644657 687838647
57644657 65293269
57644657 57646206
57644657 57644042
57644657 26732858
57644657 16045379
57644657 29313691
57644657 74627839
57644657 57644011
57644657 57848927
57647607 130044107
57647607 57644401
57647607 50627584
57647607 134515320
57647607 35163719
57647607 57646368
57647607 57650624
57647607 57652258
57647607 22397521
57647607 3218118
57647607 22415358
57647607 57653156
57647607 57648327
57647607 57649103
57647607 50614736
57647607 44759386
57647607 49520763
57647607 57644344
57647607 127504258
57647607 49207229
57647607 601624149
57647607 30860781
57647607 582321780
57647607 15312737
57647607 49213325
57647607 57644698
57647607 60691505
57647607 49520817
57647607 57646552
57647607 58441566
57647607 121878416
57647607 57645191
57647607 57643272
57647607 15579405
57647607 210235404
57647607 57644657
57647607 128502171
57647607 210199837
57647607 42073218
57647607 57848936
57647607 65288139
57647607 210273484
57647607 6883527
57647607 57648182
57647607 21674910
57647607 687838647
57647607 65293269
57647607 57646206
57647607 57644042
57647607 57567207
57647607 26732858
57647607 126018634
57647607 16045379
57647607 29313691
57647607 74627839
57647607 57644011
57647607 57848927
29313691 57648182
29313691 15579405
29313691 65288139
29313691 15312737
29313691 57567207
29313691 130044107
29313691 21674910
29313691 57644344
29313691 50627584
29313691 60691505
29313691 6883527
29313691 57644401
29313691 22415358
29313691 65293269
29313691 57647607
29313691 49520817
29313691 3218118
29313691 49520763
29313691 126018634
29313691 210273484
29313691 16045379
29313691 121878416
29313691 30860781
29313691 57848936
29313691 57649420
29313691 57646368
29313691 35163719
29313691 57645191
29313691 57646552
29313691 42073218
29313691 22397521
29313691 128502171
29313691 57648327
29313691 57644042
29313691 26732858
29313691 50614736
29313691 57653156
29313691 207069988
29313691 57643272
29313691 57646206
29313691 61934675
29313691 57644698
29313691 57653135
29313691 57644657
29313691 93768138
29313691 518415877
29313691 57649103
29313691 210199837
29313691 127504258
29313691 13230147
29313691 128395943
29313691 57650624
29313691 57649383
29313691 57650405
29313691 58441566
29313691 44759386
29313691 152572143
29313691 49213325
29313691 152890826
29313691 57652258
29313691 57652685
29313691 134515320
29313691 581919874
29313691 49207229
29313691 687838647
29313691 582321780
29313691 57649484
29313691 74627839
29313691 57644011
29313691 57848927
57644401 57653135
57644401 50627584
57644401 134515320
57644401 35163719
57644401 57649484
57644401 57650405
57644401 22397521
57644401 298830277
57644401 57648327
57644401 57649103
57644401 50614736
57644401 44759386
57644401 127504258
57644401 49207229
57644401 601624149
57644401 57647607
57644401 60691505
57644401 152890826
57644401 57649383
57644401 57643272
57644401 518415877
57644401 128502171
57644401 210199837
57644401 42073218
57644401 57848936
57644401 210273484
57644401 57649420
57644401 57648182
57644401 13230147
57644401 21674910
57644401 61934675
57644401 22415358
57644401 130044107
57644401 57644657
57644401 57653156
57644401 15312737
57644401 49213325
57644401 49520763
57644401 57652685
57644401 57644698
57644401 57646368
57644401 57644344
57644401 49520817
57644401 57650624
57644401 152572143
57644401 57646552
57644401 130236956
57644401 58441566
57644401 121878416
57644401 6883527
57644401 57645191
57644401 57652258
57644401 15579405
57644401 3218118
57644401 207069988
57644401 687838647
57644401 65293269
57644401 57646206
57644401 57644042
57644401 57567207
57644401 26732858
57644401 126018634
57644401 16045379
57644401 29313691
57644401 74627839
57644401 57644011
57644401 57848927
57646552 57653135
57646552 50627584
57646552 134515320
57646552 35163719
57646552 57650405
57646552 22397521
57646552 57648327
57646552 57649103
57646552 50614736
57646552 44759386
57646552 127504258
57646552 49207229
57646552 601624149
57646552 30860781
57646552 57647607
57646552 60691505
57646552 152890826
57646552 57651195
57646552 57649383
57646552 210235404
57646552 518415877
57646552 128502171
57646552 210199837
57646552 42073218
57646552 57848936
57646552 65288139
57646552 210273484
57646552 57649420
57646552 57648182
57646552 13230147
57646552 21674910
57646552 61934675
57646552 22415358
57646552 130044107
57646552 57644657
57646552 57644401
57646552 57653156
57646552 15312737
57646552 49213325
57646552 49520763
57646552 57652685
57646552 57646368
57646552 57644344
57646552 49520817
57646552 57650624
57646552 152572143
57646552 130236956
57646552 58441566
57646552 121878416
57646552 6883527
57646552 57645191
57646552 57652258
57646552 15579405
57646552 3218118
57646552 207069988
57646552 687838647
57646552 65293269
57646552 57646206
57646552 57644042
57646552 57567207
57646552 26732858
57646552 126018634
57646552 16045379
57646552 29313691
57646552 74627839
57646552 57644011
57646552 57848927
57653156 57653135
57653156 50627584
57653156 35163719
57653156 57650405
57653156 22397521
57653156 57648327
57653156 57649103
57653156 50614736
57653156 44759386
57653156 49207229
57653156 30860781
57653156 57647607
57653156 60691505
57653156 93768138
57653156 57651195
57653156 57649383
57653156 210235404
57653156 128502171
57653156 210199837
57653156 42073218
57653156 57848936
57653156 65288139
57653156 57649420
57653156 57648182
57653156 13230147
57653156 21674910
57653156 61934675
57653156 22415358
57653156 130044107
57653156 57644657
57653156 57644401
57653156 15312737
57653156 49213325
57653156 49520763
57653156 57652685
57653156 57646368
57653156 57644344
57653156 49520817
57653156 57650624
57653156 152572143
57653156 57646552
57653156 130236956
57653156 58441566
57653156 121878416
57653156 6883527
57653156 57645191
57653156 57652258
57653156 15579405
57653156 3218118
57653156 687838647
57653156 65293269
57653156 57646206
57653156 57644042
57653156 57567207
57653156 26732858
57653156 126018634
57653156 16045379
57653156 29313691
57653156 74627839
57653156 57644011
57653156 57848927
152890826 57644401
152890826 57650624
152890826 22415358
152890826 44759386
152890826 49520763
152890826 57644344
152890826 60691505
152890826 49520817
152890826 57646552
152890826 58441566
152890826 121878416
152890826 57645191
152890826 57649383
152890826 15579405
152890826 57644657
152890826 42073218
152890826 57848936
152890826 6883527
152890826 65293269
152890826 57646206
152890826 57644042
152890826 16045379
152890826 29313691
152890826 57644011
152890826 57848927
127504258 130044107
127504258 57644401
127504258 50627584
127504258 35163719
127504258 152602588
127504258 3218118
127504258 22415358
127504258 49520763
127504258 57644344
127504258 15312737
127504258 49520817
127504258 58441566
127504258 121878416
127504258 15579405
127504258 128502171
127504258 57848936
127504258 6883527
127504258 57648182
127504258 21674910
127504258 687838647
127504258 126018634
127504258 29313691
127504258 74627839
127504258 57848927
57848936 130044107
57848936 57644401
57848936 57653135
57848936 50627584
57848936 134515320
57848936 35163719
57848936 57652685
57848936 57646368
57848936 57650624
57848936 152572143
57848936 57649484
57848936 57650405
57848936 128395943
57848936 57652258
57848936 22397521
57848936 3218118
57848936 61934675
57848936 22415358
57848936 57653156
57848936 298830277
57848936 57648327
57848936 57649103
57848936 50614736
57848936 44759386
57848936 49520763
57848936 57644344
57848936 127504258
57848936 130236956
57848936 49207229
57848936 601624149
57848936 30860781
57848936 57647607
57848936 207069988
57848936 582321780
57848936 15312737
57848936 49213325
57848936 60691505
57848936 49520817
57848936 57646552
57848936 152890826
57848936 58441566
57848936 57651195
57848936 121878416
57848936 57645191
57848936 57649383
57848936 57643272
57848936 15579405
57848936 210235404
57848936 518415877
57848936 57644657
57848936 128502171
57848936 210199837
57848936 42073218
57848936 65288139
57848936 210273484
57848936 6883527
57848936 57648182
57848936 13230147
57848936 21674910
57848936 687838647
57848936 65293269
57848936 57646206
57848936 57644042
57848936 57567207
57848936 26732858
57848936 126018634
57848936 16045379
57848936 29313691
57848936 74627839
57848936 57644011
57848936 57848927
15579405 57653135
15579405 134515320
15579405 35163719
15579405 128395943
15579405 22397521
15579405 57648327
15579405 57649103
15579405 50614736
15579405 44759386
15579405 127504258
15579405 601624149
15579405 30860781
15579405 57647607
15579405 60691505
15579405 152890826
15579405 93768138
15579405 57651195
15579405 57643272
15579405 210235404
15579405 155856029
15579405 518415877
15579405 128502171
15579405 42073218
15579405 57848936
15579405 65288139
15579405 210273484
15579405 57649420
15579405 57648182
15579405 13230147
15579405 21674910
15579405 61934675
15579405 22415358
15579405 130044107
15579405 57644657
15579405 57644401
15579405 15312737
15579405 49213325
15579405 49520763
15579405 57652685
15579405 57646368
15579405 57644344
15579405 49520817
15579405 57650624
15579405 152572143
15579405 57646552
15579405 130236956
15579405 58441566
15579405 121878416
15579405 6883527
15579405 57645191
15579405 57652258
15579405 3218118
15579405 207069988
15579405 687838647
15579405 65293269
15579405 57646206
15579405 57644042
15579405 57567207
15579405 26732858
15579405 126018634
15579405 16045379
15579405 29313691
15579405 74627839
15579405 57644011
15579405 57848927
57649420 57644401
57649420 57653135
57649420 50627584
57649420 35163719
57649420 57652685
57649420 57646368
57649420 57650624
57649420 57652258
57649420 57653156
57649420 57649103
57649420 50614736
57649420 49520763
57649420 57644344
57649420 15312737
57649420 60691505
57649420 49520817
57649420 57646552
57649420 58441566
57649420 121878416
57649420 57645191
57649420 57649383
57649420 15579405
57649420 210235404
57649420 128502171
57649420 6883527
57649420 57648182
57649420 21674910
57649420 65293269
57649420 57646206
57649420 57644042
57649420 57567207
57649420 26732858
57649420 126018634
57649420 16045379
57649420 29313691
57649420 74627839
57649420 57644011
57649420 57848927
58441566 57653135
58441566 50627584
58441566 35163719
58441566 57650405
58441566 128395943
58441566 22397521
58441566 57648327
58441566 57649103
58441566 50614736
58441566 44759386
58441566 127504258
58441566 601624149
58441566 30860781
58441566 57647607
58441566 60691505
58441566 152890826
58441566 93768138
58441566 57649383
58441566 57643272
58441566 210235404
58441566 518415877
58441566 128502171
58441566 210199837
58441566 42073218
58441566 57848936
58441566 65288139
58441566 210273484
58441566 57649420
58441566 57648182
58441566 13230147
58441566 21674910
58441566 22415358
58441566 130044107
58441566 57644657
58441566 57644401
58441566 57653156
58441566 15312737
58441566 49213325
58441566 49520763
58441566 57644698
58441566 57646368
58441566 57644344
58441566 49520817
58441566 57650624
58441566 152572143
58441566 57646552
58441566 121878416
58441566 6883527
58441566 57645191
58441566 57652258
58441566 15579405
58441566 3218118
58441566 687838647
58441566 65293269
58441566 57646206
58441566 57644042
58441566 57567207
58441566 26732858
58441566 126018634
58441566 16045379
58441566 29313691
58441566 74627839
58441566 57644011
58441566 57848927
207069988 57648327
207069988 57649103
207069988 127504258
207069988 128502171
207069988 57848936
207069988 57644344
207069988 6883527
207069988 15579405
207069988 65288139
207069988 16045379
207069988 29313691
207069988 74627839
128502171 130044107
128502171 57644401
128502171 50627584
128502171 134515320
128502171 35163719
128502171 57652685
128502171 57646368
128502171 128395943
128502171 22397521
128502171 3218118
128502171 22415358
128502171 57648327
128502171 57649103
128502171 50614736
128502171 44759386
128502171 49520763
128502171 57644344
128502171 127504258
128502171 49207229
128502171 30860781
128502171 57647607
128502171 207069988
128502171 15312737
128502171 49213325
128502171 60691505
128502171 49520817
128502171 57646552
128502171 58441566
128502171 93768138
128502171 121878416
128502171 57645191
128502171 57643272
128502171 15579405
128502171 210235404
128502171 155856029
128502171 518415877
128502171 210199837
128502171 42073218
128502171 57848936
128502171 65288139
128502171 210273484
128502171 6883527
128502171 57649420
128502171 154854877
128502171 13230147
128502171 21674910
128502171 687838647
128502171 65293269
128502171 57567207
128502171 26732858
128502171 126018634
128502171 16045379
128502171 29313691
128502171 74627839
128502171 57644011
128502171 57848927
60691505 130044107
60691505 57644401
60691505 57653135
60691505 50627584
60691505 134515320
60691505 35163719
60691505 57652685
60691505 57646368
60691505 57650624
60691505 152572143
60691505 128395943
60691505 57652258
60691505 22397521
60691505 3218118
60691505 61934675
60691505 22415358
60691505 57653156
60691505 57648327
60691505 50614736
60691505 44759386
60691505 49520763
60691505 57644344
60691505 127504258
60691505 130236956
60691505 601624149
60691505 30860781
60691505 57647607
60691505 207069988
60691505 15312737
60691505 49213325
60691505 49520817
60691505 57646552
60691505 152890826
60691505 58441566
60691505 57651195
60691505 121878416
60691505 57645191
60691505 57649383
60691505 57643272
60691505 15579405
60691505 210235404
60691505 57644657
60691505 128502171
60691505 210199837
60691505 42073218
60691505 57848936
60691505 65288139
60691505 210273484
60691505 6883527
60691505 57649420
60691505 57648182
60691505 21674910
60691505 687838647
60691505 65293269
60691505 57646206
60691505 57644042
60691505 57567207
60691505 26732858
60691505 126018634
60691505 16045379
60691505 29313691
60691505 74627839
60691505 57644011
60691505 57848927
26732858 57648182
26732858 65293269
26732858 49520817
26732858 57647607
26732858 57646368
26732858 21674910
26732858 50627584
26732858 6883527
26732858 57848936
26732858 58441566
26732858 57567207
26732858 57649420
26732858 35163719
26732858 49520763
26732858 57644401
26732858 57648327
26732858 60691505
26732858 121878416
26732858 57653156
26732858 57646552
26732858 49213325
26732858 210235404
26732858 15312737
26732858 128502171
26732858 57643272
26732858 130044107
26732858 57645191
26732858 57644042
26732858 15579405
26732858 42073218
26732858 3218118
26732858 22415358
26732858 50614736
26732858 65288139
26732858 57644657
26732858 57646206
26732858 57649103
26732858 61934675
26732858 57650405
26732858 57649383
26732858 57644344
26732858 44759386
26732858 57650624
26732858 601624149
26732858 57652258
26732858 57653135
26732858 152572143
26732858 687838647
26732858 126018634
26732858 16045379
26732858 29313691
26732858 74627839
26732858 57644011
26732858 57848927
49520817 57653135
49520817 50627584
49520817 134515320
49520817 35163719
49520817 57650405
49520817 57648327
49520817 57649103
49520817 50614736
49520817 44759386
49520817 127504258
49520817 601624149
49520817 30860781
49520817 57647607
49520817 60691505
49520817 93768138
49520817 57649383
49520817 210235404
49520817 155856029
49520817 128502171
49520817 210199837
49520817 42073218
49520817 57848936
49520817 210273484
49520817 57649420
49520817 57648182
49520817 21674910
49520817 22415358
49520817 130044107
49520817 57644401
49520817 57653156
49520817 15312737
49520817 49213325
49520817 57644698
49520817 57644344
49520817 57650624
49520817 152572143
49520817 57646552
49520817 130236956
49520817 58441566
49520817 6883527
49520817 15579405
49520817 57645191
49520817 121878416
49520817 49520763
49520817 57652258
49520817 57646368
49520817 57644657
49520817 3218118
49520817 687838647
49520817 65293269
49520817 57646206
49520817 57644042
49520817 57567207
49520817 26732858
49520817 126018634
49520817 16045379
49520817 29313691
49520817 74627839
49520817 57644011
49520817 57848927
57648327 130044107
57648327 57644401
57648327 50627584
57648327 134515320
57648327 35163719
57648327 57646368
57648327 57650624
57648327 152572143
57648327 152602588
57648327 57652258
57648327 22397521
57648327 3218118
57648327 22415358
57648327 57653156
57648327 57649103
57648327 50614736
57648327 44759386
57648327 49520763
57648327 57644344
57648327 127504258
57648327 601624149
57648327 57647607
57648327 207069988
57648327 582321780
57648327 15312737
57648327 49213325
57648327 57644698
57648327 60691505
57648327 49520817
57648327 57646552
57648327 58441566
57648327 93768138
57648327 57651195
57648327 121878416
57648327 57645191
57648327 57649383
57648327 57643272
57648327 15579405
57648327 210235404
57648327 57644657
57648327 128502171
57648327 210199837
57648327 42073218
57648327 57848936
57648327 6883527
57648327 21674910
57648327 687838647
57648327 65293269
57648327 57646206
57648327 57644042
57648327 57567207
57648327 26732858
57648327 126018634
57648327 16045379
57648327 29313691
57648327 74627839
57648327 57644011
57648327 57848927
142807337 6883527
298830277 57644401
298830277 44759386
298830277 57644344
298830277 15579405
298830277 128502171
298830277 42073218
298830277 57848936
298830277 57848927
298830277 29313691
298830277 126018634
15312737 50627584
15312737 35163719
15312737 128395943
15312737 22397521
15312737 57648327
15312737 57649103
15312737 50614736
15312737 44759386
15312737 127504258
15312737 601624149
15312737 30860781
15312737 57647607
15312737 582321780
15312737 60691505
15312737 93768138
15312737 57643272
15312737 210235404
15312737 128502171
15312737 42073218
15312737 57848936
15312737 65288139
15312737 210273484
15312737 57649420
15312737 21674910
15312737 22415358
15312737 130044107
15312737 57644401
15312737 57653156
15312737 49520763
15312737 57644698
15312737 57646368
15312737 57644344
15312737 49520817
15312737 57650624
15312737 57646552
15312737 58441566
15312737 121878416
15312737 6883527
15312737 57645191
15312737 57652258
15312737 15579405
15312737 3218118
15312737 687838647
15312737 65293269
15312737 57646206
15312737 57644042
15312737 57567207
15312737 26732858
15312737 126018634
15312737 16045379
15312737 29313691
15312737 74627839
15312737 57644011
15312737 57848927
130236956 35163719
130236956 57650405
130236956 57649103
130236956 44759386
130236956 57647607
130236956 60691505
130236956 57848936
130236956 57648182
130236956 21674910
130236956 57644401
130236956 57653156
130236956 15312737
130236956 57646368
130236956 57644344
130236956 49520817
130236956 57646552
130236956 121878416
130236956 6883527
130236956 15579405
130236956 3218118
130236956 57646206
130236956 57644042
130236956 57567207
130236956 126018634
130236956 16045379
130236956 74627839
130236956 57644011
57646206 57648182
57646206 57646368
57646206 57645191
57646206 57848936
57646206 15579405
57646206 57646552
57646206 21674910
57646206 50627584
57646206 35163719
57646206 49520817
57646206 57644657
57646206 57648327
57646206 65293269
57646206 6883527
57646206 93768138
57646206 57653156
57646206 30860781
57646206 61934675
57646206 3218118
57646206 49520763
57646206 42073218
57646206 57644401
57646206 22415358
57646206 57649103
57646206 57644344
57646206 57644698
57646206 121878416
57646206 57650405
57646206 58441566
57646206 57649383
57646206 601624149
57646206 57650624
57646206 44759386
57646206 57653135
57646206 210199837
57646206 152572143
57646206 65288139
57646206 57652258
57646206 57649420
57646206 152890826
57646206 15312737
57646206 57647607
57646206 687838647
57646206 50614736
57646206 60691505
57646206 130044107
57646206 57651195
57646206 128502171
57646206 57652685
57646206 57644042
57646206 57567207
57646206 26732858
57646206 126018634
57646206 16045379
57646206 29313691
57646206 74627839
57646206 57644011
57646206 57848927
152602588 127504258
57652258 50627584
57652258 35163719
57652258 57649484
57652258 57650405
57652258 128395943
57652258 22397521
57652258 57648327
57652258 57649103
57652258 50614736
57652258 44759386
57652258 601624149
57652258 57647607
57652258 60691505
57652258 57651195
57652258 57649383
57652258 57643272
57652258 518415877
57652258 42073218
57652258 57848936
57652258 65288139
57652258 57649420
57652258 57648182
57652258 21674910
57652258 130044107
57652258 57644401
57652258 57653156
57652258 15312737
57652258 57644344
57652258 57650624
57652258 152572143
57652258 57646552
57652258 58441566
57652258 6883527
57652258 15579405
57652258 57645191
57652258 121878416
57652258 49520763
57652258 57652685
57652258 57646368
57652258 57644657
57652258 49520817
57652258 3218118
57652258 687838647
57652258 65293269
57652258 57646206
57652258 57644042
57652258 57567207
57652258 26732858
57652258 126018634
57652258 29313691
57652258 74627839
57652258 57644011
57652258 57848927
57648182 130044107
57648182 57644401
57648182 57653135
57648182 29313691
57648182 687838647
57648182 35163719
57648182 57652685
57648182 57646368
57648182 57650624
57648182 74627839
57648182 152572143
57648182 57649484
57648182 126018634
57648182 57650405
57648182 26732858
57648182 57652258
57648182 3218118
57648182 61934675
57648182 22415358
57648182 57653156
57648182 57648327
57648182 57649103
57648182 50614736
57648182 44759386
57648182 57644011
57648182 49520763
57648182 57644344
57648182 127504258
57648182 130236956
57648182 601624149
57648182 57647607
57648182 57644042
57648182 57644698
57648182 60691505
57648182 49520817
57648182 57646552
57648182 58441566
57648182 57651195
57648182 121878416
57648182 57645191
57648182 57649383
57648182 57848927
57648182 15579405
57648182 57644657
57648182 210199837
57648182 42073218
57648182 16045379
57648182 57848936
57648182 65288139
57648182 210273484
57648182 65293269
57648182 57646206
57648182 6883527
57648182 57649420
57648182 21674910
134515320 57644401
134515320 57650624
134515320 22415358
134515320 57648327
134515320 57649103
134515320 57644344
134515320 127504258
134515320 57647607
134515320 60691505
134515320 49520817
134515320 57646552
134515320 121878416
134515320 15579405
134515320 128502171
134515320 42073218
134515320 57848936
134515320 6883527
134515320 57567207
134515320 126018634
134515320 16045379
134515320 29313691
134515320 57644011
134515320 57848927
74627839 57648182
74627839 16045379
74627839 15579405
74627839 121878416
74627839 127504258
74627839 60691505
74627839 30860781
74627839 22415358
74627839 57567207
74627839 15312737
74627839 126018634
74627839 128502171
74627839 57647607
74627839 57644401
74627839 50627584
74627839 210273484
74627839 29313691
74627839 49520763
74627839 57848936
74627839 6883527
74627839 58441566
74627839 57644344
74627839 21674910
74627839 49520817
74627839 57649420
74627839 65293269
74627839 42073218
74627839 57646368
74627839 35163719
74627839 3218118
74627839 26732858
74627839 49213325
74627839 57645191
74627839 57648327
74627839 13230147
74627839 57644042
74627839 50614736
74627839 22397521
74627839 57644698
74627839 57646552
74627839 130044107
74627839 207069988
74627839 61934675
74627839 130236956
74627839 65288139
74627839 57650405
74627839 152572143
74627839 57646206
74627839 57649103
74627839 57649383
74627839 601624149
74627839 57644657
74627839 57652685
74627839 44759386
74627839 518415877
74627839 687838647
74627839 57652258
74627839 128395943
74627839 57644011
74627839 57848927
155856029 50627584
155856029 57646368
155856029 3218118
155856029 57649103
155856029 50614736
155856029 49520817
155856029 15579405
155856029 128502171
155856029 65293269
155856029 57567207
152572143 57653135
152572143 50627584
152572143 35163719
152572143 57650405
152572143 57648327
152572143 57649103
152572143 50614736
152572143 44759386
152572143 57647607
152572143 60691505
152572143 57649383
152572143 128502171
152572143 57848936
152572143 57648182
152572143 21674910
152572143 22415358
152572143 57644657
152572143 57644401
152572143 57653156
152572143 49520763
152572143 57646368
152572143 57644344
152572143 49520817
152572143 57650624
152572143 57646552
152572143 58441566
152572143 121878416
152572143 6883527
152572143 57645191
152572143 57652258
152572143 15579405
152572143 687838647
152572143 65293269
152572143 57646206
152572143 57644042
152572143 57567207
152572143 26732858
152572143 126018634
152572143 16045379
152572143 29313691
152572143 74627839
152572143 57644011
152572143 57848927
57644011 57648182
57644011 57567207
57644011 128502171
57644011 6883527
57644011 22415358
57644011 60691505
57644011 57647607
57644011 57644344
57644011 15312737
57644011 126018634
57644011 21674910
57644011 50627584
57644011 65293269
57644011 58441566
57644011 49520763
57644011 130044107
57644011 29313691
57644011 57644401
57644011 49520817
57644011 121878416
57644011 57649420
57644011 16045379
57644011 210273484
57644011 74627839
57644011 30860781
57644011 127504258
57644011 15579405
57644011 57646552
57644011 57653156
57644011 65288139
57644011 93768138
57644011 49213325
57644011 42073218
57644011 35163719
57644011 57643272
57644011 57644042
57644011 210235404
57644011 57645191
57644011 26732858
57644011 57648327
57644011 582321780
57644011 57646368
57644011 13230147
57644011 57848936
57644011 134515320
57644011 57644657
57644011 3218118
57644011 50614736
57644011 57646206
57644011 57652685
57644011 22397521
57644011 57649103
57644011 207069988
57644011 44759386
57644011 57650624
57644011 601624149
57644011 128395943
57644011 57650405
57644011 57649383
57644011 130236956
57644011 49207229
57644011 57653135
57644011 518415877
57644011 57652258
57644011 152890826
57644011 57651195
57644011 687838647
57644011 57644698
57644011 152572143
57644011 57848927
57653135 57644401
57653135 35163719
57653135 57646368
57653135 57650624
57653135 152572143
57653135 57649484
57653135 581919874
57653135 57650405
57653135 22397521
57653135 61934675
57653135 22415358
57653135 57653156
57653135 57649103
57653135 50614736
57653135 49520763
57653135 57644344
57653135 601624149
57653135 30860781
57653135 57644698
57653135 60691505
57653135 49520817
57653135 57646552
57653135 152890826
57653135 58441566
57653135 57651195
57653135 121878416
57653135 57645191
57653135 57649383
57653135 15579405
57653135 57644657
57653135 128502171
57653135 42073218
57653135 57848936
57653135 65288139
57653135 6883527
57653135 57649420
57653135 57648182
57653135 21674910
57653135 687838647
57653135 65293269
57653135 57646206
57653135 57644042
57653135 26732858
57653135 126018634
57653135 16045379
57653135 29313691
57653135 74627839
57653135 57644011
57653135 57848927
57567207 15312737
57567207 22415358
57567207 93768138
57567207 57644344
57567207 60691505
57567207 134515320
57567207 130044107
57567207 49520817
57567207 50627584
57567207 210273484
57567207 121878416
57567207 128502171
57567207 21674910
57567207 65293269
57567207 49520763
57567207 57647607
57567207 58441566
57567207 15579405
57567207 57848936
57567207 6883527
57567207 35163719
57567207 42073218
57567207 57644042
57567207 155856029
57567207 57653156
57567207 57648327
57567207 57645191
57567207 57643272
57567207 210235404
57567207 57646368
57567207 57644401
57567207 57646206
57567207 49213325
57567207 50614736
57567207 130236956
57567207 57649420
57567207 57651195
57567207 57650405
57567207 3218118
57567207 57652258
57567207 65288139
57567207 22397521
57567207 57650624
57567207 44759386
57567207 687838647
57567207 57644698
57567207 57649383
57567207 57646552
57567207 26732858
57567207 126018634
57567207 16045379
57567207 29313691
57567207 74627839
57567207 57644011
57567207 57848927
154854877 128502171
154854877 6883527
154854877 16045379
57644344 57653135
57644344 50627584
57644344 134515320
57644344 35163719
57644344 57649484
57644344 57650405
57644344 128395943
57644344 22397521
57644344 298830277
57644344 57648327
57644344 57649103
57644344 50614736
57644344 44759386
57644344 127504258
57644344 49207229
57644344 57647607
57644344 60691505
57644344 57651195
57644344 57649383
57644344 57643272
57644344 128502171
57644344 210199837
57644344 42073218
57644344 57848936
57644344 65288139
57644344 210273484
57644344 57649420
57644344 57648182
57644344 13230147
57644344 21674910
57644344 61934675
57644344 22415358
57644344 130044107
57644344 57644657
57644344 57644401
57644344 57653156
57644344 15312737
57644344 49213325
57644344 49520763
57644344 57652685
57644344 57644698
57644344 57646368
57644344 49520817
57644344 57650624
57644344 152572143
57644344 57646552
57644344 130236956
57644344 58441566
57644344 121878416
57644344 6883527
57644344 57645191
57644344 57652258
57644344 15579405
57644344 3218118
57644344 207069988
57644344 687838647
57644344 65293269
57644344 57646206
57644344 57644042
57644344 57567207
57644344 26732858
57644344 16045379
57644344 29313691
57644344 74627839
57644344 57644011
57644344 57848927
57848927 57648182
57848927 581919874
57848927 60691505
57848927 50627584
57848927 57644011
57848927 49520763
57848927 93768138
57848927 57646552
57848927 57644401
57848927 35163719
57848927 57649420
57848927 121878416
57848927 130044107
57848927 6883527
57848927 57644344
57848927 126018634
57848927 58441566
57848927 3218118
57848927 65293269
57848927 26732858
57848927 57648327
57848927 57646368
57848927 22415358
57848927 42073218
57848927 49520817
57848927 210273484
57848927 74627839
57848927 127504258
57848927 15312737
57848927 57647607
57848927 128502171
57848927 21674910
57848927 29313691
57848927 57644042
57848927 57567207
57848927 22397521
57848927 57653156
57848927 15579405
57848927 65288139
57848927 57645191
57848927 50614736
57848927 57644657
57848927 518415877
57848927 57643272
57848927 210235404
57848927 57646206
57848927 49213325
57848927 49207229
57848927 207069988
57848927 13230147
57848927 134515320
57848927 57848936
57848927 61934675
57848927 57649103
57848927 210199837
57848927 57650405
57848927 57649383
57848927 30860781
57848927 57650624
57848927 601624149
57848927 44759386
57848927 152572143
57848927 57653135
57848927 57651195
57848927 57652258
57848927 152890826
57848927 16045379
57848927 298830277
57848927 687838647
57848927 128395943
57848927 57652685
30860781 130044107
30860781 57646368
30860781 3218118
30860781 22415358
30860781 57653156
30860781 57649103
30860781 49520763
30860781 57644344
30860781 15312737
30860781 57644698
30860781 60691505
30860781 49520817
30860781 57646552
30860781 58441566
30860781 121878416
30860781 57645191
30860781 57643272
30860781 15579405
30860781 128502171
30860781 57848936
30860781 210273484
30860781 6883527
30860781 21674910
30860781 687838647
30860781 126018634
30860781 16045379
30860781 29313691
30860781 74627839
30860781 57644011
30860781 57848927
65288139 130044107
65288139 57653135
65288139 50627584
65288139 35163719
65288139 57646368
65288139 57650624
65288139 57652258
65288139 57649103
65288139 50614736
65288139 44759386
65288139 57644344
65288139 601624149
65288139 57647607
65288139 15312737
65288139 60691505
65288139 49520817
65288139 57646552
65288139 58441566
65288139 121878416
65288139 57649383
65288139 15579405
65288139 57644657
65288139 128502171
65288139 57848936
65288139 6883527
65288139 57648182
65288139 207069988
65288139 65293269
65288139 57646206
65288139 57567207
65288139 26732858
65288139 126018634
65288139 16045379
65288139 29313691
65288139 74627839
65288139 57644011
65288139 57848927
128395943 57650624
128395943 57650405
128395943 57652258
128395943 50614736
128395943 44759386
128395943 57644344
128395943 15312737
128395943 58441566
128395943 121878416
128395943 128502171
128395943 6883527
128395943 21674910
128395943 57644042
128395943 126018634
128395943 29313691
128395943 16045379
130044107 50627584
130044107 35163719
130044107 22397521
130044107 57648327
130044107 57649103
130044107 50614736
130044107 44759386
130044107 127504258
130044107 30860781
130044107 57647607
130044107 60691505
130044107 93768138
130044107 57643272
130044107 210235404
130044107 128502171
130044107 210199837
130044107 42073218
130044107 57848936
130044107 210273484
130044107 57648182
130044107 13230147
130044107 21674910
130044107 22415358
130044107 57644657
130044107 57644401
130044107 57653156
130044107 15312737
130044107 49213325
130044107 49520763
130044107 57646368
130044107 57644344
130044107 49520817
130044107 57646552
130044107 58441566
130044107 6883527
130044107 57645191
130044107 57652258
130044107 15579405
130044107 3218118
130044107 687838647
130044107 65293269
130044107 57644042
130044107 57567207
130044107 26732858
130044107 126018634
130044107 16045379
130044107 29313691
130044107 74627839
130044107 57644011
130044107 57848927
65293269 57648182
65293269 130044107
65293269 6883527
65293269 22415358
65293269 60691505
65293269 57644344
65293269 15312737
65293269 3218118
65293269 49520817
65293269 50627584
65293269 58441566
65293269 121878416
65293269 21674910
65293269 57647607
65293269 49520763
65293269 210273484
65293269 57644401
65293269 57848936
65293269 128502171
65293269 35163719
65293269 42073218
65293269 210235404
65293269 15579405
65293269 57646368
65293269 155856029
65293269 57648327
65293269 57644657
65293269 57653156
65293269 22397521
65293269 57645191
65293269 210199837
65293269 65288139
65293269 57652685
65293269 57650405
65293269 57649103
65293269 57649420
65293269 57650624
65293269 44759386
65293269 57649383
65293269 601624149
65293269 13230147
65293269 57646552
65293269 57644698
65293269 57643272
65293269 152572143
65293269 687838647
65293269 152890826
65293269 57652258
65293269 57653135
65293269 50614736
65293269 57646206
65293269 57644042
65293269 57567207
65293269 26732858
65293269 126018634
65293269 16045379
65293269 29313691
65293269 74627839
65293269 57644011
65293269 57848927
6883527 57653135
6883527 50627584
6883527 134515320
6883527 35163719
6883527 57650405
6883527 128395943
6883527 22397521
6883527 57648327
6883527 57649103
6883527 50614736
6883527 44759386
6883527 127504258
6883527 601624149
6883527 30860781
6883527 57647607
6883527 60691505
6883527 57649383
6883527 128502171
6883527 42073218
6883527 57848936
6883527 65288139
6883527 210273484
6883527 57649420
6883527 57648182
6883527 13230147
6883527 21674910
6883527 22415358
6883527 130044107
6883527 57644657
6883527 57644401
6883527 57653156
6883527 15312737
6883527 49520763
6883527 57644698
6883527 57646368
6883527 57644344
6883527 49520817
6883527 57650624
6883527 57646552
6883527 58441566
6883527 121878416
6883527 581919874
6883527 57645191
6883527 57652258
6883527 15579405
6883527 3218118
6883527 207069988
6883527 687838647
6883527 65293269
6883527 57646206
6883527 57644042
6883527 57567207
6883527 26732858
6883527 126018634
6883527 16045379
6883527 29313691
6883527 74627839
6883527 57644011
6883527 57848927
582321780 57848936
16045379 57648182
16045379 3218118
16045379 134515320
16045379 22415358
16045379 60691505
16045379 6883527
16045379 126018634
16045379 57644401
16045379 15312737
16045379 65293269
16045379 58441566
16045379 57644344
16045379 15579405
16045379 57647607
16045379 30860781
16045379 128502171
16045379 57567207
16045379 21674910
16045379 49520817
16045379 50627584
16045379 130044107
16045379 49213325
16045379 22397521
16045379 130236956
16045379 582321780
16045379 57649420
16045379 210273484
16045379 49520763
16045379 57643272
16045379 57644042
16045379 57653156
16045379 57848936
16045379 210235404
16045379 35163719
16045379 42073218
16045379 57646368
16045379 13230147
16045379 57646552
16045379 121878416
16045379 518415877
16045379 26732858
16045379 128395943
16045379 57645191
16045379 65288139
16045379 127504258
16045379 50614736
16045379 49207229
16045379 207069988
16045379 93768138
16045379 57646206
16045379 57644657
16045379 57652685
16045379 210199837
16045379 61934675
16045379 57649103
16045379 57649383
16045379 57650405
16045379 57650624
16045379 57651195
16045379 57653135
16045379 57648327
16045379 152890826
16045379 152572143
16045379 601624149
16045379 57649484
16045379 154854877
16045379 687838647
16045379 29313691
16045379 74627839
16045379 57644011
16045379 57848927
