134507849 82264370
134507849 130332590
134507849 24760424
134507849 90941555
134507849 61721125
134507849 131182239
205151569 75237020
205151569 61721125
130080296 61721125
130080296 131182239
50877348 130332590
50877348 24760424
50877348 131182239
50877348 61721125
176523925 61721125
302895664 61721125
129915939 130332590
129915939 61721125
19274496 61265391
19274496 34644389
19274496 24760424
19274496 131182239
19274496 61721125
75240303 114621567
75240303 130332590
75240303 61721125
130026298 24760424
130026298 61721125
61265391 19274496
61265391 130332590
61265391 24760424
61265391 130053508
61265391 131182239
61265391 61721125
44595097 61721125
16677158 61721125
129930288 130332590
129930288 24760424
129930288 61721125
61259820 61721125
132290090 4316982
82264370 130332590
82264370 24760424
82264370 90941555
82264370 134507849
82264370 61721125
82264370 131182239
52387569 130332590
52387569 134445292
52387569 24760424
52387569 61721125
49042786 134211693
49042786 24760424
49042786 131182239
49042786 61721125
69076551 24760424
69076551 61721125
130045546 130332590
130045546 24760424
130045546 61721125
130045546 131182239
45223989 61721125
57596099 24760424
57596099 127386714
57596099 131182239
57596099 61721125
140206565 61721125
69250459 61721125
115214676 130332590
115214676 61721125
131182239 22887069
131182239 69075639
131182239 231450047
131182239 82264370
131182239 130332590
131182239 134445292
131182239 24760424
131182239 134507849
131182239 61721125
37895099 130332590
37895099 24760424
37895099 131182239
37895099 61721125
114621567 75240303
43902247 130332590
43902247 75237020
43902247 61721125
154932561 61721125
46483252 30854150
46483252 61721125
43780033 61721125
43780033 131182239
20509868 61721125
69075639 130332690
69075639 130332590
69075639 24760424
69075639 131182239
69075639 61721125
61721125 44576750
61721125 34644389
61721125 79272727
61721125 129930288
61721125 127338408
61721125 82263593
61721125 30854150
61721125 24760424
61721125 130165343
61721125 52387569
61721125 82529276
61721125 90941555
61721125 134445292
61721125 130332590
61721125 46483252
61721125 129915939
61721125 134211693
61721125 104876040
61721125 43780033
61721125 82264370
61721125 69075639
61721125 329602983
61721125 75237020
61721125 131182239
61721125 9138304
130013605 24760424
130013605 61721125
130013605 302884580
130013605 129930288
82529276 61721125
104876040 231450047
104876040 130332590
104876040 134445292
104876040 24760424
104876040 130045546
104876040 61721125
130165343 24760424
130165343 61721125
28951629 75237020
28951629 61721125
44236572 61721125
44236572 75237020
79272727 134211693
79272727 82264370
79272727 130332590
79272727 75237020
79272727 24760424
79272727 61721125
80647203 61721125
302884580 131182239
302884580 130013605
302884580 129915939
302884580 61721125
79276070 130013605
79276070 34644389
79276070 24760424
79276070 329602983
79276070 61721125
57482769 61721125
10641308 61721125
50624798 57482769
50624798 24760424
50624798 61721125
48818946 130332590
48818946 61721125
48818946 24760424
130332590 61265391
130332590 75240303
130332590 130045546
130332590 131182239
130332590 61721125
34644389 79276070
34644389 61721125
134445292 30854150
134445292 61265391
134445292 104876040
134445292 44120626
134445292 75240303
134445292 44645025
134445292 130332590
134445292 130013605
134445292 24760424
134445292 130045546
134445292 127386714
134445292 52387569
134445292 131182239
134445292 61721125
231697982 61721125
83818625 24760424
44645025 61721125
44645025 134445292
44645025 130332590
22887069 130332590
22887069 131182239
22887069 61721125
519155333 61721125
127338408 61721125
90941555 231619867
90941555 82264370
90941555 24760424
90941555 134507849
90941555 61721125
329602983 130332590
329602983 24760424
329602983 61721125
9138304 24760424
9138304 129930288
9138304 131182239
9138304 61721125
231450047 61721125
231450047 130332590
44120626 61721125
231619867 61721125
82263593 61721125
102270774 61721125
43795124 61721125
130332690 30854150
130332690 61721125
130053508 61265391
130053508 45223989
75237020 79272727
75237020 44236572
75237020 205151569
75237020 24760424
75237020 28951629
75237020 61721125
24760424 69075639
24760424 50624798
24760424 50877348
24760424 130026298
24760424 82264370
24760424 61265391
24760424 19274496
24760424 104876040
24760424 79272727
24760424 69076551
24760424 75237020
24760424 130013605
24760424 134445292
24760424 83818625
24760424 49042786
24760424 37895099
24760424 130045546
24760424 90941555
24760424 130165343
24760424 134507849
24760424 329602983
24760424 79276070
24760424 129930288
24760424 131182239
24760424 61721125
24760424 9138304
44969647 61721125
44576750 130332590
44576750 61721125
30854150 82264370
30854150 130332590
30854150 34644389
30854150 24760424
30854150 130045546
30854150 131182239
30854150 61721125
134211693 61721125
134211693 79272727
