152677641 50869481
17707485 114775504
17707485 97088473
17707485 210200217
17707485 175158574
17707485 152928631
17707485 58107716
17707485 50869481
17707485 85051979
17707485 175152135
17707485 16387366
17707485 35360212
17707485 152674266
17707485 61576459
17707485 152576541
17707485 113654288
17707485 582418963
17707485 57644609
152572768 114775504
152572768 16387366
152572768 97088473
152478774 114775504
152478774 44758749
234083279 114775504
234083279 44758749
152856436 155829607
152856436 35360212
152856436 58107716
152856436 57645050
152856436 114775504
152957775 114775504
152957775 152660412
25371658 85051979
25371658 50869481
25371658 57645050
25371658 114775504
25371658 97088473
152632587 114775504
152632587 97088473
152632587 113654288
152783959 114775504
152783959 152576541
152783959 44757781
152783959 97088473
175158574 101699564
175158574 97088473
175158574 17707485
57648789 152576541
57648789 154891970
57648789 78144001
57648789 114775504
57648789 97088473
57648789 113654288
103145547 155875515
103145547 298833298
103145547 114775504
566382126 114775504
581464397 114775504
65307564 114775504
23199713 152576541
23199713 114775504
23199713 103253809
23199713 97088473
155875515 175156123
155875515 152856436
155875515 103145547
155875515 114775504
155875515 152576541
155875515 50869481
155875515 16387366
155875515 97088473
155875515 44758749
155875515 113654288
58045029 114775504
58104267 152576541
58104267 119291457
58104267 114775504
58104267 97088473
44757781 83508117
44757781 152581194
44757781 114775504
44757781 152783959
44757781 50869481
44757781 16387366
44757781 152674266
44757781 97088473
44757781 152931620
581123625 114775504
155829607 114775504
155829607 152856436
152928631 114775504
152928631 97088473
152928631 17707485
44758749 155875515
44758749 114775504
44758749 210200217
44758749 97088473
44758749 152478774
44758749 113654288
199001610 114775504
67242970 298833298
67242970 114775504
67242970 113654288
57645050 207097797
57645050 25371658
57645050 152856436
57645050 152660412
57645050 114775504
57645050 50869481
57645050 97088473
57645050 152931620
57645050 57644609
175156123 155875515
175156123 114775504
175156123 147840325
152812879 114775504
215749573 114775504
215749573 152576541
152581194 114775504
152581194 44757781
152581194 152674266
152581194 97088473
152581194 44758749
103253809 23199713
103253809 61576459
103253809 78144001
103253809 114775504
103253809 97088473
61576459 114775504
61576459 103253809
61576459 97088473
61576459 17707485
61576459 152931620
82151888 114775504
82151888 152846499
154891970 114775504
85051979 50869481
85051979 114775504
85051979 113654288
97088473 103253809
97088473 152660412
97088473 50869481
97088473 175158574
97088473 57648789
97088473 16387366
97088473 57650568
97088473 44757781
97088473 152572768
97088473 152928569
97088473 119291457
97088473 23199713
97088473 155875515
97088473 83508117
97088473 152928631
97088473 101699564
97088473 207097797
97088473 57645050
97088473 25371658
97088473 152632587
97088473 210200217
97088473 61576459
97088473 131584532
97088473 152581194
97088473 152576541
97088473 152783959
97088473 58104267
97088473 17707485
97088473 152931620
97088473 44758749
97088473 113654288
35360212 581691455
35360212 114775504
35360212 152856436
35360212 17707485
35360212 113654288
152660412 152957775
152660412 47140716
152660412 57645050
152660412 114775504
152660412 16387366
152660412 97088473
581691455 35360212
581691455 114775504
147840325 114775504
45221533 47140716
45221533 114775504
45221533 152856436
45221533 113654288
581344826 114775504
196221201 114775504
152713064 114775504
47140716 114775504
50869481 152677641
50869481 85051979
50869481 25371658
50869481 298833298
50869481 114775504
50869481 152576541
50869481 155875515
50869481 119291457
50869481 16387366
50869481 44757781
50869481 57645050
50869481 97088473
50869481 17707485
50869481 152931620
50869481 113654288
50869481 57644609
137728925 114775504
24775421 114775504
152928569 114775504
152928569 152576541
152928569 16387366
152928569 97088473
152576541 23199713
152576541 57591376
152576541 152581194
152576541 58104267
152576541 131584532
152576541 154966234
152576541 114775504
152576541 215749573
152576541 152783959
152576541 152928569
152576541 50869481
152576541 119291457
152576541 97088473
152576541 17707485
152576541 113654288
78144001 57648789
78144001 103253809
78144001 114775504
119291457 114775504
119291457 152846499
119291457 152576541
119291457 16387366
119291457 152674266
119291457 97088473
119291457 113654288
57644609 114775504
57644609 152660412
57644609 50869481
57644609 210200217
57644609 57645050
57644609 17707485
582418963 114775504
581945916 114775504
152581307 114775504
113654288 85051979
113654288 17707485
113654288 67242970
113654288 114775504
113654288 50869481
113654288 57648789
113654288 45221533
113654288 35360212
113654288 44758749
113654288 97088473
113654288 57650568
113654288 155875515
113654288 152632587
113654288 152576541
113654288 175152135
113654288 119291457
113654288 152674266
298833298 103145547
298833298 114775504
298833298 50869481
298833298 67242970
298833298 113654288
57650568 114775504
57650568 16387366
57650568 97088473
57650568 152931620
57650568 113654288
340383153 114775504
154966234 152576541
154966234 114775504
210200217 114775504
210200217 16387366
210200217 97088473
210200217 17707485
210200217 44758749
210200217 113654288
210200217 57644609
44755051 175152135
44755051 114775504
44755051 155875515
175152135 114775504
175152135 113654288
152674266 114775504
152674266 44757781
152674266 152581194
152674266 119291457
152674266 17707485
152674266 113654288
152684787 114775504
57589953 154886308
57589953 298833298
57589953 114775504
57589953 152628726
152628726 57589953
152628726 114775504
154886308 114775504
154886308 97088473
58107716 152856436
58107716 114775504
207097797 57645050
207097797 114775504
207097797 97088473
152858233 114775504
101699564 114775504
101699564 175158574
101699564 97088473
298839139 114775504
152846499 152957775
152846499 82151888
152846499 114775504
152846499 119291457
152846499 152931620
152931620 44757781
152931620 114775504
152931620 97088473
152931620 50869481
152931620 16387366
152931620 57645050
152931620 61576459
152931620 57650568
152931620 152846499
152931620 582418963
536232990 114775504
140584219 114775504
58279115 114775504
328359775 114775504
58297296 114775504
298837925 114775504
114775504 82151888
114775504 35360212
114775504 85051979
114775504 154886308
16387366 83508117
16387366 152572768
16387366 152660412
16387366 114775504
16387366 152928569
16387366 155875515
16387366 50869481
16387366 119291457
16387366 210200217
16387366 44757781
16387366 57650568
16387366 97088473
16387366 17707485
16387366 152931620
35430918 114775504
57591376 152576541
57591376 114775504
131584532 152576541
131584532 114775504
131584532 97088473
83508117 114775504
83508117 16387366
83508117 44757781
83508117 97088473
