131840045 165155185
131840045 138050808
129712828 705234729
172037852 139862978
214570295 137905696
781349206 164422447
137905696 214570295
109599852 135409016
109599852 834548933
689843502 165072204
705234729 129712828
690377327 164422447
257128154 164422447
257128154 138050808
60596381 164422447
836610395 697288930
316254440 165072204
359289490 164422447
165072204 689843502
84504795 697288930
138050808 257128154
138050808 131840045
454410037 164422447
645741735 164422447
834140197 164422447
139734752 165072204
166020077 164422447
165823428 165072204
139862978 172037852
499268034 164422447
697288930 836610395
697288930 84504795
834139479 164422447
135409016 109599852
135409016 164422447
124269541 137438401
834548933 109599852
126519922 164422447
726216012 164422447
137438401 124269541
