10931919 152906617
10931919 57653082
10931919 152933278
10931919 675156359
10931919 35515902
10931919 152574488
10931919 152906232
10931919 152602020
10931919 152661880
10931919 58139962
10931919 152900351
10931919 57648622
10931919 178135435
10931919 152926252
10931919 152838931
58107458 152933278
152925587 152933278
57648622 10931919
57648622 152933278
57648622 57653082
57648622 152574488
57648622 44758338
57648622 58184850
152926252 10931919
152906232 10931919
152906232 152933278
152734242 152933278
152900351 152933278
152900351 152574488
152900351 57653082
152900351 10931919
35515902 10931919
152680503 83120465
152680503 152933278
44758338 152933278
44758338 57648622
152955780 10931919
152955780 152933278
152620655 57653082
152620655 152933278
152602020 152933278
152602020 10931919
152785253 152933278
152785253 57769540
152574488 10931919
152574488 152933278
152574488 152898210
152574488 152661880
152574488 152913635
152574488 152900351
152574488 57648622
152574488 178135435
152565523 152933278
152838931 152933278
152838931 178135435
152838931 10931919
152913066 152933278
58184850 57653082
58184850 152933278
58184850 152661880
58184850 57648622
152913635 152574488
152913635 152734242
152913635 152661880
152913635 152933278
58139962 10931919
58139962 152933278
675156359 10931919
57653082 10931919
57653082 152933278
57653082 152620655
57653082 58184850
57653082 152900351
152906617 152933278
152899910 152933278
57769540 152933278
57769540 152785253
178135435 152933278
178135435 152574488
178135435 10931919
178135435 152926252
178135435 152838931
83120465 152680503
152933278 152906617
152933278 152693051
152933278 10931919
152933278 58107458
152933278 152955780
152933278 57653082
152933278 152734242
152933278 152898210
152933278 152925587
152933278 152785253
152933278 152913066
152933278 152899910
152933278 152574488
152933278 152680503
152933278 152816754
152933278 152906232
152933278 152620655
152933278 152602020
152933278 58184850
152933278 152565523
152933278 152661880
152933278 44758338
152933278 152913635
152933278 152900351
152933278 57648622
152933278 57769540
152933278 152838931
152898210 152933278
152898210 152574488
152816754 152933278
152693051 152933278
152661880 10931919
152661880 152933278
152661880 152574488
152661880 58184850
152661880 57769540
