29867260 18706824
29867260 127166728
398054019 127166728
52149828 127166728
120473240 127166728
57227260 127166728
118116696 127166728
35263090 127166728
604083994 29883226
58109727 127166728
220367365 127166728
199710108 127166728
6043373 676231497
20892293 127166728
48954743 127166728
12203352 127166728
29883226 604083994
29883226 127166728
67812892 379483046
608806108 71709479
608806108 127166728
62068098 127166728
536413712 127166728
60943300 127166728
19404194 127166728
151059217 127166728
302121988 127166728
676231497 6043373
325256221 127166728
18625075 127166728
8348542 127166728
379483046 67812892
379483046 127166728
18706824 29867260
18706824 127166728
35088032 127166728
836612744 127166728
24998741 127166728
73148084 127166728
