660984661 82387979
139920972 448562875
156008814 166619973
491866320 127358404
33373155 82387979
162867750 258423886
162867750 566835851
449294376 448562875
182688402 566835851
836610511 566835851
216073860 224928175
156131872 363999551
165085174 82387979
9952680 82387979
9952680 72338215
166612989 566835851
51796782 566835851
51796782 289182142
51796782 135748148
289186250 82387979
289186250 450278146
289186250 72338215
366185326 127358404
50717396 82387979
814589099 36563672
35606773 566835851
35606773 155812038
84167496 82387979
289168728 130460933
224928175 216073860
224928175 159838285
836611177 127358404
258423886 60777047
258423886 162867750
33928654 82387979
16122030 26847652
16122030 19159635
130980380 82387979
72338215 289186250
72338215 9952680
140357571 133896445
166619973 156008814
166619973 19159635
166619973 130940672
132652159 82387979
60777047 566835851
60777047 258423886
36563672 814589099
36563672 82387979
36563672 450278146
506001051 82387979
30167966 82387979
115797494 156107757
20485649 82387979
20485649 566835851
253252015 566835851
121371880 566835851
26847652 16122030
449013906 289182142
135748148 82387979
450278146 36563672
450278146 82387979
450278146 289186250
384632479 133896445
448562875 449294376
448562875 139920972
363999551 156131872
155812038 35606773
836610593 82387979
26199408 82387979
743555562 566835851
159838285 224928175
59568914 82387979
19159635 166619973
19159635 16122030
648257482 566835851
28267372 566835851
30511781 82387979
506141724 127358404
82387979 165085174
82387979 33373155
82387979 26199408
82387979 30511781
82387979 59568914
82387979 84167496
82387979 289186250
82387979 130980380
82387979 132652159
82387979 30167966
82387979 20485649
82387979 450278146
82387979 506001051
82387979 135748148
98763522 566835851
133896445 140357571
156107757 115797494
