52058107 52072913
52058107 9865889
52058107 128323329
52058107 31086580
52058107 56138503
52058107 208566427
52058107 52034879
52058107 52063081
52058107 58394933
52058107 164079539
52058107 2568203
52058107 164370691
52058107 81377409
45483382 128323329
45483382 208566427
45483382 52034879
54622057 128323329
54622057 208566427
54622057 69083591
54622057 2568203
608254983 208492808
608254983 9865889
608254983 128323329
608254983 31086580
608254983 30652116
608254983 55024837
608254983 208566427
608254983 8579118
608254983 69083591
608254983 2568203
81254677 128323329
81254677 115800881
81254677 2568203
655719684 49025474
655719684 115800881
655719684 57136776
655719684 169529425
655719684 54989890
655719684 164079539
655719684 56693654
655719684 33288450
58394933 52072913
58394933 643792899
58394933 128323329
58394933 31086580
58394933 52058107
58394933 13398198
58394933 208566427
56138503 9865889
56138503 128323329
56138503 52058107
56138503 208566427
56138503 52063081
56138503 164079539
13398198 31086580
13398198 208566427
13398198 52034879
13398198 33288450
13398198 81377409
742814247 128323329
756739506 128323329
115800881 81254677
115800881 655719684
81801285 128323329
120630079 52072913
120630079 81801285
52550231 45157470
208566427 54622057
208566427 9865889
208566427 643792899
208566427 603526400
208566427 128323329
208566427 31086580
208566427 56138503
208566427 55024837
208566427 52058107
208566427 13398198
208566427 52034879
208566427 608254983
208566427 12583236
208566427 164079539
208566427 54372734
208566427 164370691
208566427 81377409
56693654 655719684
52485516 128323329
52063081 9865889
52063081 31086580
52063081 56138503
52063081 52058107
52063081 52034879
52063081 81377409
45133439 128323329
54387518 128323329
12583236 128323329
12583236 208566427
68060157 128323329
142528321 128323329
69083591 128323329
69083591 8579118
169529425 128323329
169529425 31086580
169529425 30652116
169529425 49025474
169529425 52034879
169529425 655719684
169529425 2568203
10857397 128323329
555307212 128323329
23421755 129122065
57459132 643792899
57231197 129122065
421496048 128323329
81377409 31086580
81377409 8579118
81377409 52034879
81377409 13398198
81377409 2568203
81377409 208566427
81377409 31697813
81377409 128323329
81377409 164370691
81377409 164079539
81377409 45157470
81377409 52058107
81377409 55024837
81377409 603526400
81377409 52063081
5908652 128323329
5908652 31086580
5908652 8579118
603526400 81377409
603526400 69083591
603526400 31086580
45157470 128323329
45157470 81377409
45157470 52550231
52034879 128323329
52034879 31086580
52034879 55024837
52034879 52058107
52034879 13398198
52034879 169529425
52034879 208566427
52034879 52063081
52034879 164079539
52034879 2568203
52034879 164370691
52034879 81377409
149535445 128323329
9865889 128323329
9865889 31086580
9865889 208566427
9865889 52063081
9865889 33288450
37849344 128323329
37849344 31086580
37849344 8579118
129122065 23421755
704716924 8579118
54989890 655719684
54372734 128323329
54372734 31086580
54372734 208566427
540536911 128323329
31697813 23421755
31697813 31086580
31697813 69083591
31697813 81377409
164370691 128323329
164370691 31086580
164370691 52058107
164370691 208566427
164370691 52034879
164370691 164079539
164370691 2568203
164370691 81377409
208492808 128323329
128323329 54622057
128323329 52072913
128323329 9865889
128323329 37849344
128323329 31086580
128323329 30652116
128323329 689803352
128323329 55024837
128323329 52058107
128323329 208566427
128323329 8579118
128323329 52034879
128323329 69083591
128323329 164079539
128323329 2568203
128323329 33288450
128323329 81377409
55024837 54622057
55024837 10709332
55024837 128323329
55024837 31086580
55024837 57136776
55024837 52058107
55024837 208566427
55024837 52034879
55024837 69083591
55024837 164079539
55024837 54372734
55024837 2568203
55024837 81377409
643792899 689803352
31086580 52072913
31086580 9865889
31086580 37849344
31086580 10709332
31086580 128323329
31086580 689803352
31086580 55024837
31086580 52058107
31086580 13398198
31086580 208566427
31086580 8579118
31086580 52034879
31086580 52063081
31086580 58394933
31086580 164079539
31086580 5908652
31086580 54372734
31086580 2568203
31086580 164370691
31086580 33288450
31086580 81377409
57136776 55024837
57136776 655719684
52220118 128323329
8579118 37849344
8579118 128323329
8579118 31086580
8579118 704716924
8579118 30652116
8579118 69083591
8579118 164079539
8579118 5908652
8579118 81377409
30652116 128323329
45365950 128323329
2568203 54622057
2568203 128323329
2568203 31086580
2568203 52058107
2568203 52034879
2568203 80866466
2568203 164370691
2568203 81377409
80866466 128323329
80866466 2568203
80866466 164079539
164079539 52072913
164079539 128323329
164079539 31086580
164079539 56138503
164079539 55024837
164079539 52058107
164079539 8579118
164079539 52034879
164079539 80866466
164079539 655719684
164079539 164370691
164079539 81377409
10709332 128323329
10709332 31086580
10709332 55024837
155674286 128323329
635342497 128323329
512076664 128323329
224574787 128323329
52072913 128323329
52072913 31086580
52072913 52058107
52072913 208566427
52072913 58394933
52072913 164079539
52072913 2568203
33288450 128323329
33288450 13398198
33288450 31086580
33288450 9865889
33288450 655719684
49025474 655719684
49025474 169529425
704647240 128323329
704647240 31086580
689803352 31086580
689803352 128323329
689803352 643792899
208387055 128323329
