58348441 127166211
500778832 127166211
638289601 127166211
35904520 127166211
35904520 12183257
56839650 127166211
637935537 127166211
35324744 127166211
836612733 127166211
383362085 127166211
451598019 127166211
741922739 127166211
457905452 127166211
16227567 127166211
82376089 127166211
582478486 127166211
299863606 127166211
534365317 127166211
274158236 127166211
27460566 127166211
23898698 25904220
23898698 15816711
3435245 127166211
25904220 23898698
25904220 12183257
25904220 15816711
58455549 127166211
81461509 127166211
81461509 127456285
32628098 127166211
756729560 127166211
199966828 127166211
741922263 127166211
161483937 127166211
34947672 127166211
93671830 127166211
30433016 127166211
261830791 127166211
102716818 127166211
6589857 127166211
23186369 127166211
23186369 21088137
616895767 127166211
12183257 127166211
12183257 25904220
12183257 45568061
12183257 29580493
85207913 127166211
725015133 127166211
386849410 127166211
34951204 127166211
158092761 127166211
45568061 127166211
45568061 12183257
45568061 29580493
44719159 127166211
29580493 127166211
29580493 12183257
29580493 45568061
128058893 127166211
299475832 127166211
177127282 127166211
566480591 127166211
152505653 127166211
69742786 127166211
44659606 127166211
371705786 127166211
756764661 127166211
55244546 127166211
98384546 127166211
21088137 127166211
21088137 23186369
26666333 127166211
536021302 127166211
35376628 127166211
735708189 127166211
710808933 127166211
65542320 127166211
67467216 127166211
127456285 127166211
127456285 81461509
234767837 127166211
505112544 127166211
741189018 127166211
50900357 127166211
15816711 127166211
15816711 23898698
15816711 25904220
166663761 127166211
3167650 127166211
756739311 127166211
