15106158 44493879
15106158 57439939
15106158 44875532
15106158 22773666
15106158 24316891
15106158 57478842
15106158 112762501
15106158 163817282
15106158 130475146
15106158 48563615
15106158 156504294
15106158 199812727
15106158 231662227
15106158 49521731
15106158 26815328
15106158 49058081
15106158 44843427
57478842 66986346
57478842 15106158
44493879 49521731
44493879 15106158
48563615 49521731
48563615 15106158
48563615 44843427
43827157 32213366
45061026 66986346
199812727 57439939
199812727 15106158
33370073 127540818
35221935 66986346
24316891 48681731
24316891 22773666
24316891 49521731
24316891 15106158
112762501 22773666
112762501 37980917
112762501 66986346
112762501 231662227
112762501 26815328
112762501 15106158
112762501 44843427
48712661 127540818
48712661 66986346
44394234 66986346
13924894 66986346
231662227 57439939
231662227 112762501
231662227 130475146
231662227 49521731
231662227 15106158
156579560 66986346
156579560 44843427
47992917 66986346
26815328 44875532
26815328 37980917
26815328 50853849
26815328 112762501
26815328 130475146
26815328 49521731
26815328 15106158
26815328 44843427
44875532 48681731
44875532 43827157
44875532 49521731
44875532 26815328
44875532 15106158
44875532 44843427
57439939 130475146
57439939 199812727
57439939 231662227
57439939 49521731
57439939 32213366
57439939 9049921
57439939 15106158
57439939 44843427
163817282 15106158
163817282 44843427
44788268 5783861
37980917 112762501
37980917 26815328
37980917 231321584
52158946 66986346
10066602 66986346
48681731 44875532
48681731 24316891
57391057 44315324
55045051 66986346
55045051 49521731
9049921 57439939
9049921 44843427
29661626 127540818
66986346 10066602
44520307 66986346
49521731 44493879
49521731 57439939
49521731 44875532
49521731 38793780
49521731 44737022
49521731 127385889
49521731 130475146
49521731 48563615
49521731 156504294
49521731 231662227
49521731 32213366
49521731 26815328
49521731 15106158
49521731 44843427
49521731 55045051
68952015 35221935
44385603 55045051
44930488 66986346
130475146 57439939
130475146 231662227
130475146 49521731
130475146 32213366
130475146 26815328
231321584 37980917
268782966 66986346
49058081 66986346
49058081 15106158
37337878 127540818
37337878 66986346
32213366 57439939
32213366 66986346
32213366 130475146
32213366 43827157
32213366 49521731
44902893 66986346
44944334 127540818
44944334 66986346
5783861 8166653
5783861 191875271
5783861 44788268
44806476 66986346
50853849 66986346
50853849 26815328
22773666 24316891
22773666 112762501
22773666 15106158
22773666 44843427
128682831 66986346
156504294 49521731
156504294 15106158
127540818 44944334
127540818 29661626
44843427 8166653
44843427 57439939
44843427 44875532
44843427 22773666
44843427 112762501
44843427 163817282
44843427 48563615
44843427 49521731
44843427 9049921
44843427 26815328
44843427 156579560
44843427 15106158
191875271 5783861
191875271 66986346
44737022 49521731
8166653 127385889
8166653 49521731
8166653 5783861
8166653 44843427
52199471 66986346
