32502067 155308939
61932268 175151717
357564176 155308939
357564176 32484016
180547126 155308939
152713317 155308939
152713317 124087500
711290822 155308939
601881355 155308939
601881355 3945213
58280366 124087500
14930209 32484016
14930209 124087500
14930209 155308939
152678122 357564176
152678122 155308939
298848686 155308939
298848686 124087500
298848686 152713317
456671946 643205736
456671946 124087500
456671946 155308939
175151717 61932268
175151717 601881355
155308939 124087500
155308939 357564176
155308939 711290822
155308939 180547126
155308939 298848686
155308939 32484016
155308939 32502067
155308939 14930209
32484016 357564176
32484016 124087500
32484016 155308939
32484016 14930209
421501883 124087500
421501883 155308939
643205736 456671946
3945213 601881355
124087500 58280366
124087500 456671946
124087500 421501883
124087500 155308939
124087500 298848686
124087500 32484016
124087500 14930209
124087500 152713317
33733451 357564176
