210268198 98719901
210268198 27843814
413634359 27843814
413634359 58381306
152524708 27843814
83125056 58166072
83125056 58163700
83125056 210256990
57608974 98719901
57608974 27843814
57608974 58381306
57608974 9023080
57608974 298951665
57971549 93768160
57971549 252974275
57971549 107239727
152474737 58381306
152474737 8690203
131829928 61088172
421476501 357564100
421476501 377280683
421476501 27843814
421476501 8690203
421476501 58381306
421476501 81379139
456671939 27843814
30160137 58381306
30160137 8690203
30160137 498211581
30160137 27843814
30160137 27992331
30160137 26285018
30160137 9023080
659987596 98719901
659987596 27843814
659987596 58381306
834117841 834213486
834117841 194469953
834117841 27843814
834117841 9087655
24679236 98719901
24679236 138452810
24679236 19285426
349481775 210256990
349481775 27843814
81379139 98719901
81379139 27843814
81379139 421476501
81379139 58381306
551751067 27843814
152502516 498211581
291875109 27843814
291875109 58043528
291875109 58381306
252974275 57971549
58043528 98719901
58043528 27843814
58043528 298839199
58043528 498211581
58043528 291875109
58043528 189168790
58043528 210215998
58043528 357563924
58043528 58381306
58043528 9023080
834213486 194469953
834213486 834117841
834213486 9087655
167800292 15518159
167800292 27843814
9023080 27843814
9023080 194469953
9023080 58043528
9023080 421581436
9023080 8690203
9023080 34190360
9023080 58381306
9023080 52450086
9023080 6852339
421581436 27843814
178034675 58163700
178034675 8690203
178034675 61088172
178034675 609148465
178034675 27843814
178034675 357563924
178034675 58381306
178034675 9023080
638099842 8690203
128854474 27843814
128854474 5467493
128854474 58381306
117975914 768567123
117975914 27843814
117975914 498211581
117975914 58381306
210256990 27843814
210256990 349481775
210256990 61088172
210256990 58163700
210256990 8690203
210256990 92495984
210256990 609148465
210256990 83125056
210256990 26285018
210256990 357563924
210256990 19285426
6852339 8690203
6852339 189168790
6852339 27843814
6852339 9023080
6852339 98719901
6852339 58381306
498211581 128164488
498211581 152502516
498211581 58043528
498211581 665819383
498211581 167441671
498211581 126511718
498211581 58381306
812549315 58381306
57334945 27843814
57334945 58381306
210215998 27843814
210215998 8690203
210215998 26285018
210215998 58043528
210215998 19285426
19285426 357563924
19285426 24679236
19285426 34190360
19285426 210256990
19285426 8690203
19285426 138452810
19285426 26285018
19285426 27843814
19285426 210215998
19285426 167441671
19285426 98719901
19285426 58381306
19285426 17212193
19285426 163543991
8690203 178034675
8690203 638099842
8690203 152474737
8690203 609148465
8690203 421537603
8690203 27843814
8690203 298839199
8690203 138452810
8690203 421496395
8690203 421476501
8690203 210256990
8690203 26285018
8690203 107239727
8690203 421581436
8690203 81379139
8690203 210215998
8690203 167441671
8690203 357563924
8690203 19285426
8690203 126511718
8690203 9023080
8690203 58381306
8690203 52450086
8690203 17212193
8690203 163543991
8690203 30160137
8690203 6852339
138651819 58381306
126511718 498211581
126511718 8690203
126511718 98719901
98719901 377280683
98719901 58043528
98719901 357564100
98719901 768567123
98719901 609148465
98719901 57611261
98719901 27843814
98719901 210268198
98719901 57608974
98719901 24679236
98719901 189168790
98719901 26285018
98719901 107239727
98719901 35160998
98719901 81379139
98719901 659987596
98719901 298951665
98719901 167441671
98719901 357563924
98719901 19285426
98719901 126511718
98719901 58381306
98719901 17212193
98719901 6852339
716476534 131420302
57611261 98719901
9087655 834213486
9087655 194469953
9087655 834117841
421496395 27843814
421496395 8690203
15518159 27843814
15518159 167800292
15518159 58381306
15518159 9023080
189168790 98719901
189168790 27843814
189168790 58043528
189168790 58381306
189168790 6852339
49497224 98719901
49497224 27843814
49497224 58381306
49497224 665819383
357564100 98719901
357564100 421476501
357564100 58381306
128164488 27843814
128164488 498211581
128164488 58381306
61088172 178034675
61088172 58166072
61088172 58163700
61088172 127960213
61088172 609148465
61088172 27843814
61088172 11255010
61088172 210256990
61088172 26285018
61088172 167441671
768567123 98719901
768567123 27843814
768567123 117975914
107239727 11255010
107239727 27843814
107239727 8690203
107239727 98719901
107239727 57971549
665819383 27843814
665819383 498211581
665819383 49497224
665819383 9023080
421537603 8690203
421537603 58381306
675875725 27843814
34190360 27843814
34190360 19285426
34190360 9023080
34190360 58381306
52450086 8690203
52450086 357563924
52450086 9023080
58166072 58163700
58166072 61088172
58166072 609148465
58166072 11255010
58163700 178034675
58163700 97439285
58163700 58166072
58163700 83125056
58163700 61088172
58163700 609148465
58163700 27843814
58163700 210256990
377280683 98719901
377280683 421476501
377280683 35160998
20861078 27843814
152731926 20861078
152731926 189168790
152731926 9023080
27843814 58043528
27843814 15518159
27843814 92495984
27843814 178034675
27843814 8690203
27843814 675875725
27843814 98719901
27843814 127960213
27843814 61088172
27843814 768567123
27843814 456671939
27843814 128347710
27843814 349481775
27843814 117975914
27843814 11255010
27843814 167800292
27843814 298839199
27843814 291875109
27843814 210256990
27843814 93768160
27843814 128854474
27843814 26285018
27843814 107239727
27843814 34190360
27843814 421581436
27843814 81379139
27843814 210215998
27843814 665819383
27843814 167441671
27843814 357563924
27843814 19285426
27843814 9917729
27843814 9023080
27843814 58381306
27843814 163543991
27843814 6852339
194469953 834213486
194469953 834117841
194469953 9087655
357563924 58043528
357563924 98719901
357563924 5467493
357563924 27843814
357563924 8690203
357563924 210256990
357563924 178034675
357563924 58381306
92495984 609148465
92495984 27843814
92495984 131829928
92495984 210256990
92495984 58381306
138452810 24679236
138452810 167441671
35160998 98719901
35160998 377280683
93768160 27843814
93768160 26285018
93768160 57971549
128347710 27843814
163543991 19285426
163543991 58381306
163543991 27843814
26285018 609148465
26285018 8690203
26285018 27843814
26285018 98719901
26285018 61088172
26285018 93768160
26285018 210256990
26285018 210215998
26285018 9023080
26285018 58381306
26285018 30160137
298951665 58381306
298951665 27843814
298951665 98719901
298951665 57608974
298951665 9023080
58381306 291875109
58381306 659987596
58381306 8690203
58381306 58043528
58381306 98719901
58381306 27843814
58381306 167441671
58381306 421537603
58381306 298839199
58381306 357563924
58381306 421476501
58381306 357564100
58381306 9023080
58381306 19285426
58381306 27992331
58381306 26285018
58381306 128854474
58381306 138452810
58381306 609148465
58381306 189168790
58381306 498211581
58381306 163543991
58381306 30160137
58381306 6852339
58381306 5467493
127960213 61088172
127960213 27843814
5467493 357564100
5467493 58381306
5467493 357563924
5467493 128854474
97439285 58163700
298839199 8690203
298839199 27843814
298839199 58043528
298839199 58381306
167441671 609148465
167441671 27843814
167441671 98719901
167441671 138452810
167441671 8690203
167441671 58163700
167441671 61088172
167441671 498211581
167441671 58381306
11255010 58166072
11255010 58163700
11255010 61088172
11255010 609148465
11255010 27843814
11255010 498211581
11255010 107239727
11255010 58381306
11255010 9023080
609148465 92495984
609148465 178034675
609148465 58166072
609148465 58163700
609148465 8690203
609148465 61088172
609148465 11255010
9917729 131829928
9917729 27843814
9917729 58381306
364184336 58381306
27992331 27843814
27992331 58381306
27992331 30160137
47243681 357563924
47243681 27843814
17212193 19285426
17212193 98719901
17212193 8690203
17212193 58381306
