553301483 127205666
58492816 127205666
33417545 215709395
33417545 127205666
36941547 127205666
45047627 127205666
178541008 127205666
47789774 127205666
58513071 127205666
562404543 127205666
169530520 127205666
177383205 127205666
156893406 127205666
107671466 30430155
107671466 127205666
98966272 58262867
98966272 127205666
98966272 694063655
98966272 343036527
38362220 127205666
638095205 127205666
244151891 30430155
102813823 30430155
215709395 33417545
215709395 127205666
107408940 127205666
152512450 127205666
83434760 127205666
80387634 127205666
162004843 127205666
200246470 127205666
566749149 127205666
370808022 127205666
413660008 127205666
15849910 127205666
48734185 127205666
23938335 127205666
224804095 127205666
142572173 127205666
168317033 127205666
581399385 127205666
52578257 30430155
343036527 127205666
343036527 694063655
54678912 127205666
155108481 127205666
58362824 127205666
30430155 127205666
30430155 52578257
22665901 127205666
58061464 127205666
57604915 127205666
199942770 127205666
15437676 127205666
442176098 127205666
56977943 127205666
7851476 127205666
299991542 127205666
199728477 127205666
56909162 127205666
58262867 127205666
58262867 98966272
