18489812 152820000
18489812 57589769
18489812 152906562
18489812 152899871
152514679 152729789
152514679 152899871
57648937 45458690
57648937 57644282
57648937 121878500
57648937 57643658
57648937 152848651
57648937 152628126
57648937 152702213
57648937 152940580
57648937 44760050
57648937 152913589
57648937 152660932
57648937 152906562
57648937 57650568
57648937 152725960
57648937 57650017
57648937 152674266
57648937 152899871
57648937 57648284
57648937 152603601
57648284 84526856
57648284 57650568
57648284 152941821
57648284 152899871
57648284 57644282
57648284 57643658
57648284 45458690
57648284 57648937
57648284 57650017
57648284 121878500
57648284 152724470
57648284 57653224
57648284 223766928
57648284 152728716
57648284 152899677
57648284 152564083
57648284 149528759
57648284 152729789
57648284 44760050
57648284 152687256
57648284 269701506
57648284 152566426
57648284 58158750
57648284 57589769
57648284 152955074
57648284 152603601
152703354 152899871
152703354 152899677
58361531 152674266
58361531 152729789
58361531 58158750
84526856 121878500
84526856 57589769
84526856 152882273
84526856 152724470
84526856 57648284
223766928 152620635
223766928 152604236
223766928 580974394
223766928 152930451
223766928 152850568
223766928 54052212
223766928 152797864
223766928 152899871
223766928 152603601
19526162 152620635
19526162 152955074
19526162 73147446
19526162 57643658
19526162 57644282
19526162 152729789
19526162 152850568
19526162 269701506
19526162 152674266
19526162 152687256
19526162 152899871
152729789 152604236
152729789 152514679
152729789 152955074
152729789 121878500
152729789 490439462
152729789 152628126
152729789 57653224
152729789 152820000
152729789 152432285
152729789 152941821
152729789 19526162
152729789 152620635
152729789 45458690
152729789 58158750
152729789 152603806
152729789 152850568
152729789 152578056
152729789 152899677
152729789 54052212
152729789 152564083
152729789 152797864
152729789 152899871
152729789 152578577
152729789 58361531
152729789 57648284
152729789 152603601
152955074 152940580
152955074 152660932
152955074 121878500
152955074 57589769
152955074 152604236
152955074 57644282
152955074 580879717
152955074 152729789
152955074 152882273
152955074 152913589
152955074 152564083
152955074 152899871
152955074 152815773
152955074 18944345
152728716 57589769
152728716 152955074
152728716 121878500
152728716 57648284
152728716 152603601
601609761 152725960
601609761 152899871
806378605 152899871
152534016 152899871
57644282 57643658
57644282 57461271
57644282 152730152
57644282 121878500
57644282 152955074
57644282 57653224
57644282 19526162
57644282 45458690
57644282 152904886
57644282 269701506
57644282 57648937
57644282 152475850
57644282 57650017
57644282 152724470
57644282 152564083
57644282 57648284
57644282 152603601
152724470 45458690
152724470 57650017
152724470 57644282
152724470 84526856
152724470 152725960
152724470 54052212
152724470 44760050
152724470 152899871
152724470 57648284
152724470 18944345
152820000 57653224
152820000 152906562
152820000 84526856
152820000 18489812
152820000 152729789
152820000 45458690
152820000 152899677
152820000 152797864
152820000 152899871
152820000 152603601
130338844 152899677
130338844 152899871
57461271 152604236
57461271 57644282
57461271 580974394
57461271 152800381
57461271 152899871
152798220 152899871
580974394 223766928
580974394 152729789
580974394 152899871
152818795 73147446
152818795 152899871
152603601 152725960
152603601 152728716
152603601 57644282
152603601 152899871
152603601 152628126
152603601 152899677
152603601 152578577
152603601 44760050
152603601 223766928
152603601 57648937
152603601 57648284
152603601 152729789
152687256 19526162
152687256 152514679
152687256 152899871
152687256 18944345
152687256 57648284
32429766 152941821
32429766 121878500
32429766 57589769
32429766 152702213
32429766 152906562
32429766 45458690
32429766 152850568
32429766 152564083
32429766 152674266
32429766 152797864
152930451 223766928
152930451 152899871
152582420 152899871
152678120 152955074
152678120 84526856
152678120 152475850
152678120 152724470
152678120 152899871
152882273 152955074
152882273 84526856
152882273 152850568
152882273 152899871
57643658 19526162
57643658 57644282
57643658 58158750
57643658 57648937
57643658 152899871
57643658 152728716
57643658 57648284
152725960 45458690
152725960 57648937
152725960 58158750
152725960 152724470
152725960 152899871
152725960 152603601
152578056 73147446
152578056 152729789
152578056 121878500
152578056 152925022
152578056 152899871
152906562 32429766
152906562 18489812
152906562 58158750
152906562 152564083
152906562 152603601
152955722 152628126
152955722 152620635
152955722 152899871
152941821 32429766
152941821 121878500
152941821 57653224
152941821 152628126
152941821 152729789
152941821 45458690
152941821 58158750
152941821 152850568
152941821 152899677
152941821 54052212
152941821 152674266
152941821 152899871
152941821 57648284
152941821 18944345
18944345 152628126
18944345 152955074
18944345 152724470
18944345 152941821
18944345 44760050
152702213 32429766
152702213 152850568
152702213 152899677
152702213 57650017
152702213 152564083
152702213 152674266
152702213 152899871
152899871 152850568
152899871 19526162
152899871 130338844
152899871 152797864
152899871 152796482
152899871 121878500
152899871 152930451
152899871 152904886
152899871 58181310
152899871 152818795
152899871 57643658
152899871 57653224
152899871 149528759
152899871 18489812
152899871 152941821
152899871 58158750
152899871 152729789
152899871 54052212
152899871 152820000
152899871 152631150
152899871 220179020
152899871 152687256
152899871 152564083
152899871 152603806
152899871 152848651
152899871 152925022
152899871 57648937
152899871 152724470
152899871 152514679
152899871 152940580
152899871 152899677
152899871 57461271
152899871 152882273
152899871 152725960
152899871 152578056
152899871 152534016
152899871 152919069
152899871 413510016
152899871 152620635
152899871 633975242
152899871 152681099
152899871 152703354
152899871 104756919
152899871 152798220
152899871 152475850
152899871 61758114
152899871 152601938
152899871 152432285
152899871 505477889
152899871 73147446
152899871 152674266
152899871 152913589
152899871 84526856
152899871 223766928
152899871 601609761
152899871 806378605
152899871 152578577
152899871 152896722
152899871 57648284
152899871 152603601
152730152 57644282
152730152 152899871
152801161 152660932
152801161 152674266
152801161 152899871
152628126 152941821
152628126 84526856
152628126 152729789
152628126 57648937
152628126 152800381
152628126 57650568
152628126 57650017
152628126 152564083
152628126 152955722
152628126 18944345
152628126 152603601
633975242 152899871
152925022 223766928
152925022 152578056
152925022 152899871
152925022 152578577
58181310 152899871
152601938 152899871
44760050 57648937
44760050 152899871
44760050 18944345
152660932 152955074
152660932 152801161
152660932 57648937
152660932 152899871
152660932 152603601
152850568 58158750
152850568 32429766
152850568 57653224
152850568 19526162
152850568 152514679
152850568 152604236
152850568 57643658
152850568 152729789
152850568 223766928
152850568 152930451
152850568 152941821
152850568 152702213
152850568 54052212
152850568 152796482
152850568 152797864
152850568 152899871
152850568 806378605
291667217 413510016
152602478 152620635
152602478 152674266
152913589 152955074
152913589 57648937
152913589 57650017
152913589 152899871
45458690 152729789
45458690 57644282
45458690 32429766
45458690 121878500
45458690 633982295
45458690 152820000
45458690 152941821
45458690 57653224
45458690 58158750
45458690 57648937
45458690 152725960
45458690 152724470
45458690 152564083
45458690 152797864
45458690 57648284
45458690 152815773
57653224 152820000
57653224 152941821
57653224 152955074
57653224 57644282
57653224 152729789
57653224 45458690
57653224 152850568
57653224 57650017
57653224 54052212
57653224 152899871
57653224 57648284
152604236 223766928
152604236 57461271
152604236 152514679
152604236 152955074
152604236 152729789
152604236 152850568
152604236 152899677
152604236 54052212
152604236 152674266
152604236 152899871
149528759 152564083
149528759 152899871
413510016 291667217
413510016 152899871
65278186 121878500
490439462 152729789
61758114 152899871
152896722 152899871
152815773 152899871
152815773 152955074
152815773 45458690
152681099 152899871
104756919 152899871
58158750 57643658
58158750 152729789
58158750 121878500
58158750 45458690
58158750 152940580
58158750 152941821
58158750 152906562
58158750 152725960
58158750 54052212
58158750 152796482
58158750 152674266
58158750 152797864
58158750 152899871
58158750 57648284
57589769 152514679
57589769 121878500
57589769 220179020
57589769 32429766
57589769 58361531
57589769 152620635
57589769 152955074
57589769 130338844
57589769 84526856
57589769 152730152
57589769 18489812
57589769 152729789
57589769 152930451
57589769 152906561
57589769 269701506
57589769 57650017
57589769 152674266
57589769 152899871
57589769 152728716
57589769 57648284
152620635 223766928
152620635 19526162
152620635 633982295
152620635 57589769
152620635 58181310
152620635 152729789
152620635 152850568
152620635 57650017
152620635 152899871
152620635 152602478
152620635 152955722
152564083 57644282
152564083 152702213
152564083 149528759
152564083 45458690
152564083 152955074
152564083 54052212
152564083 152628126
152564083 152906562
152564083 152940580
152564083 32429766
152564083 152899871
152564083 57648284
269701506 57644282
269701506 121878500
269701506 19526162
269701506 57650017
269701506 57648284
152432285 152899871
152432285 152729789
152603806 152729789
152603806 152674266
152603806 152899871
73147446 19526162
73147446 152899871
73147446 152578056
633982295 152566426
152906561 152850568
152906561 152899871
152475850 57644282
152475850 152678120
152475850 54052212
152475850 152899871
152796482 58158750
152796482 152899871
57650568 152628126
57650568 57648937
57650568 57650017
57650568 57648284
152919069 152899871
152578577 152899871
152578577 152899677
152578577 152729789
152578577 152925022
152578577 152603601
152800381 152628126
152800381 57461271
121878500 152941821
121878500 65278186
121878500 32429766
121878500 57589769
121878500 152955074
121878500 84526856
121878500 57644282
121878500 152729789
121878500 45458690
121878500 58158750
121878500 152930451
121878500 269701506
121878500 152578056
121878500 57648937
121878500 57650568
121878500 152899677
121878500 57650017
121878500 54052212
121878500 152724470
121878500 152674266
121878500 152797864
121878500 152899871
121878500 152728716
121878500 57648284
152674266 57589769
152674266 32429766
152674266 152941821
152674266 152801161
152674266 152604236
152674266 54052212
152674266 19526162
152674266 152725960
152674266 152702213
152674266 121878500
152674266 57648937
152674266 45458690
152674266 58158750
152674266 152797864
152674266 152899871
152674266 58361531
580879717 152955074
152940580 152955074
152940580 152729789
152940580 58158750
152940580 152930451
152940580 57648937
152940580 152725960
152940580 152564083
152940580 152797864
152940580 152899871
152940580 58361531
57650017 57644282
57650017 57648937
57650017 121878500
57650017 152628126
57650017 152702213
57650017 57653224
57650017 269701506
57650017 152724470
57650017 152899871
57650017 57648284
152899677 152820000
152899677 152729789
152899677 152848651
152899677 152702213
152899677 152941821
152899677 121878500
152899677 152604236
152899677 84526856
152899677 54052212
152899677 152797864
152899677 152899871
152899677 152578577
152899677 57648284
152899677 152603601
152904886 57644282
152904886 152899871
152848651 152729789
152848651 152899871
220179020 152899871
152797864 54052212
152797864 152850568
152797864 152940580
152797864 58158750
152797864 152729789
152797864 223766928
152797864 32429766
152797864 45458690
152797864 152899677
152797864 121878500
152797864 152674266
152797864 152899871
152566426 633982295
152566426 57648284
505477889 73147446
505477889 152514679
505477889 152899871
152727684 152899871
54052212 152729789
54052212 58158750
54052212 152850568
54052212 152941821
54052212 223766928
54052212 152604236
54052212 152899677
54052212 57653224
54052212 121878500
54052212 152564083
54052212 152797864
54052212 152899871
