44133729 61721125
130080296 61721125
34810005 24465294
34810005 21998835
44102790 69189680
44102790 61721125
64551631 61721125
79847013 24465294
79847013 49058350
79847013 61721125
12757056 69075639
12757056 39625976
12757056 76781224
12757056 24465294
12757056 36250707
12757056 3922837
12757056 5985802
24465294 127386905
24465294 34810005
24465294 49043145
24465294 61721125
62026581 31844744
62026581 79272727
62026581 3922837
62026581 65314332
62026581 61721125
134507975 98530053
134507975 69189680
134507975 61721125
69189680 31844744
69189680 104591932
69189680 44102790
69189680 134507975
69189680 5985802
69189680 181200850
69189680 61721125
129930288 61721125
27557003 38860763
27557003 49058350
27557003 61721125
181200850 39625976
181200850 5985802
181200850 69189680
181200850 61721125
38860763 5985802
38860763 129930288
38860763 61721125
27424574 61721125
127386092 61721125
44360282 75362521
44360282 18807372
44360282 61721125
122663763 61721125
98530053 104591932
98530053 134507975
192618080 61721125
36250707 12757056
36250707 65474523
36250707 5985802
36250707 61721125
130281662 106837068
130281662 61721125
2363180 61721125
23257358 132205973
23257358 61721125
21998835 104591932
21998835 65474523
21998835 34810005
21998835 61721125
5985802 12757056
5985802 38860763
5985802 127386905
5985802 104591932
5985802 71299025
5985802 18807372
5985802 36250707
5985802 69189680
5985802 181200850
5985802 61721125
44375082 31844744
44375082 49043145
69075639 89200497
69075639 104591932
69075639 15731055
69075639 15154299
69075639 61721125
31844744 30854150
31844744 38860763
31844744 69189680
31844744 61721125
15154299 61721125
61721125 25392447
61721125 79272727
61721125 43845191
61721125 129930288
61721125 104591932
61721125 62026581
61721125 30854150
61721125 23257358
61721125 39625976
61721125 81900800
61721125 192618080
61721125 82529081
61721125 15154299
61721125 15731055
61721125 156656491
61721125 69075639
104591932 89200497
104591932 69075639
104591932 98530053
104591932 39625976
104591932 79272727
104591932 65474523
104591932 36250707
104591932 21998835
104591932 5985802
104591932 69189680
104591932 61721125
44466611 61721125
89200497 30854150
89200497 104591932
89200497 36250707
89200497 61721125
75362521 61721125
21620679 71299025
21620679 15731055
21620679 61721125
65314332 61721125
48463143 30854150
48463143 61721125
79272727 104591932
79272727 62026581
79272727 43789658
79272727 61721125
82529081 24465294
82529081 49043145
82529081 61721125
48812694 61721125
156656491 61721125
7181735 61721125
43845191 61721125
43789658 79272727
43789658 61721125
15176967 61721125
71299025 15731055
71299025 5985802
71299025 61721125
76781224 61721125
3922837 31844744
3922837 62026581
3922837 128505257
3922837 61721125
128505257 3922837
128505257 61721125
9001341 39625976
9001341 36250707
9001341 43845191
9001341 34810005
9001341 61721125
132797197 71299025
132797197 61721125
48035119 61721125
49058350 61721125
106837068 61721125
132205973 30854150
132205973 79272727
132205973 23257358
132205973 61721125
65474523 97137508
65474523 104591932
65474523 36250707
65474523 21998835
65474523 61721125
5922327 61721125
15918765 30854150
15918765 61721125
39625976 61721125
15731055 69075639
15731055 61721125
23857025 61721125
49043145 30854150
49043145 82529081
49043145 71299025
49043145 24465294
49043145 61721125
127386905 30854150
127386905 39625976
127386905 24465294
127386905 5985802
127386905 61721125
10802818 30854150
10802818 18807372
10802818 61721125
81900800 61721125
25392447 61721125
18807372 10802818
18807372 127386905
18807372 61721125
30854150 89200497
30854150 10802818
30854150 127386905
30854150 48463143
30854150 15154299
30854150 132205973
30854150 75362521
30854150 61721125
