833299962 9023080
19011527 76805532
421485468 633973080
421485468 30393632
421485468 76805532
421485468 152622642
110959946 76805532
96044 20370319
96044 76805532
318001933 76805532
421458090 30393632
421458090 76805532
421458090 9023080
20370319 27657733
20370319 96044
20370319 147865784
27657733 20370319
27657733 76805532
27657733 9023080
152622642 147865784
152622642 421485468
152622642 76805532
9023080 58374983
9023080 30393632
9023080 76805532
9023080 223811061
9023080 69499811
9023080 27657733
9023080 833299962
9023080 73507307
633973080 30393632
633973080 421485468
633973080 76805532
56797285 76805532
17907378 76805532
73507307 30393632
73507307 76805532
73507307 147865784
73507307 9023080
833332245 76805532
34743133 76805532
223811061 76805532
64698502 76805532
267732880 76805532
580890013 833299962
580890013 9023080
580890013 76805532
30393632 633973080
30393632 82669576
30393632 421485468
30393632 76805532
30393632 17907378
30393632 147865784
30393632 34125290
30393632 9023080
30393632 73507307
147865784 30393632
147865784 20370319
147865784 76805532
147865784 73507307
147865784 152622642
147865784 9023080
34125290 76805532
34125290 30393632
167823478 76805532
167823478 9023080
167823478 58374983
421537937 76805532
58374983 76805532
58374983 9023080
82669576 30393632
82669576 76805532
159779067 76805532
159779067 73507307
133817209 76805532
15561529 76805532
69499811 76805532
833297860 76805532
76805532 30393632
76805532 17907378
