48863216 9715242
8099512 9715242
694029001 9715242
9715242 696424595
9715242 18302079
9715242 603542895
9715242 260940741
205072968 9715242
69153258 9715242
128337150 9715242
260940741 9715242
101713820 18302079
78805682 9715242
6386678 9715242
156339589 9715242
48773480 9715242
603542895 9715242
693929836 9715242
696424595 9715242
155319322 9715242
22332151 101713820
127421749 9715242
403407425 9715242
29692885 156339589
29692885 9715242
73076061 9715242
836614828 9715242
129326958 9715242
219810929 127567693
27076008 9715242
219446584 9715242
130247348 9715242
18302079 101713820
18302079 14117705
18302079 9715242
14117705 18302079
128935888 9715242
21310571 9715242
364616615 9715242
205065464 101713820
127567693 101713820
411998482 9715242
306336162 9715242
80778215 18302079
37718930 9715242
100955734 9715242
155289419 9715242
36330267 9715242
