42519225 127166977
136517911 127166977
180213145 127166977
199981247 127166977
50734123 127166977
95172324 127166977
164128450 127166977
148130253 127166977
102196141 127166977
635494763 127166977
526867352 127166977
156567945 127166977
81567252 127166977
51455699 127166977
14093488 127166977
197209575 127166977
82283248 127166977
349920792 127166977
223782935 127166977
303765159 127166977
187191910 127166977
477752335 127166977
140064942 127166977
184601666 127166977
270864268 127166977
60637111 127166977
128934325 127166977
92736597 127166977
166742538 127166977
116194862 127166977
30646480 127166977
306554680 127166977
351858524 127166977
41258669 127166977
51341357 127166977
438348957 127166977
495158931 127166977
205091201 127166977
184638274 127166977
150453954 127166977
58986739 127166977
114696662 127166977
164132551 127166977
465217466 127166977
65733152 127166977
65080110 127166977
83781245 127166977
134762788 127166977
351304180 127166977
196636578 127166977
219078922 127166977
546403913 127166977
114627646 127166977
164116960 127166977
681079827 127166977
79085572 127166977
58405231 127166977
84441855 127166977
217778672 127166977
104198627 127166977
186902740 127166977
690528152 127166977
31961473 127166977
91084853 127166977
789304203 127166977
457134368 127166977
49435208 127166977
457386010 127166977
51362506 127166977
138208843 127166977
351884520 127166977
304435159 127166977
50895292 127166977
149200024 127166977
121068473 127166977
48307374 127166977
236287221 127166977
97496197 127166977
51407853 127166977
65076679 127166977
169557642 127166977
512229968 127166977
133766067 127166977
304886781 127166977
