152662164 57649235
152662164 23518497
152662164 57770797
69274560 23518497
238994527 23518497
152937568 210201908
152937568 23518497
286277659 23518497
57770797 107495928
57770797 152662164
57770797 152573834
57770797 23518497
61609760 23518497
152435224 23518497
152681623 23518497
8228568 23518497
104267464 23518497
210201908 107495928
210201908 152937568
210201908 44754953
210201908 23518497
107495928 210201908
107495928 23518497
107495928 57770797
58045223 23518497
599399120 23518497
833305244 23518497
57649235 152662164
57649235 23518497
57649235 57645630
44754953 210201908
44754953 23518497
328303563 23518497
160503264 23518497
25301660 23518497
57645630 23518497
57645630 57649235
57645630 756510318
756510318 23518497
756510318 833305244
23518497 61609760
23518497 152937568
23518497 756510318
23518497 8228568
23518497 286277659
23518497 152681623
23518497 57649235
23518497 44754953
23518497 328303563
23518497 152435224
23518497 160503264
23518497 210201908
23518497 107495928
23518497 152662164
23518497 69274560
23518497 58045223
23518497 833305244
23518497 833312112
23518497 57770797
23518497 25301660
23518497 104267464
23518497 238994527
23518497 57645630
23518497 599399120
152573834 104267464
152573834 57770797
