152727187 644826470
152727187 152477462
152727187 421455411
152727187 55054230
152727187 357564174
152727187 252043380
152727187 34235421
152727187 215747976
152727187 11197571
54684925 11197571
54684925 828447708
54684925 215747976
54684925 357564174
54684925 47829008
54684925 252043380
15948916 55054230
15948916 13139115
15948916 32484016
15948916 34235421
15948916 357564174
55054230 152477462
55054230 15740611
55054230 15948916
55054230 152727187
55054230 152596656
55054230 49294869
55054230 209006159
55054230 32484016
55054230 224335787
55054230 252043380
55054230 47829008
55054230 357564174
5492715 357564174
152668829 580910008
152668829 742757873
152668829 49294869
580910008 134120752
580910008 15740611
580910008 728419288
580910008 152668829
580910008 357564174
298848917 357564174
421455411 134120752
421455411 152727187
421455411 357564174
152529948 758007722
152529948 83920561
152529948 152727187
800365840 155877082
134120752 357564174
134120752 580910008
756498733 728419288
756498733 210215998
756498733 7276762
756498733 644826470
756498733 152477462
756498733 152596656
756498733 15948916
756498733 134120752
756498733 828447708
756498733 812472400
756498733 442167698
756498733 11197571
756498733 54684925
756498733 13139115
756498733 209006159
756498733 357564174
756498733 252043380
756498733 215747976
15740611 580910008
15740611 55054230
15740611 57645630
15740611 252043380
15740611 357564174
36026186 38012724
252043380 54684925
252043380 38012724
252043380 15740611
252043380 55054230
252043380 152596656
252043380 152727187
252043380 821069898
252043380 756498733
252043380 155877082
252043380 357564174
814997093 357564174
155877082 83920561
155877082 152677588
155877082 800365840
155877082 152477462
155877082 252043380
357564174 756498733
357564174 152677588
357564174 55054230
357564174 15948916
357564174 32484016
357564174 11197571
357564174 52580345
357564174 83920561
357564174 121944503
357564174 540792490
357564174 134120752
357564174 215747976
357564174 47829008
357564174 49294869
357564174 7276762
357564174 828447708
357564174 13139115
357564174 15740611
357564174 57645630
357564174 34235421
357564174 252043380
357564174 46222282
357564174 210215998
357564174 58425588
528216482 357564174
528216482 34235421
528216482 758007722
528216482 152596656
581381224 357564174
364133419 13139115
83920561 69748230
83920561 644826470
83920561 298849623
83920561 15948916
83920561 13139115
83920561 357564174
83920561 298838230
83920561 32484016
83920561 155877082
83920561 57645630
421457115 132711494
172429259 357564174
215747976 357564174
298849623 83920561
46222282 55503890
46222282 357564174
152596656 15948916
152596656 528216482
152596656 152477462
152596656 55054230
152596656 11197571
152596656 38012724
152596656 13139115
152596656 357564174
152596656 252043380
69748230 15948916
69748230 644826470
69748230 83920561
69748230 7276762
69748230 13139115
718687283 357564174
812472400 94359183
812472400 357564174
812472400 13139115
812472400 756498733
152900390 38012724
11197571 152477462
11197571 132711494
11197571 152596656
11197571 34235421
11197571 357564174
34235421 152477462
34235421 41677186
34235421 528216482
34235421 15948916
34235421 828447708
34235421 11197571
34235421 357564174
210215998 756498733
210215998 357564174
599399120 357564174
40177142 357564174
828447708 357564174
828447708 34235421
828447708 13139115
828447708 54684925
32484016 83920561
32484016 15948916
32484016 55054230
32484016 357564174
13139115 15948916
13139115 152596656
13139115 357564174
209006159 49294869
209006159 7276762
209006159 121944503
209006159 55054230
209006159 13139115
209006159 54684925
209006159 357564174
209006159 34235421
209006159 215747976
121944503 357564174
47829008 13139115
47829008 357564174
130007536 15948916
130007536 357564174
298838230 83920561
298838230 357564174
540792490 357564174
214991797 442167698
214991797 357564174
52580345 357564174
52580345 54684925
421466321 34235421
421466321 13139115
421466321 357564174
421479878 828447708
421479878 13139115
224335787 55054230
224335787 357564174
421461555 357564174
163880322 357564174
7276762 756498733
7276762 13139115
7276762 357564174
821069898 252043380
38012724 13139115
38012724 36026186
38012724 252043380
806268587 357564174
101834361 357564174
27908556 728419288
27908556 57645630
748334084 357564174
21742922 134120752
21742922 357564174
57645630 15948916
57645630 34235421
57645630 357564174
49294869 15740611
49294869 152668829
49294869 55054230
49294869 442167698
49294869 11197571
49294869 421461555
49294869 54684925
49294869 34235421
49294869 357564174
299082401 357564174
728419288 806232101
55503890 46222282
58425588 357564174
58425588 38012724
41677186 357564174
41677186 34235421
152477462 34235421
152477462 155877082
152477462 11197571
152477462 152596656
152477462 55054230
94359183 357564174
94359183 812472400
152677588 357564174
442167698 357564174
442167698 34235421
442167698 13139115
442167698 49294869
812505986 357564174
