44550713 17979216
19870908 17979216
44645670 17979216
48705284 17979216
44113258 17979216
133150818 17979216
364229411 17979216
49341787 17979216
37958422 17979216
16910874 17979216
95173298 17979216
48573547 44701400
48573547 17979216
72765690 17979216
44701400 48573547
44701400 43829739
44942489 17979216
84254049 17979216
67833388 17979216
48702074 17979216
48702074 130691039
45025808 17979216
540300516 17979216
44252458 17979216
132470128 17979216
44999183 17979216
5015961 17979216
44588244 44950193
44588244 17979216
54395837 17979216
91925274 17979216
39713988 17979216
49065044 17979216
155071859 17979216
50884054 17979216
130691039 48702074
130691039 17979216
130691039 43829739
67150226 17979216
48816638 17979216
59619922 17979216
35769472 17979216
67008155 17979216
40372434 17979216
44339839 17979216
57381573 43829739
17979216 67833388
17979216 48705284
17979216 26483221
17979216 84254049
17979216 48702074
17979216 39713988
17979216 82268761
17979216 37958422
17979216 133150818
231126304 17979216
49342833 17979216
231064819 17979216
43870205 17979216
127385892 17979216
45018374 17979216
43829739 44701400
43829739 57381573
43829739 17979216
43829739 130691039
82268761 17979216
44428481 17979216
25665251 17979216
44835083 17979216
127520630 17979216
26483221 17979216
44950193 44588244
44950193 31400521
44950193 45025808
163834124 721501369
44938971 17979216
34743262 17979216
49340205 17979216
103101315 17979216
44189841 17979216
56008379 35184666
35184666 56008379
684204953 17979216
31400521 44950193
721501369 163834124
76741931 17979216
44997196 17979216
45018869 17979216
