581566275 58050461
57649007 152927581
57649007 6446292
57649007 50651403
57649007 152576139
57649007 58150144
57649007 27547055
57649007 37587496
57649007 164378570
57649007 210277684
57649007 57644344
57649007 4003976
57649007 152579982
57649007 18773751
57649007 152877935
57649007 57649922
57649007 152897046
57649007 107496276
57649007 152582066
57649007 64865327
57649007 218534716
57649007 208999545
57649007 79506995
57649007 10822628
57649007 58050461
57649007 48673219
57649007 152914079
57649007 152574704
57649007 152931620
57649007 152688823
57649007 58314412
57649007 57648585
152940705 27547055
152940705 152931188
152940705 4003976
152940705 152810663
152940705 152897046
152940705 58314412
152928264 6446292
152928264 210277684
152928264 57644344
152928264 110696360
152928264 152914079
152928264 58314412
119787760 6446292
119787760 27547055
119787760 58314412
208999545 164378570
208999545 4003976
152931188 27547055
152931188 152940705
152931188 57644344
152931188 79506995
152931188 152574704
152931188 58314412
210192364 6446292
210192364 82711823
218534716 57649007
218534716 581064788
218534716 208999545
152877935 57649007
152877935 152574704
152877935 58314412
85054317 18773751
85054317 58314412
85054317 57648585
54097776 57644344
54097776 57649922
54097776 152940975
54097776 58314412
805310740 57644344
27547055 152927581
27547055 6446292
27547055 82711823
27547055 58150144
27547055 152931188
27547055 57649007
27547055 210277684
27547055 152940705
27547055 57649922
27547055 107496276
27547055 152892494
27547055 152891754
27547055 22730872
27547055 208999545
27547055 79506995
27547055 633995136
27547055 81974599
27547055 581946130
27547055 72777509
27547055 152574704
27547055 152897046
27547055 57644344
27547055 119787760
27547055 25421400
27547055 152931620
27547055 152688823
27547055 58314412
27547055 152937185
581064788 6446292
581064788 57644344
581064788 218534716
37587496 6446292
37587496 57649007
37587496 57644344
37587496 58314412
152576139 57649007
152576139 57644344
81974599 6446292
81974599 27547055
81974599 57644344
81974599 152671203
81974599 58314412
57649922 6446292
57649922 27547055
57649922 57649007
57649922 210277684
57649922 57644344
57649922 57649340
57649922 18773751
57649922 107496276
57649922 54097776
57649922 152914079
57649922 152574704
57649922 58314412
57649922 57648585
152688823 57644344
152688823 57649007
152688823 27547055
152688823 6446292
152688823 22730872
7491931 57644344
152833623 6446292
152833623 45812118
142737175 57644344
58314412 27547055
58314412 6446292
58314412 18773751
58314412 152671203
58314412 72777509
58314412 79506995
58314412 152931620
58314412 119787760
58314412 22730872
58314412 581946130
58314412 152897046
58314412 152940705
58314412 10822628
58314412 25499820
58314412 37587496
58314412 85054317
58314412 107496276
58314412 210236418
58314412 82642444
58314412 152928264
58314412 152927581
58314412 57644344
58314412 152931188
58314412 152574704
58314412 110696360
58314412 551547441
58314412 152877935
58314412 152929550
58314412 54097776
58314412 210277684
58314412 25421400
58314412 152891754
58314412 101697294
58314412 58050461
58314412 57649340
58314412 152815027
58314412 57649922
58314412 152892494
58314412 57649007
58314412 81974599
58314412 45044295
58314412 152565830
58314412 210197071
58314412 152582066
58314412 57648585
58314412 152885679
57644697 57644344
57644697 152940975
634102554 152937185
72777509 152927581
72777509 210236418
72777509 6446292
72777509 27547055
72777509 57644344
72777509 82642444
72777509 152892494
72777509 58314412
152810663 4003976
210277684 6446292
210277684 27547055
210277684 57649007
210277684 210197071
210277684 57644344
210277684 57649922
210277684 152928264
210277684 79506995
210277684 101697294
210277684 152931620
210277684 58314412
110696360 6446292
110696360 57644344
110696360 210243297
110696360 152928264
110696360 81974599
110696360 58314412
18773751 74803553
18773751 6446292
18773751 57649007
18773751 57644344
18773751 85054317
18773751 57649922
18773751 82642444
18773751 152931620
18773751 58314412
18773751 57648585
50651403 57649007
50651403 57644344
298838164 25499820
210243297 57644344
210243297 110696360
40914662 57644344
25499820 57644344
25499820 298838164
25499820 107496276
25499820 79506995
25499820 152931620
25499820 58314412
551547441 57644344
551547441 58314412
152565830 57644344
152565830 58314412
25421400 57649340
25421400 57644344
25421400 27547055
25421400 58314412
45812118 22730872
45812118 57648585
45812118 152833623
45812118 152579982
45812118 57644344
58150144 27547055
58150144 57649007
58150144 57644344
152937185 27547055
152937185 4003976
152937185 6446292
57649340 6446292
57649340 57644344
57649340 25421400
57649340 57649922
57649340 10822628
57649340 58314412
152592637 57644344
64865327 57649007
64865327 152671203
210236418 57644344
210236418 79506995
210236418 72777509
210236418 58314412
152815027 152927581
152815027 164378570
152815027 57644344
152815027 22730872
152815027 58314412
152446698 152897046
107496276 6446292
107496276 27547055
107496276 57649007
107496276 210197071
107496276 57644344
107496276 25499820
107496276 152671203
107496276 57649922
107496276 22730872
107496276 10822628
107496276 101697294
107496276 58314412
107496276 50530578
48673219 57649007
48673219 359335247
48673219 57644344
305044072 57644344
57648585 152897046
57648585 57644344
57648585 58314412
57648585 57649007
57648585 152931620
57648585 57649922
57648585 6446292
57648585 58050461
57648585 85054317
57648585 18773751
57648585 152671203
57648585 82711823
57648585 45812118
152940975 57644697
152940975 57644344
82711823 27547055
82711823 57644344
82711823 57648585
359335247 48673219
581004091 57644344
152891754 27547055
152891754 152892494
152891754 22730872
152891754 58314412
152885679 58314412
152574704 152927581
152574704 6446292
152574704 27547055
152574704 152931188
152574704 57649007
152574704 57644344
152574704 152877935
152574704 57649922
152574704 22730872
152574704 79506995
152574704 101697294
152574704 58314412
152892494 27547055
152892494 57644344
152892494 72777509
152892494 58314412
152582066 57649007
152582066 57644344
152582066 58314412
33099401 6446292
33099401 57649007
33099401 57644344
6446292 152927581
6446292 58150144
6446292 27547055
6446292 57649007
6446292 37587496
6446292 210277684
6446292 57644344
6446292 210192364
6446292 152833623
6446292 33099401
6446292 57649340
6446292 18773751
6446292 58151527
6446292 57649922
6446292 152897046
6446292 107496276
6446292 119787760
6446292 82642444
6446292 152892494
6446292 152928264
6446292 110696360
6446292 581064788
6446292 22730872
6446292 79506995
6446292 10822628
6446292 101697294
6446292 152684028
6446292 81974599
6446292 72777509
6446292 152574704
6446292 152931620
6446292 152688823
6446292 58314412
6446292 152937185
6446292 57648585
6446292 50530578
152684028 6446292
152684028 57644344
152684028 152897046
633995136 27547055
633995136 85054317
10822628 6446292
10822628 57649007
10822628 57644344
10822628 57649340
10822628 107496276
10822628 79506995
10822628 58314412
152914079 57649007
152914079 57649922
152914079 152928264
152671203 57644344
152671203 107496276
152671203 64865327
152671203 22730872
152671203 79506995
152671203 58314412
152671203 57648585
152579982 57649007
152579982 79506995
152579982 57644344
152579982 45812118
58050461 57649007
58050461 57644344
58050461 58314412
58050461 57648585
58151527 6446292
58151527 57644344
581946130 27547055
581946130 57644344
581946130 82642444
581946130 58314412
74803553 57644344
74803553 18773751
155519028 57644344
79506995 152927581
79506995 210236418
79506995 6446292
79506995 27547055
79506995 152931188
79506995 57649007
79506995 210277684
79506995 152940705
79506995 57644344
79506995 152579982
79506995 25499820
79506995 152671203
79506995 152897046
79506995 152892494
79506995 22730872
79506995 10822628
79506995 101697294
79506995 152574704
79506995 58314412
82642444 6446292
82642444 57644344
82642444 18773751
82642444 581946130
82642444 72777509
82642444 58314412
210277459 57644344
45044295 57644344
45044295 22730872
45044295 58314412
152929550 57644344
152929550 58314412
101697294 6446292
101697294 57644344
101697294 152897046
101697294 107496276
101697294 79506995
101697294 152574704
101697294 58314412
210197071 210277684
210197071 57644344
210197071 107496276
210197071 58314412
152931620 25499820
152931620 6446292
152931620 27547055
152931620 101697294
152931620 152927581
152931620 18773751
152931620 57644344
152931620 57649007
152931620 210277684
152931620 58314412
152931620 57648585
57644344 74803553
57644344 152927581
57644344 210236418
57644344 6446292
57644344 82711823
57644344 50651403
57644344 152576139
57644344 58150144
57644344 152931188
57644344 57649007
57644344 37587496
57644344 551547441
57644344 45044295
57644344 57644697
57644344 40914662
57644344 210277684
57644344 210197071
57644344 581731007
57644344 152815027
57644344 113697784
57644344 33099401
57644344 57649340
57644344 152929550
57644344 18773751
57644344 25499820
57644344 58151527
57644344 152671203
57644344 57649922
57644344 107496276
57644344 210243297
57644344 152592637
57644344 82642444
57644344 305044072
57644344 7491931
57644344 152892494
57644344 152928264
57644344 110696360
57644344 152940975
57644344 581064788
57644344 22730872
57644344 79506995
57644344 10822628
57644344 54097776
57644344 48673219
57644344 101697294
57644344 152684028
57644344 81974599
57644344 155519028
57644344 581946130
57644344 72777509
57644344 805310740
57644344 210277459
57644344 152574704
57644344 152897046
57644344 58050461
57644344 152582066
57644344 27547055
57644344 142737175
57644344 581004091
57644344 152833623
57644344 164378570
57644344 4003976
57644344 25421400
57644344 152579982
57644344 152931620
57644344 152688823
57644344 58314412
57644344 57648585
57644344 45812118
57644344 50530578
152897046 6446292
152897046 57649007
152897046 414354466
152897046 152940705
152897046 208999545
152897046 79506995
152897046 152446698
152897046 152684028
152897046 57644344
152897046 27547055
152897046 164378570
152897046 58314412
152897046 57648585
164378570 57649007
164378570 152815027
164378570 208999545
164378570 57644344
164378570 152897046
113697784 57644344
22730872 6446292
22730872 27547055
22730872 45044295
22730872 57644344
22730872 152833623
22730872 25499820
22730872 107496276
22730872 79506995
22730872 152574704
22730872 152688823
22730872 58314412
152927581 6446292
152927581 27547055
152927581 57649007
152927581 210277684
152927581 57644344
152927581 79506995
152927581 155519028
152927581 72777509
152927581 152574704
152927581 152931620
152927581 58314412
50530578 57644344
50530578 107496276
50530578 64865327
50530578 6446292
4003976 152940705
4003976 152810663
4003976 57644344
4003976 152937185
581731007 57644344
