11304739 127302501
241985880 127255034
127302501 127255034
58409809 72059245
58409809 127302501
58409809 127255034
58172752 15645694
58172752 26656359
58172752 45162043
58172752 58352306
58172752 57651119
58172752 128732330
58172752 127255034
58014652 15645694
58014652 26656359
6044547 127255034
21731082 39024227
21731082 45162043
21731082 127302501
21731082 8286867
21731082 127255034
91801312 15645694
91801312 45162043
91801312 127255034
677144892 127255034
644100308 127302501
644100308 127255034
56583429 127255034
128098284 127255034
52057028 127302501
52057028 127255034
298858660 127255034
131162316 835469677
131162316 127255034
639573440 127255034
69434299 127255034
58135722 127255034
52158268 127255034
127255034 127302501
15645694 39024227
15645694 57636153
15645694 58013410
15645694 58383912
15645694 72059245
15645694 58014652
15645694 45162043
15645694 91801312
15645694 69434299
15645694 58172752
15645694 122273877
15645694 127255034
58010064 127302501
58010064 127255034
56516751 127255034
58383912 39024227
58383912 15645694
58383912 127931244
58383912 58013410
58383912 45162043
58383912 8286867
58383912 54631160
58383912 833323842
58383912 277614826
58383912 58352306
58383912 69434299
58383912 58017031
58383912 127255034
665900572 127255034
128732330 127255034
39024227 15645694
39024227 298858660
39024227 58383912
39024227 833323842
39024227 21731082
39024227 58000567
39024227 127255034
60280087 127302501
60280087 127255034
77578794 58017031
77578794 58352306
77578794 127255034
45374515 127302501
45374515 127255034
58010305 127255034
677557703 302839807
677557703 127255034
677557703 57651119
677363295 127255034
54631160 50653922
54631160 127255034
302839807 152877613
82653739 127255034
82653739 58352306
83529245 127302501
83529245 127255034
155585029 127255034
58118108 127255034
58290237 127255034
835469677 131162316
449082569 127255034
152877613 302839807
152877613 128732330
152877613 127255034
152877613 58352306
8286867 277614826
8286867 58352306
8286867 21731082
8286867 58017031
26656359 58014652
26656359 58172752
26656359 127255034
127931244 58383912
127931244 58000567
54422605 277614826
54422605 127255034
54626391 127302501
54626391 127255034
58046613 127255034
30161121 58000567
30161121 58352306
23592382 127255034
57636153 15645694
57636153 58009013
57636153 45162043
57636153 677557703
57636153 127255034
277614826 54422605
277614826 45162043
277614826 8286867
277614826 58352306
277614826 58395599
277614826 58017031
277614826 127255034
52511399 45162043
52511399 58000567
52511399 127255034
52511399 58017031
59187888 127255034
541463898 127255034
833323842 45162043
833323842 58352306
58017031 69434299
58017031 58352306
58017031 45162043
58017031 58009013
58017031 8286867
58017031 50653922
58017031 58383912
58017031 58000567
58017031 277614826
58017031 58013410
58017031 127255034
45162043 15645694
45162043 57636153
45162043 58009013
45162043 58383912
45162043 54420410
45162043 91801312
45162043 833323842
45162043 277614826
45162043 58352306
45162043 58172752
45162043 58000567
45162043 298851078
45162043 57651119
45162043 58395599
45162043 58017031
45162043 127255034
54420410 52511399
54420410 58245923
54420410 45162043
54420410 58352306
54420410 127302501
54420410 58000567
54420410 58395599
54420410 77578794
54420410 127255034
20246592 127255034
50653922 537634717
50653922 54631160
50653922 58352306
50653922 58395599
50653922 58017031
50653922 127255034
83758151 127255034
58000567 39024227
58000567 127931244
58000567 54420410
58000567 45162043
58000567 58352306
58000567 57651119
58000567 58395599
58000567 58017031
58000567 30161121
58000567 127255034
58245923 54420410
58245923 58352306
58245923 127255034
57651119 45162043
57651119 58352306
57651119 677557703
57651119 58172752
57651119 58000567
57651119 127255034
58395599 45162043
58395599 50653922
58395599 58352306
58395599 69434299
58395599 127302501
58395599 58000567
58395599 58017031
58395599 127255034
122273877 15645694
122273877 127255034
537634717 50653922
537634717 127255034
298851078 45162043
298851078 127255034
58352306 677363295
58352306 58383912
58352306 45162043
58352306 58000567
58352306 58245923
58352306 833323842
58352306 52511399
58352306 8286867
58352306 69434299
58352306 57651119
58352306 128732330
58352306 58395599
58352306 58017031
58352306 30161121
58352306 127255034
58352306 152877613
95322619 127255034
58116768 127255034
58013410 15645694
58013410 58383912
58013410 127302501
58013410 58017031
58013410 127255034
72059245 15645694
72059245 58409809
72059245 127255034
605054737 127255034
