89085375 210981796
89085375 12523814
89085375 154916323
449751708 833602399
308847319 497836682
308847319 800030290
308847319 162772495
308847319 116186887
383916417 55566346
133225299 116186887
636895357 116186887
82148977 116186887
82148977 55566346
82148977 497318586
82148977 421515190
82148977 133225299
82148977 529151672
529151672 72054886
529151672 116186887
643729854 116186887
833602399 449751708
159865615 116186887
800030290 308847319
800030290 116186887
72054886 529151672
203318828 116186887
454409447 116186887
528570613 116186887
528570613 154916323
21823461 116186887
21823461 348295742
21823461 163845742
21823461 211001179
18888654 116186887
18888654 211001179
114103062 116186887
114103062 133225299
497836682 182160817
497836682 116186887
497836682 162772495
497836682 497318586
497836682 308847319
497836682 210981796
497836682 133225299
38325163 116186887
38325163 162772495
38325163 154916323
38325163 497318586
501465326 154916323
501465326 116186887
162772495 38325163
162772495 116186887
162772495 145363513
162772495 49285749
162772495 497318586
162772495 800030290
162772495 497836682
162772495 421515190
162772495 830487785
162772495 299423938
162772495 144826889
162772495 133225299
162772495 210981796
162772495 308847319
162772495 32990070
162772495 833410674
162772495 450186744
51782253 116186887
833380139 497318586
833380139 154916323
833380139 116186887
163845742 21823461
163845742 116186887
735153300 116186887
20111887 116186887
20111887 154916323
20111887 529151672
32990070 133225299
528428108 497318586
182160817 114014016
182160817 497836682
457983403 154916323
457983403 178938449
457983403 210981796
457983403 133225299
457983403 497318586
457983403 55566346
178938449 457983403
178938449 210981796
178938449 55566346
178938449 154916323
211001179 18888654
211001179 116186887
211001179 55566346
211001179 497318586
211001179 643729854
49226193 116186887
154916323 38325163
154916323 116186887
154916323 162772495
154916323 833380139
154916323 497318586
154916323 115752338
154916323 89085375
154916323 20111887
154916323 501465326
154916323 497836682
154916323 364080778
154916323 528570613
154916323 830487785
154916323 114014016
154916323 830487796
154916323 299423938
154916323 144826889
154916323 133225299
154916323 210981796
154916323 308847319
154916323 529151672
154916323 178938449
154916323 56606296
154916323 114103062
154916323 457983403
154916323 73223589
116186887 159865615
116186887 800030290
116186887 164379995
116186887 133225299
116186887 129317948
116186887 529151672
116186887 56606296
116186887 73223589
56606296 116186887
56606296 154916323
56606296 364922248
56606296 21823461
421515190 55566346
421515190 497318586
421515190 529151672
93876717 116186887
40619917 116186887
210981796 116186887
210981796 162772495
210981796 145363513
210981796 49285749
210981796 154916323
210981796 497318586
210981796 800030290
210981796 89085375
210981796 497836682
210981796 114014016
210981796 299423938
210981796 133225299
210981796 308847319
210981796 529151672
210981796 178938449
210981796 457983403
210981796 450186744
145363513 116186887
145363513 55566346
145363513 210981796
145363513 73223589
73223589 116186887
73223589 154916323
73223589 145363513
364922248 56606296
299423938 116186887
299423938 162772495
299423938 497318586
299423938 830487785
299423938 133225299
144826889 116186887
144826889 55566346
144826889 497318586
144826889 421515190
144826889 529151672
116186886 116186887
116186886 55566346
18447628 501465326
497255650 497318586
68505032 116186887
68505032 497318586
450186744 830487785
450186744 116186887
450186744 833410674
830487796 116186887
830487796 154916323
830487796 830487785
497318586 497255650
497318586 38325163
497318586 364642703
497318586 116186887
497318586 162772495
497318586 82148977
497318586 833380139
497318586 55566346
497318586 497836682
497318586 421515190
497318586 457983403
497318586 210981796
497318586 133225299
497318586 144826889
497318586 299423938
186816554 145363513
186816554 421515190
129317948 116186887
114014016 182160817
114014016 154916323
114014016 210981796
211016781 164379995
49285749 116186887
223632157 55566346
223632157 116186887
164379995 116186887
164379995 830487785
55566346 116186887
55566346 497318586
55566346 421515190
830487785 162772495
830487785 164379995
830487785 450186744
830487785 299423938
830487785 830487796
12523814 89085375
