44948208 50868489
10702457 50868489
89064773 50868489
43782371 50868489
305429125 50868489
12487537 50868489
9780897 50868489
60076487 50868489
44800208 50868489
83785670 50868489
50868489 305429125
50868489 40340930
50868489 43782371
50868489 231166309
50868489 637011502
50868489 60076487
50868489 230930076
50868489 44948208
50868489 83785670
50868489 10702457
50868489 44800208
50868489 12487537
50868489 9780897
50868489 89064773
50868489 177041123
40340930 50868489
231166309 50868489
637011502 50868489
177041123 50868489
230930076 50868489
