69334031 166867717
69334031 134959692
69334031 127644379
69334031 55235085
69334031 549698875
69334031 681142395
69334031 48753057
69334031 57847516
70015488 127644379
70015488 57847516
27960741 55235085
27960741 127644379
27960741 18576291
15524556 11620235
132090654 215709395
132090654 224641678
72063897 127644379
113516254 127644379
57068169 127644379
2479085 127644379
30289742 127644379
134959692 127644379
14713716 98966272
18576291 127644379
18576291 55235085
18576291 549698875
18576291 681142395
18576291 9484257
18576291 27960741
54623677 127644379
200049518 57847516
60132139 127644379
4556922 134959692
98966272 128356094
142729915 127353887
142729915 127644379
142729915 224641678
142729915 57847516
142729915 415631581
34472707 56237697
34472707 127644379
34472707 55235085
34472707 73033596
34472707 9484257
549698875 18576291
549698875 55235085
549698875 681142395
549698875 48753057
48753057 55235085
48753057 549698875
48753057 69334031
127644379 127353887
127644379 134959692
510830316 127644379
93388014 127644379
200058431 127644379
200058431 57847516
436167784 224641678
436167784 57847516
215709395 127644379
215709395 132090654
215709395 489331096
215709395 57847516
215709395 224641678
56237697 127644379
56237697 55235085
56237697 34472707
836613613 127644379
128356094 98966272
415631581 57847516
55235085 56237697
55235085 18576291
55235085 127644379
55235085 549698875
55235085 48753057
55235085 34472707
55235085 2479085
55235085 537753546
55235085 9484257
55235085 27960741
127702502 127644379
162480004 127644379
9484257 34472707
9484257 55235085
9484257 18576291
128950418 127644379
128950418 57847516
11620235 57847516
220455558 127644379
511873112 127644379
681142395 18576291
681142395 127644379
681142395 549698875
681142395 48753057
681142395 34472707
681142395 69334031
73033596 127644379
73033596 55235085
60280437 127644379
25693517 127644379
300310240 57847516
17739865 127644379
17739865 215709395
17739865 57847516
155825745 127644379
155825745 224641678
23080231 57847516
64664690 127644379
64664690 55235085
64664690 57847516
38555757 127644379
8115232 57847516
489331096 127644379
58174242 57847516
15578061 60326598
15578061 57847516
60326598 127353887
60326598 127644379
57243352 127644379
52205555 127644379
602576773 127644379
211595824 127644379
127353887 127644379
54400129 57847516
45052973 57847516
38734517 127644379
