152788359 152622133
152788359 152724954
152788359 152623146
152788359 57658012
152788359 152691697
152788359 152709889
152788359 152621906
152788359 152727416
152891930 57658012
152891930 152727416
36342332 152727416
155842072 57658012
152927549 57658012
152924686 57658012
55904381 812540494
55904381 57658012
55904381 34357113
152724954 152623146
152724954 57658012
152724954 152691697
152724954 152727416
152724954 152621906
152724954 152541720
152724954 152709889
152724954 152788359
152724954 788507689
582443312 57658012
152801476 57658012
96162742 57658012
130236746 57658012
78337956 152727416
152541720 152724954
152541720 57658012
152541720 34357113
152541720 152691697
152541720 152788359
152905562 152838840
152905562 50610456
152905562 57658012
152905562 13331447
152905562 57644928
152905562 152817303
152905562 135084431
152727416 152724954
152727416 78337956
152727416 57658012
152727416 152788359
152727416 152691697
152727416 152891930
152727416 152709889
152727416 36342332
152727416 152623146
152727416 152621906
152727416 152622133
152727416 812540494
152727416 833459487
152727416 34357113
67910216 152905510
67910216 57658012
34357113 812540494
34357113 55904381
34357113 152623146
34357113 57658012
34357113 152691697
34357113 152709889
34357113 152541720
34357113 152621906
34357113 152727416
152785028 57658012
152838840 152905562
152838840 57652763
152838840 57658012
152501089 57658012
210282196 57658012
210282196 13331447
210282196 152912390
210282196 152905510
210282196 4003976
210282196 30755970
210282196 135084431
152821155 152905510
152821155 152670150
152821155 57658012
152821155 152920130
152821155 57653224
152919732 57658012
152933160 57658012
152933160 57647000
152620655 57658012
490439235 57658012
36396708 57658012
152905510 57658012
152905510 152817303
152905510 50610456
152905510 152633222
152905510 210282196
152905510 130236746
152905510 57653224
152905510 67910216
152622133 152724954
152622133 152623146
152622133 57658012
152622133 152691697
152622133 152727416
152622133 152621906
152622133 152709889
152622133 152788359
152817303 152905510
152817303 152905562
152817303 57658012
152817303 44909899
152817303 152735601
152817303 135084431
152709561 57658012
152709561 135084431
123959164 57658012
123959164 50610456
737996446 57658012
152593753 57658012
57652763 152838840
57652763 57658012
57652763 152655833
57652763 152735669
57652763 135084431
152941366 57658012
152941366 152920130
152819279 57658012
30755970 57658012
30755970 50610456
30755970 10784409
30755970 210282196
152832791 57658012
96350330 57658012
31323662 50610456
31323662 44909899
152820697 57658012
152820697 152928063
152882550 57658012
13331447 152905562
13331447 210282196
13331447 57658012
13331447 57644928
13331447 10784409
833459487 152621906
833459487 152727416
44909899 57647000
44909899 50610456
44909899 152623146
44909899 57658012
44909899 31323662
44909899 152817303
44909899 135084431
57653224 57658012
57653224 152905510
57653224 4003976
57653224 152678437
57653224 152821155
57653224 152691697
57653224 135084431
152920562 57658012
152603673 57658012
152926799 57658012
152733443 57658012
75354662 57658012
152920130 57658012
152670150 152905510
152670150 57658012
57647000 57658012
57647000 152501089
57647000 44909899
57647000 152933160
57647000 4003976
152623146 152622133
152623146 152724954
152623146 57658012
152623146 34357113
152623146 152691697
152623146 152788359
152623146 44909899
152623146 152709889
152623146 152621906
152623146 152727416
152877613 57658012
57644928 152838840
57644928 50610456
57644928 152905562
57644928 57658012
57644928 13331447
57644928 152633222
57644928 135084431
152928063 57658012
152928063 152926799
152730243 57658012
152678437 57658012
152678437 57653224
57658012 130236746
57658012 737996446
57658012 152904733
57658012 152832791
57658012 57650831
57658012 812540494
57658012 152567120
57658012 152919732
57658012 152838840
57658012 152920562
57658012 152919030
57658012 152882550
57658012 152905510
57658012 152670150
57658012 152787305
57658012 57647000
57658012 85062146
57658012 50610456
57658012 152833612
57658012 152620655
57658012 152622133
57658012 152905562
57658012 210282196
57658012 155842072
57658012 152603673
57658012 152724954
57658012 152709561
57658012 582443312
57658012 152821155
57658012 152623146
57658012 96350330
57658012 152801476
57658012 152819279
57658012 30755970
57658012 152933160
57658012 152820697
57658012 152734155
57658012 152926799
57658012 152891930
57658012 4003976
57658012 96162742
57658012 13331447
57658012 57644928
57658012 152927549
57658012 10784409
57658012 152926574
57658012 152655833
57658012 123959164
57658012 152633222
57658012 152912390
57658012 31323662
57658012 490439235
57658012 152678437
57658012 152924686
57658012 152730243
57658012 152928063
57658012 152941366
57658012 152501089
57658012 152920130
57658012 152788359
57658012 44909899
57658012 152709889
57658012 75354662
57658012 152541720
57658012 152621906
57658012 152545190
57658012 152785028
57658012 152735669
57658012 36396708
57658012 57653224
57658012 152735601
57658012 67910216
57658012 135084431
57658012 152727416
57658012 470281381
57658012 152877613
152912390 210282196
152912390 57658012
152904733 50610456
152904733 57658012
152787305 57658012
152897276 57658012
57650831 50610456
57650831 57658012
152734155 57658012
812540494 55904381
812540494 152727416
812540494 152621906
812540494 34357113
812540494 57658012
152709889 152622133
152709889 152724954
152709889 152623146
152709889 57658012
152709889 34357113
152709889 152691697
152709889 152788359
152709889 152621906
152709889 152727416
135084431 152905562
135084431 210282196
135084431 57644928
135084431 57658012
135084431 152838840
135084431 152785028
135084431 57652763
135084431 57653224
135084431 50610456
135084431 152709561
135084431 152817303
135084431 44909899
470281381 57658012
152545190 57658012
10784409 57658012
10784409 13331447
10784409 152633222
10784409 30755970
152919030 57658012
152633222 57658012
152633222 152905510
152633222 10784409
152621906 833459487
152621906 812540494
152621906 152622133
152621906 152724954
152621906 152623146
152621906 57658012
152621906 34357113
152621906 152691697
152621906 152788359
152621906 152709889
152621906 152727416
152567120 57658012
152655833 57658012
152926574 57658012
50610456 152905562
50610456 57658012
50610456 57644928
50610456 31323662
50610456 44909899
50610456 123959164
50610456 30755970
50610456 210282196
50610456 135084431
152833612 57658012
152735669 57658012
4003976 57658012
4003976 44909899
4003976 57647000
4003976 152735669
4003976 210282196
4003976 57653224
85062146 57658012
152735601 152817303
152735601 57658012
152691697 812540494
152691697 152622133
152691697 152724954
152691697 152623146
152691697 57658012
152691697 34357113
152691697 788507689
152691697 152788359
152691697 152709889
152691697 152621906
152691697 57653224
152691697 152727416
