299712795 127179482
83120530 130912700
83120530 127179482
83120530 33373758
83120530 128707287
34881546 71299746
34881546 3280434
34881546 127179482
273374357 127179482
642391090 127179482
154106504 127179482
834751036 127179482
71299746 3280434
71299746 34881546
71299746 4913818
71299746 127179482
273312235 127179482
52539466 128105113
52539466 127179482
273519690 111561631
273519690 127179482
80549816 127179482
449473316 127179482
20325928 4913818
20325928 127179482
49222169 127179482
27435785 127179482
54313529 127179482
180695539 127179482
29156005 714000766
29156005 130912700
29156005 30240545
29156005 12412198
29156005 3280434
29156005 19837284
29156005 4913818
29156005 82641132
29156005 127179482
130912700 52550658
130912700 83120530
130912700 127179482
4913818 29156005
4913818 3280434
4913818 128852648
4913818 33373758
4913818 127179482
273384095 127179482
28133522 127179482
12412198 29156005
12412198 127179482
19837284 3280434
19837284 4913818
19837284 82641132
19837284 128852648
19837284 127179482
58350178 4913818
58350178 127179482
273316046 127179482
682982649 127179482
299435485 127179482
84219982 127179482
273294411 127179482
811357720 127179482
111561631 273519690
69421077 127179482
149153006 127179482
127179482 3280434
127732688 127449870
40362038 127179482
258058906 130912700
258058906 127179482
130025244 127179482
199979131 127179482
350374243 127179482
60047849 127179482
17709007 3280434
17709007 127179482
128852648 3280434
128852648 19837284
128852648 4913818
128852648 127179482
104940988 128852648
82641132 130912700
82641132 29156005
82641132 3280434
82641132 19837284
82641132 127179482
542159845 127179482
60000167 127179482
47901864 127179482
128105113 52539466
128105113 127179482
151945805 736108976
151945805 127179482
3280434 130912700
3280434 29156005
3280434 17709007
3280434 128707287
3280434 30240545
3280434 19837284
3280434 4913818
3280434 82641132
3280434 128852648
3280434 73915912
3280434 81388361
3280434 127179482
33373758 128707287
33373758 83120530
33373758 4913818
33373758 127179482
127449870 127732688
128707287 127179482
128707287 3280434
81388361 273519690
81388361 3280434
81388361 127179482
45134407 127179482
73757813 128707287
73757813 127179482
130051895 127179482
65088596 127179482
228340998 130912700
228340998 30240545
228340998 127179482
273476212 127179482
604839171 127179482
299846522 82641132
299846522 127179482
49027359 127179482
175400948 127179482
175400948 119118536
73915912 30240545
73915912 3280434
225932955 127179482
67617228 127179482
118803838 127179482
714000766 29156005
714000766 127179482
8990131 127179482
785290204 127179482
92875364 127179482
30240545 80549816
30240545 29156005
30240545 273519690
30240545 3280434
30240545 73915912
30240545 127179482
45487580 127179482
52550658 130912700
52550658 127179482
