31818394 139644360
48042910 89205249
48042910 79125919
48042910 45661671
836612383 127763224
74661947 79125919
635886260 127763224
139644360 118202086
139644360 112278917
139644360 119888700
139644360 79125919
67922136 127763224
137205039 79125919
81319162 79125919
12663175 28021678
561535781 127763224
53532342 127763224
218649506 79125919
137361676 836612599
690988851 127763224
451462901 127763224
45661671 79125919
45661671 89205249
48686945 89205249
177021154 127763224
836613815 127763224
237124187 127763224
11424909 139644360
11424909 79125919
151773442 79125919
155851526 89205249
127560357 79125919
166823928 127763224
166823928 79125919
112278917 6992487
112278917 139644360
127952948 119888700
119888700 89205249
119888700 127952948
119888700 139644360
690815425 127763224
164460402 79125919
836612599 137658268
836612599 137361676
8383913 79125919
57476269 89205249
277028609 127763224
50873875 135469090
89205249 48042910
89205249 118202086
89205249 45661671
89205249 79125919
89205249 57476269
178525160 127763224
582288697 127763224
279354654 127763224
46116164 139644360
137658268 244619395
137658268 836613770
137658268 836612599
244619395 137658268
28021678 12663175
52929088 118202086
52929088 139644360
79125919 89205249
79125919 139644360
6992487 112278917
11864470 79125919
29332057 79125919
118202086 89205249
118202086 127763224
118202086 139644360
20695395 79125919
135469090 111934166
135469090 67922136
135469090 50873875
135469090 20695395
656306811 127763224
263272152 79125919
306081221 79125919
836613770 137658268
