4212308 299073087
346420818 299073087
747133511 299073087
12106549 57651571
131783349 3775598
152243260 152601761
8219413 123486175
613899933 123486175
145458666 210238779
145458666 107477952
57647957 57651571
57647957 806170251
57647957 3775598
57647957 152932166
158179845 261696042
99924536 57651571
99924536 152621169
298850042 123486175
298850042 30954595
298850042 18292730
152932166 57647957
152932166 115983998
152932166 3775598
152932166 210223422
210208350 57651571
210208350 57652489
210208350 210238779
210208350 31210323
210208350 582224068
210208350 57648585
57651571 99924536
57651571 581208172
57651571 210208350
57651571 152574959
57651571 115983998
57651571 57652489
57651571 6745844
57651571 210238779
57651571 160464743
57651571 31210323
57651571 12106549
57651571 61994211
57651571 3775598
57651571 57647957
57651571 57648585
18292730 123486175
18292730 421461258
18292730 30076337
210223422 152932166
179027743 57652489
179027743 6745844
179027743 31210323
30954595 321451999
30954595 298850042
368603898 123486175
368603898 103250055
58036669 299073087
275181152 123486175
152876617 275181152
152621169 99924536
152621169 123486175
152529706 3775598
120646160 107477952
120646160 152932166
120646160 152920810
107477952 123486175
107477952 3775598
103250055 123486175
806170251 57647957
581208172 57651571
43769478 299073087
31210323 210208350
31210323 57651571
31210323 179027743
31210323 152920810
31210323 3775598
257947145 123486175
152900136 57652489
321451999 123486175
321451999 30954595
154907378 23300100
3775598 152529706
3775598 131783349
3775598 57651571
3775598 57652489
3775598 6745844
3775598 210238779
3775598 299073087
3775598 31210323
3775598 31505562
3775598 4690320
3775598 152920810
3775598 61994211
3775598 107477952
3775598 57647957
3775598 97086856
3775598 152932166
3775598 57648585
67737304 166545698
67737304 29962721
57648585 3775598
57648585 210238779
57648585 152920810
57648585 57651571
57648585 57652489
57648585 210208350
152920810 97086856
152920810 57648585
61994211 57651571
61994211 4690320
61994211 3775598
29962721 67737304
29962721 166545698
5010896 299073087
834026931 123486175
152574959 57651571
152574959 57652489
152574959 152920810
97086856 107477952
97086856 152920810
97086856 4212308
97086856 210238779
97086856 152601761
97086856 3775598
97086856 57652489
97086856 298831283
210238779 210208350
210238779 57651571
210238779 145458666
210238779 3775598
210238779 97086856
210238779 57648585
261696042 158179845
421461258 18292730
421461258 123486175
152601761 4212308
152601761 152243260
152601761 97086856
115983998 57651571
115983998 152932166
30076337 18292730
6745844 57651571
161767281 123486175
57652489 57651571
57652489 152574959
57652489 179027743
57652489 152900136
57652489 3775598
57652489 97086856
57652489 57648585
123486175 8219413
123486175 257947145
152473907 123486175
160464743 57651571
4690320 3775598
166545698 29962721
166545698 67737304
