151593505 132163161
712804361 132163161
825118414 132163161
836612182 132163161
783497816 132163161
227463060 132163161
293095578 132163161
248805789 132163161
786862350 132163161
286031526 132163161
227638014 132163161
230386196 132163161
342100920 132163161
139438622 132163161
611785438 132163161
260794367 132163161
455497597 132163161
312128901 132163161
642275411 132163161
49201369 132163161
57190559 132163161
149432814 132163161
227659093 132163161
229207857 132163161
227637898 132163161
247947309 132163161
395616707 132163161
166768400 132163161
236517381 132163161
230922053 132163161
642274748 138683286
227960347 132163161
142950498 132163161
836614806 132163161
77865148 132163161
262304264 132163161
8374182 132163161
228144451 132163161
836613167 132163161
515933601 132163161
241764217 132163161
227890500 132163161
7832627 132163161
722918733 132163161
224514525 132163161
311512822 138683286
154948070 132163161
563602026 132163161
68515649 132163161
428861576 132163161
323057392 132163161
81495746 132163161
267985325 132163161
129330523 132163161
142540963 132163161
251812504 132163161
563681515 132163161
215965314 138683286
836611975 132163161
349589742 132163161
138683286 132163161
27567051 132163161
