50546424 17538877
164111323 17538877
17536709 24215213
17536709 17538877
29949389 17538877
54439014 110823103
54439014 17538877
101904423 39601168
101904423 17538877
14544875 17538877
14544875 49011532
17549250 18133156
17549250 17538877
17549250 3626732
757227885 45072417
301925685 101904423
39177284 17538877
78702461 17538877
45072417 39601168
45072417 17538877
45072417 49011532
45072417 101904423
61560586 17538877
110823103 54439014
24215213 17538877
24215213 17536709
161146684 17538877
33299282 17538877
17538877 33299282
17538877 39601168
17538877 17549250
17538877 161146684
17538877 54391554
291849287 17538877
486162817 17538877
486162817 17536709
3626732 17549250
52564445 17538877
39601168 17538877
39601168 101904423
39601168 45072417
208508278 17538877
729972175 17538877
18133156 17549250
18133156 17538877
49011532 17538877
49011532 45072417
111008213 17538877
54391554 17538877
