164497765 128116008
43832988 128116008
43832988 49521402
43832988 19085010
119690229 128116008
44543222 49521402
38342559 160307581
79942609 128116008
372755306 128116008
44502499 128116008
132206119 128116008
52724707 128116008
44873266 49521402
44873266 160307581
359536724 128116008
136722311 49521402
165193512 128116008
165193512 165014836
24215476 49063038
24215476 44517736
24215476 25098355
24215476 128116008
24215476 37688705
24215476 160307581
24215476 82439335
24215476 25134748
24215476 192544392
24215476 67833733
501501211 128116008
82439335 48514831
82439335 49521402
82439335 24215476
44364206 49521402
647682884 128116008
220652898 128116008
836612063 128116008
49063038 37688705
49063038 49521402
49063038 160307581
49063038 24215476
231119394 128116008
48293926 128116008
48293926 37688705
48293926 49521402
37688705 48293926
37688705 128116008
37688705 24215476
18212225 128116008
44804280 128116008
45187166 128116008
45187166 49521402
45187166 25134748
836612754 128116008
686890947 128116008
44312877 128116008
44312877 54682620
743995009 128116008
836613669 128116008
729754084 128116008
311504036 128116008
231194213 25134748
117942114 128116008
75377246 128116008
25098355 24215476
44849456 128116008
132125011 45003331
132125011 48514831
132125011 49521402
132125011 44537833
228484822 49521402
82734467 128116008
160307581 38342559
160307581 75362584
160307581 44873266
160307581 49521402
160307581 7136296
160307581 24215476
160307581 54682620
48514831 132125011
48514831 49521402
48514831 160307581
48514831 82439335
48514831 44375375
48514831 54682620
19085010 43832988
424710450 128116008
75362584 128116008
75362584 74773211
75362584 49521402
75362584 160307581
74773211 75362584
74773211 128116008
74773211 49521402
836613918 128116008
128053462 128116008
165014836 165193512
44517736 49521402
44517736 24215476
130050741 49521402
130050741 25134748
40259142 128116008
104076896 128116008
464408287 128116008
55040682 128116008
179692639 128116008
739500900 128116008
44537833 128116008
836614339 128116008
127225210 128116008
439646654 128116008
7136296 128116008
7136296 160307581
25134748 45187166
25134748 49521402
25134748 231194213
25134748 130050741
49521402 49063038
49521402 132125011
49521402 75362584
49521402 44517736
49521402 45187166
49521402 48293926
49521402 136722311
49521402 44873266
49521402 48514831
49521402 74773211
49521402 43832988
49521402 160307581
49521402 82439335
49521402 44543222
49521402 228484822
49521402 130050741
49521402 44364206
49521402 25134748
49521402 54682620
44375375 128116008
44375375 48514831
167045430 128116008
44376804 128116008
67833733 24215476
67833733 128116008
54682620 44312877
54682620 128116008
54682620 48514831
54682620 49521402
54682620 160307581
192544392 43832988
69342855 128116008
