60937810 5998947
60937810 65268768
60937810 44489912
23970039 127166885
23970039 5998947
181950069 5998947
44295339 5998947
8121512 5998947
8121512 15227663
15227663 8121512
83738268 5998947
83738268 26695959
13345836 65268768
13345836 115346643
13345836 44605567
115346643 33878064
115346643 13345836
97137429 5998947
97137429 26695959
33878064 5998947
33878064 26695959
65268768 13345836
65268768 44539429
65268768 60937810
65268768 44605567
93454707 5998947
26695959 97137429
26695959 83738268
26695959 32880324
97077018 5998947
44605567 65268768
44605567 13345836
44605567 5998947
320971191 292385932
10158622 5998947
292385932 320971191
34213707 26695959
44489912 60937810
44539429 65268768
836610509 185737952
185737952 836610509
102199364 5998947
32880324 26695959
