130465714 127166025
130465714 36698211
130465714 227975227
130465714 31462466
130465714 31415083
130465714 57644750
292302895 127166025
546874843 127166025
339736680 127166025
155839868 127166025
6621963 210213606
6621963 210191700
6621963 57644750
6621963 127166025
6621963 31415083
57609669 31462466
57609669 127166025
155825160 127166025
581647411 127166025
130236962 31462466
130236962 127166025
210231116 11273394
210231116 45161249
210231116 127166025
747175861 127166025
20250644 127869715
20250644 25647494
582722604 127869715
582722604 127166025
836614882 127166025
754439656 127166025
227975227 130465714
227975227 127166025
582675255 127166025
582675255 210197311
364552175 127166025
152702383 127166025
57644750 6621963
57644750 127166025
57644750 130465714
57644750 210213606
57644750 210191700
57644750 31415083
4767176 127166025
581028537 127166025
45161249 210231116
45161249 57611889
45161249 57644750
45161249 25647494
45161249 127166025
45161249 31462466
836613553 127166025
24367161 127166025
302412138 127166025
302412138 31415083
302412138 31462466
210197311 127166025
210197311 31462466
210197311 582675255
210197311 210213606
152920579 127166025
152784569 127166025
152784569 31462466
31462466 11273394
31462466 152784569
31462466 127166025
31462466 130465714
31462466 210197311
31462466 101700033
31462466 57609669
31462466 57647452
31462466 25647494
31462466 130236962
31462466 152514395
31462466 31415083
31462466 302412138
31462466 45161249
31462466 152725750
836614495 127166025
631070818 127166025
298835889 127166025
582089761 127166025
25647494 127869715
25647494 31462466
25647494 210213606
25647494 127166025
101695804 127869715
101695804 127166025
101695804 57647452
804863633 127166025
210213606 6621963
210213606 127166025
210213606 210197311
210213606 25647494
210213606 31415083
210213606 163259536
210213606 57644750
102727382 127166025
127869715 127166025
152934211 127166025
152445579 127166025
15736692 127166025
15736692 31415083
836612994 127166025
271710209 127166025
57647452 101695804
57647452 127166025
57647452 152725750
57647452 36698211
57647452 31462466
57647452 31415083
57647452 163259536
836612770 127166025
570697811 127166025
647262282 127166025
223838151 127166025
57997248 127166025
582252836 127166025
581050212 127166025
210191026 127166025
833658470 31415083
536438072 127166025
163259536 127166025
163259536 210213606
163259536 57647452
31415083 210191471
31415083 302412138
31415083 130465714
31415083 15736692
31415083 31462466
31415083 210213606
31415083 57647452
31415083 57644750
31415083 6621963
31415083 130236962
31415083 127166025
31415083 833658470
31415083 36698211
754481839 127166025
298855745 127166025
582034916 127869715
582034916 127166025
30433494 127166025
30433494 127869715
210191700 127869715
210191700 6621963
210191700 127166025
210191700 31415083
210191700 57644750
152514395 127166025
152514395 31462466
36698211 130465714
36698211 57647452
36698211 127166025
36698211 31415083
601614260 127166025
152725750 127869715
152725750 57647452
152725750 127166025
152725750 31462466
152670322 127166025
152931183 127166025
210282022 127166025
581457634 127166025
582106148 127166025
11273394 127869715
11273394 127166025
11273394 31462466
299116042 127166025
309775315 127166025
833380029 127166025
210191471 127869715
210191471 127166025
152701176 127166025
152701176 31462466
101700033 127869715
101700033 127166025
101700033 31462466
65399307 127166025
152603884 127166025
57603560 127166025
57603560 57647452
57611889 45161249
57611889 127166025
82716685 127166025
