14080496 108400438
127181120 127227353
36546661 108400438
36546661 23334704
166578020 108400438
286544363 108400438
144728318 23334704
355740348 108400438
2633924 108400438
354067926 108400438
83643659 108400438
98686741 127227353
98686741 127570350
127570350 127227353
127570350 128118839
181733827 108400438
108400438 127227353
108400438 127181120
108400438 166803214
108400438 128118839
108400438 36546661
151190969 108400438
40481116 23334704
132263828 108400438
814133904 108400438
128118839 127227353
128118839 127570350
127227353 98686741
127227353 108400438
127227353 127181120
127227353 127570350
127227353 128118839
127227353 28653339
166803214 108400438
23334704 108400438
23334704 36546661
23334704 127227353
23334704 98686741
23334704 128118839
23334704 127570350
23334704 40481116
269275349 108400438
201065446 108400438
28653339 127227353
