152818657 215757790
152818657 184789535
673771635 215757790
184789535 215757790
127482673 215757790
54317690 215757790
114231582 215757790
528372498 215757790
493832559 215757790
493832559 135295430
164448589 215757790
135295430 493832559
135295430 215757790
135295430 152500365
135295430 833314092
135295430 184789535
152500365 135295430
49311904 215757790
49311904 184789535
152663144 57645630
57645630 215757790
57645630 152663144
833314092 493832559
833314092 215757790
833314092 135295430
152687998 215757790
