142729370 20280624
142729370 56970728
142729370 421493521
142729370 316536857
6031759 20280624
56970728 20280624
56970728 421493521
205885406 20280624
205885406 421496881
205885406 316536857
205885406 49258002
205885406 421493521
58333454 20280624
144177096 20280624
833312122 20280624
57580043 20280624
316536857 20280624
316536857 142729370
316536857 205885406
316536857 421493521
421496881 20280624
421496881 56970728
421496881 205885406
49258002 205885406
20280624 57580043
20280624 205885406
20280624 58077051
58077051 20280624
421493521 205885406
421493521 316536857
421493521 20280624
421493521 142729370
421493521 56970728
136799525 20280624
