833297606 747079909
833297606 298848587
833297606 649953964
833297606 421456488
152785290 421456488
694735600 649953964
649953964 694735600
649953964 421456488
649953964 833297606
649953964 747079909
649953964 298848587
806250103 421456488
747079909 649953964
747079909 421456488
154970570 421456488
152818271 421456488
107674512 421456488
298848587 649953964
298848587 421456488
298848587 833297606
421456488 747079909
421456488 107674512
421456488 806250103
421456488 152818271
421456488 833297606
421456488 154970570
421456488 298848587
