152576679 147999630
45217716 129647801
140333197 147999630
582393326 147999630
152668917 147999630
7405869 806228494
7405869 152681167
7405869 147999630
152474847 147999630
152500687 10075640
448245355 147999630
152681167 152500348
152681167 54426765
152681167 152578493
152681167 57483895
152681167 806267282
152681167 535092293
152681167 7405869
152681167 57847265
152681167 147999630
152681167 50637939
179528500 147999630
692484697 10075640
170920213 147999630
170920213 57847265
170920213 10075640
57483895 152681167
57483895 147999630
57483895 50637939
34619056 57847265
34619056 147999630
34619056 10075640
152546207 147999630
152546207 74917512
152546207 50637939
152921201 147999630
152921201 97137345
144177096 147999630
144177096 57847265
144177096 52235735
144177096 82512084
144177096 10075640
58023887 147999630
58023887 10075640
292001334 535092293
152500348 152681167
152500348 54426765
152500348 147999630
36789569 147999630
36789569 10075640
834749932 147999630
152816958 147999630
806236366 758010222
152929770 147999630
103092667 57847265
103092667 147999630
200017759 147999630
45270980 147999630
40484699 10075640
806234427 758010222
806234427 147999630
152581577 147999630
806267282 152681167
806267282 147999630
806267282 10075640
36689158 535092293
36689158 10075640
36689158 97137345
581426543 147999630
608055713 147999630
50637939 57847265
50637939 54426765
50637939 57483895
50637939 57647998
50637939 147999630
50637939 152546207
50637939 152578493
50637939 152681167
50637939 67314635
50637939 535092293
50637939 44759217
50637939 44758823
633950990 147999630
634000429 10075640
634000429 147999630
152578493 57647998
152578493 152681167
152578493 57847265
152578493 147999630
152578493 50637939
44759217 57651876
44759217 57847265
44759217 147999630
152808541 44758823
152808541 57651876
152808541 57647998
45820366 103092667
45820366 147999630
57847265 103092667
57847265 57647998
57847265 44759217
57847265 152681167
57847265 152578493
57847265 50637939
57847265 144177096
57847265 58416563
156841327 147999630
152734585 147999630
152603736 147999630
152473404 147999630
54426765 152500348
54426765 152681167
54426765 147999630
54426765 50637939
806248082 147999630
152580439 147999630
581036980 147999630
758010222 147999630
744551605 699149775
744551605 129647801
744551605 152474847
744551605 535092293
744551605 147999630
581693402 147999630
581693402 10075640
152476149 147999630
535092293 57647998
535092293 152681167
535092293 292001334
535092293 147999630
535092293 50637939
535092293 36689158
67314635 152729766
67314635 758010222
67314635 147999630
67314635 50637939
152730815 147999630
54609472 147999630
301163086 147999630
833364716 147999630
152661724 147999630
97137345 36689158
97137345 147999630
97137345 152668917
207314762 147999630
74917512 152546207
74917512 147999630
74917512 758010222
152671225 10075640
152671225 147999630
45514054 147999630
152800655 44758823
152800655 57647998
699149775 744551605
699149775 152546207
833687192 147999630
806228494 758010222
806228494 7405869
812519731 147999630
45221100 57483895
45221100 147999630
45221100 10075640
52235735 147999630
152674065 147999630
834749817 147999630
635270878 147999630
316260141 147999630
10075640 36789569
10075640 57651876
10075640 57647998
10075640 45221100
10075640 152671225
10075640 152500687
10075640 57483895
10075640 581693402
10075640 152730815
10075640 36689158
10075640 692484697
10075640 34619056
10075640 40484699
10075640 152911946
10075640 129647801
10075640 147999630
10075640 44758823
10075640 634000429
10075640 58023887
10075640 806267282
10075640 170920213
10075640 535092293
10075640 97137345
834200141 147999630
57647998 152808541
57647998 152578493
57647998 535092293
57647998 57847265
57647998 147999630
57647998 50637939
57647998 152800655
57647998 10075640
60807572 147999630
58416563 147999630
58416563 57847265
152729766 67314635
152729766 147999630
44758823 152808541
44758823 57651876
44758823 50637939
44758823 152800655
44758823 10075640
57651876 44758823
57651876 152808541
57651876 44759217
57651876 147999630
57651876 10075640
