24535958 300276702
24535958 17032250
24535958 40500745
24535958 74629402
24535958 637164318
24535958 453231155
24535958 761313284
199938174 27051605
199938174 74629402
199938174 637164318
199938174 155642687
140440925 727133
61907512 40500745
61907512 637164318
370671035 74629402
130501686 74629402
130501686 761313284
761313284 637164318
761313284 130501686
761313284 40500745
761313284 74629402
761313284 24535958
258214277 40500745
258214277 74629402
258214277 637164318
74629402 27051605
74629402 300276702
74629402 159909055
74629402 17032250
74629402 453231155
74629402 199938174
74629402 40500745
74629402 9059584
74629402 258214277
74629402 24535958
74629402 139734205
74629402 761313284
74629402 155642687
74629402 54210476
12590242 637164318
12590242 74629402
216081999 74629402
216081999 637164318
727133 17032250
727133 140440925
727133 28453197
727133 74629402
27051605 199938174
27051605 74629402
27051605 637164318
27051605 40500745
155642687 74629402
155642687 17032250
155642687 40500745
67720597 17032250
288529 74629402
453231155 40500745
453231155 74629402
453231155 637164318
453231155 24535958
159909055 74629402
159909055 637164318
40500745 27051605
40500745 17032250
40500745 453231155
40500745 449281872
40500745 61907512
40500745 199938174
40500745 637164318
40500745 74629402
40500745 258214277
40500745 24535958
40500745 173253340
40500745 761313284
40500745 155642687
40500745 54210476
9059584 17032250
9059584 74629402
9059584 637164318
199793744 199938174
199793744 24535958
199793744 74629402
199793744 637164318
54210476 637164318
54210476 40500745
54210476 74629402
637164318 40500745
637164318 24535958
300276702 24535958
300276702 74629402
28453197 155979552
28453197 727133
17032250 67720597
17032250 24506194
17032250 727133
17032250 40500745
17032250 74629402
17032250 24535958
17032250 155642687
24506194 17032250
24506194 637164318
155979552 28453197
449281872 637164318
449281872 74629402
173253340 637164318
173253340 74629402
139734205 74629402
