152941925 128325446
152941925 298836529
152941925 64503382
152941925 155874543
152941925 10121946
152941925 57646256
128097312 27954621
128097312 143010998
128097312 10121946
128097312 57645182
128097312 152733137
152918828 128502361
152918828 128325446
152918828 67944025
152918828 52582049
152918828 298836529
152918828 99810425
152918828 18962698
152918828 57645739
152918828 152933989
152918828 9269461
152918828 128949079
152918828 155874543
152918828 10121946
152918828 57646254
128325446 58153083
128325446 128502361
128325446 57847372
128325446 152918828
128325446 26719688
128325446 58091957
128325446 298838537
128325446 99810425
128325446 58161010
128325446 220560272
128325446 15280315
128325446 57645739
128325446 9269461
128325446 128949079
128325446 27954621
128325446 64503382
128325446 152941925
128325446 155874543
128325446 143010998
128325446 15084901
128325446 10121946
128325446 57645182
128325446 152924889
128325446 44758996
128325446 140856240
128325446 57646256
128325446 152931593
128325446 152933383
128325446 144785376
128325446 57646254
128325446 152733137
220560272 128325446
220560272 5301523
220560272 10121946
155851882 18062050
155851882 10121946
155874543 128502361
155874543 71881812
155874543 128325446
155874543 152918828
155874543 5301523
155874543 58161010
155874543 15280315
155874543 9269461
155874543 52578875
155874543 128949079
155874543 152941925
155874543 10121946
155874543 7191564
155874543 57646254
58091957 128325446
58091957 18962698
58091957 10121946
58091957 152931593
26719688 128325446
26719688 9269461
26719688 10121946
15084901 128325446
15084901 5301523
15084901 58161010
15084901 152933989
15084901 10121946
15084901 44758996
15084901 152932930
15084901 144785376
10472431 15280315
10472431 10121946
10121946 75191318
10121946 58170157
10121946 128502361
10121946 152800834
10121946 57847372
10121946 128325446
10121946 155821617
10121946 152918828
10121946 26719688
10121946 52582049
10121946 298836529
10121946 58091957
10121946 5301523
10121946 58031162
10121946 99810425
10121946 58161010
10121946 18962698
10121946 220560272
10121946 15280315
10121946 57645739
10121946 152933989
10121946 9269461
10121946 128949079
10121946 27954621
10121946 64503382
10121946 152941925
10121946 155874543
10121946 143010998
10121946 152912122
10121946 18062050
10121946 15084901
10121946 10472431
10121946 57645182
10121946 112058500
10121946 152924889
10121946 128097312
10121946 152957640
10121946 13755359
10121946 155851882
10121946 7191564
10121946 152933383
10121946 144785376
10121946 57646254
10121946 152733137
9269461 128325446
9269461 155821617
9269461 152918828
9269461 26719688
9269461 298836529
9269461 58031162
9269461 99810425
9269461 15280315
9269461 57645739
9269461 152933989
9269461 128949079
9269461 27954621
9269461 155874543
9269461 152912122
9269461 10121946
9269461 57645182
9269461 12190767
9269461 30755439
9269461 152941696
9269461 144785376
9269461 57646254
9269461 152733137
103060338 67944025
103060338 18962698
52578875 10121946
52578875 155874543
152933989 152918828
152933989 9269461
152933989 27954621
152933989 10121946
152933989 152933383
57646254 27954621
57646254 144785376
57646254 57645182
57646254 15280315
57646254 128325446
57646254 13755359
57646254 9269461
57646254 57646256
57646254 10121946
57646254 58161010
57646254 152918828
57646254 155874543
57646254 152733137
64503382 128325446
64503382 18962698
64503382 152941925
64503382 10121946
64503382 30755439
64503382 152933383
15280315 75191318
15280315 57847372
15280315 128325446
15280315 152619856
15280315 57645739
15280315 49235440
15280315 9269461
15280315 155874543
15280315 143010998
15280315 10121946
15280315 10472431
15280315 57645182
15280315 58272022
15280315 57646254
58170157 10121946
10962460 128949079
10962460 27954621
10962460 10121946
10962460 44758996
10962460 152932930
112058500 67944025
112058500 18962698
112058500 128949079
112058500 155874543
112058500 10121946
49049456 10121946
30755439 67944025
30755439 298836529
30755439 18962698
30755439 9269461
152941696 128949079
152941696 10121946
152941696 27954621
152941696 9269461
57646256 58153083
57646256 57847372
57646256 128325446
57646256 27954621
57646256 152941925
57646256 155874543
57646256 18062050
57646256 10121946
57646256 152932930
57646256 144785376
57646256 57646254
152858858 10121946
58161010 128325446
58161010 67944025
58161010 155874543
58161010 10121946
58161010 57645182
58161010 128097312
58161010 57646254
298838537 128325446
298838537 10121946
152931593 128325446
152931593 155874543
152931593 10121946
143010998 128325446
143010998 15280315
143010998 10121946
143010998 57645182
143010998 128097312
58034751 10121946
58034751 67944025
152800834 18062050
152800834 10121946
152733137 57646254
152733137 57645182
152733137 27954621
152733137 128097312
152733137 10121946
152733137 128325446
152733137 9269461
5301523 26719688
5301523 18962698
5301523 220560272
5301523 9269461
5301523 152941925
5301523 155874543
5301523 152912122
5301523 15084901
5301523 10121946
5301523 152957640
5301523 12190767
5301523 152932930
152619856 15280315
152619856 57645182
49235440 58119634
49235440 15280315
49235440 10121946
152932930 10121946
152932930 103060338
298836675 10121946
298836675 9269461
58272022 15280315
44758996 128325446
44758996 64503382
44758996 10121946
44758996 57645182
44758996 144785376
27954621 128325446
27954621 152933989
27954621 9269461
27954621 128949079
27954621 10121946
27954621 57645182
27954621 128097312
27954621 12190767
27954621 13755359
27954621 57646256
27954621 10962460
27954621 7191564
27954621 152932930
27954621 152941696
27954621 57646254
27954621 152733137
111008626 10121946
152933383 10121946
152933383 152933989
152933383 128325446
152933383 144785376
12190767 9269461
12190767 27954621
12190767 57645182
7191564 155874543
7191564 10121946
57847372 128325446
57847372 15280315
57847372 10121946
57847372 57646256
13755359 99810425
13755359 27954621
13755359 10121946
13755359 57645182
13755359 152924889
13755359 144785376
13755359 57646254
71881812 57645739
71881812 64503382
71881812 155874543
71881812 10121946
71881812 112058500
71881812 152924889
71881812 7191564
71881812 111008626
18062050 152800834
18062050 10121946
18062050 57646256
18062050 155851882
12695898 49235440
128502361 128325446
128502361 152918828
128502361 128949079
128502361 155874543
128502361 152912122
128502361 10121946
58107463 155874543
58107463 10121946
128949079 58153083
128949079 58170157
128949079 128325446
128949079 152918828
128949079 57645739
128949079 9269461
128949079 27954621
128949079 155874543
128949079 10121946
128949079 112058500
128949079 10962460
128949079 152941696
128949079 144785376
58031162 10121946
52582049 152918828
52582049 9269461
52582049 155874543
52582049 10121946
482423756 10121946
22767301 9269461
22767301 10121946
155821617 9269461
155821617 10121946
155821617 57645182
67944025 103060338
67944025 58034751
67944025 18962698
67944025 30755439
58153083 298836675
58153083 128325446
58153083 9269461
58153083 128949079
58153083 155874543
58153083 10121946
58153083 57646256
152912122 9269461
152912122 10121946
57645739 71881812
57645739 128325446
57645739 152918828
57645739 15280315
57645739 9269461
57645739 128949079
57645739 10121946
57645739 144785376
140321412 10121946
298836529 152918828
298836529 30755439
57645182 128325446
57645182 155821617
57645182 152619856
57645182 99810425
57645182 58161010
57645182 15280315
57645182 49235440
57645182 9269461
57645182 27954621
57645182 143010998
57645182 10121946
57645182 152924889
57645182 128097312
57645182 44758996
57645182 12190767
57645182 13755359
57645182 57646256
57645182 10962460
57645182 144785376
57645182 57646254
155863553 58170157
2234570 10121946
140856240 128325446
152884665 10121946
99810425 128325446
99810425 152918828
99810425 9269461
99810425 10121946
99810425 7191564
18962698 152918828
18962698 67944025
18962698 103060338
18962698 128949079
18962698 10121946
58119634 49235440
75191318 15280315
75191318 10121946
152924889 71881812
152924889 128325446
152924889 155874543
152924889 10121946
152924889 57645182
298832837 10121946
144785376 128325446
144785376 128949079
144785376 10121946
144785376 9269461
144785376 44758996
144785376 57646256
144785376 15084901
144785376 152933383
144785376 57645739
144785376 57646254
152957640 67944025
152957640 10121946
