65166408 114775504
57651629 152576335
57651629 2547158
57651629 210195622
57651629 42115779
57651629 152819152
57651629 228460601
57651629 114775504
152726376 114775504
152726376 228460601
152726376 58147484
813409656 114775504
533024027 114775504
7395320 31015396
7395320 114775504
582869074 114775504
44787439 96627710
44787439 75736563
44787439 114775504
357812991 114775504
175162386 114775504
209531109 114775504
209531109 152656088
582245873 114775504
152735193 114775504
58148363 114775504
601697605 114775504
634143389 114775504
582450884 114775504
582398862 114775504
54137893 114775504
54137893 8484588
130229444 114775504
152628622 114775504
42115779 114775504
42115779 57651629
836611626 114775504
175157605 82638337
175157605 155822196
175157605 601697605
175157605 114775504
175157605 210238932
175157605 129642503
64444922 114775504
64444922 93768164
27820007 114775504
44758931 228460601
44758931 114775504
58147484 2547158
58147484 114775504
58147484 152726376
82638337 175157605
82638337 114775504
482295231 114775504
215734146 114775504
152730484 114775504
75736563 114775504
321950560 34342755
152673776 114775504
96627710 44787439
96627710 152435239
96627710 114775504
96627710 8484588
96627710 80967646
96627710 58369832
155869241 210238932
155869241 114775504
152735592 114775504
228460601 110547289
228460601 44758931
228460601 114775504
228460601 57651629
228460601 152726376
129642503 175157605
129642503 2547158
129642503 114775504
129642503 8484588
129642503 210238932
129642503 152656088
210230894 114775504
5578997 114775504
5578997 58369832
210249215 114775504
152906746 114775504
152819152 114775504
152819152 57651629
155822196 175157605
155822196 2547158
155822196 114775504
155822196 8484588
582884590 2547158
582884590 114775504
31015396 7395320
31015396 210238932
31015396 114775504
155818859 110547289
155818859 114775504
108404457 114775504
223781398 114775504
806360995 114775504
152576335 114775504
152576335 57651629
210229834 114775504
210229834 8484588
275021969 114775504
502889002 114775504
210238932 155869241
210238932 31015396
210238932 129642503
210238932 58369832
10835948 114775504
581184104 114775504
93768164 64444922
93768164 114775504
110547289 108404457
110547289 228460601
110547289 155818859
110547289 114775504
773742464 114775504
582418963 114775504
582418963 2547158
298855745 114775504
2547158 58147484
2547158 114775504
2547158 8484588
2547158 582884590
2547158 129642503
2547158 57651629
2547158 582418963
85668662 114775504
152722218 65484754
152722218 114775504
152575137 114775504
44755051 114775504
370712653 114775504
582304301 114775504
107651052 7395320
107651052 114775504
58369832 96627710
58369832 114775504
58369832 5578997
58369832 210238932
152656088 209531109
152656088 114775504
8484588 54137893
8484588 96627710
8484588 155822196
8484588 2547158
8484588 210229834
8484588 210195622
8484588 152435239
8484588 114775504
8484588 129642503
582210556 114775504
210195622 12130156
210195622 8484588
210195622 57651629
210195622 114775504
58105102 114775504
152435239 96627710
152435239 114775504
152435239 8484588
80967646 114775504
80967646 96627710
581709015 114775504
144932981 114775504
65484754 152722218
65484754 114775504
58342143 114775504
57652796 114775504
12130156 210195622
581818979 114775504
52571675 114775504
580946862 114775504
