35293821 8674262
98530025 8674262
49046303 44463207
562103985 55241006
562103985 8674262
562103985 12572040
219593343 8674262
50643483 8674262
32925062 8674262
65487387 18576291
65487387 8674262
600473355 8674262
77236241 8674262
8674262 65325972
8674262 20936788
8674262 32426381
8674262 85000917
8674262 104900483
8674262 44476575
8674262 49517340
8674262 20831083
8674262 82658436
8674262 297886873
8674262 42984391
8674262 71873004
8674262 98530025
8674262 219593343
8674262 41080486
8674262 37863281
8674262 55241006
8674262 600473355
8674262 18576291
8674262 20169581
8674262 50643483
8674262 1759200
8674262 55253971
8674262 5581017
8674262 44886848
8674262 114427963
8674262 128444219
8674262 28754020
8674262 155323216
8674262 37716844
8674262 73508247
8674262 8231930
8674262 35293821
8674262 14929776
8674262 44400700
8674262 20846978
8674262 8066785
8674262 77236241
8674262 28329009
8674262 132432627
8674262 519698307
8674262 211854475
8674262 836614698
8674262 135761357
8674262 73157554
8674262 33353889
8674262 39450887
8674262 124480762
8674262 11272122
8674262 23074105
8674262 536076262
8674262 127171596
8674262 132801484
8674262 137001603
8674262 65487387
8674262 24393119
8674262 252013586
8674262 157773689
8674262 83955687
8674262 17608178
8674262 562103985
8674262 94298246
8674262 132529845
8674262 44984559
8674262 18266141
8674262 26098924
8674262 32925062
8674262 12572040
8674262 604366507
73157554 8674262
114427963 8674262
28754020 8674262
604366507 8674262
18576291 8674262
18576291 65487387
536076262 8674262
132529845 8674262
39450887 8674262
71873004 8674262
135761357 8674262
8066785 8674262
519698307 8674262
132801484 8674262
83955687 8674262
37863281 8674262
211854475 8674262
85000917 8674262
32426381 8674262
55253971 8674262
33353889 8674262
44984559 8674262
124480762 8674262
94298246 8674262
20169581 55241006
20169581 8674262
20169581 44463207
17608178 8674262
17608178 127171596
836614698 8674262
49517340 8674262
252013586 8674262
234408101 8674262
155323216 8674262
83988470 65487387
297886873 8674262
132432627 8674262
104900483 8674262
12572040 8674262
12572040 562103985
44463207 20169581
695663303 65487387
14929776 8674262
41080486 8674262
41080486 42150366
24393119 8674262
44476575 55241006
44476575 33353889
44476575 8674262
55241006 65325972
55241006 44476575
55241006 20169581
55241006 44400700
55241006 8674262
55241006 562103985
42984391 8674262
137001603 8674262
127171596 17608178
82658436 8674262
37716844 8674262
11272122 8674262
26098924 8674262
20846978 8674262
65325972 55241006
65325972 8674262
23074105 8674262
5581017 28329009
5581017 8674262
8231930 8674262
28329009 5581017
28329009 8674262
20936788 8674262
44886848 8674262
44400700 55241006
82368249 8674262
18266141 8674262
42150366 41080486
128444219 8674262
800071320 65487387
