99539967 92839238
80641725 754800305
80641725 69010012
364622395 44536308
13808812 19236987
44536308 364622395
673404854 127326128
44852682 179626546
69010012 23703747
69010012 754800305
69010012 19236987
49324564 65369766
154347617 127326128
42075158 92839238
150515243 127326128
536787840 127326128
325201235 127326128
191880564 92839238
199858990 127326128
65369766 23703747
65369766 49324564
443116145 127326128
19236987 23703747
19236987 13808812
19236987 69010012
45021629 127326128
135359974 127326128
23703747 48715930
23703747 65369766
23703747 69010012
23703747 19236987
754800305 80641725
754800305 69010012
50864332 127326128
