17216110 49520817
17216110 57643355
17216110 7926955
17216110 57643660
17216110 58441601
17216110 152957531
45217716 57643660
503975461 57643660
152924686 152432286
152924686 49520817
152819421 49520817
152819421 57643355
152819421 316536987
152819421 58441601
152819421 57647152
152819421 57643660
152819421 152432286
152819421 175151678
152819421 152581290
152819421 152621046
152819421 152934731
152819421 7926955
152819421 67498738
152819421 128896695
152819421 53841964
152819421 67857216
152819421 44753187
152819421 57648125
44753187 7249894
44753187 67857216
44753187 49520817
44753187 18288272
44753187 57643355
44753187 152819421
44753187 57647152
44753187 57643660
44753187 298857818
44753187 270793920
44753187 58441601
44753187 152934731
44753187 52581872
44753187 152957118
44753187 60282849
44753187 175151678
44753187 152957531
44753187 152432286
44753187 145456439
44753187 58405212
44753187 152655615
44753187 448370696
44753187 53841964
44753187 67498738
44753187 152581290
44753187 580976230
44753187 210185245
44753187 152783919
44753187 2531303
44753187 72472741
44753187 210236806
152856847 49520817
152856847 58441601
270793920 58441601
270793920 152432286
270793920 44753187
57650877 152621166
57650877 49520817
57650877 57643355
57650877 57651362
57650877 60282849
57650877 58441601
57650877 67857216
57650877 57648125
229031856 152581290
229031856 58441601
298857818 57643355
298857818 58441601
298857818 49520817
298857818 44753187
152928315 57643355
152928315 58441601
152928315 49520817
7083430 57643355
7083430 57643660
7083430 58441601
7083430 57647152
7083430 152581290
7083430 7249894
7083430 152934731
120648844 7249894
120648844 57643355
120648844 57647152
120648844 57643660
120648844 58441601
120648844 14697615
120648844 152432286
120648844 49520817
120648844 152934731
120648844 67857216
57643355 210185245
57643355 57647288
57643355 422476955
57643355 175151678
57643355 52581294
57643355 145456553
57643355 152957118
57643355 152432286
57643355 57643660
57643355 58441601
57643355 49520817
57643355 57647152
57643355 643624268
57643355 7083430
57643355 224331397
57643355 316536987
57643355 152933224
57643355 298857818
57643355 152581290
57643355 65269407
57643355 7249894
57643355 270793920
57643355 152819421
57643355 14697615
57643355 152821424
57643355 57651362
57643355 152934731
57643355 145456439
57643355 7926955
57643355 67498738
57643355 128896695
57643355 17216110
57643355 53841964
57643355 152783122
57643355 149532834
57643355 67857216
57643355 44753187
57643355 152783919
57643355 57646966
57643355 57648125
57643355 152856847
57643355 2531303
57643355 72472741
57643355 152955002
57643355 210236806
57643355 57649867
152655615 57643355
152655615 175151678
152655615 152432286
152655615 57643660
152655615 58441601
152655615 49520817
152655615 57647152
152655615 152581290
152655615 44753187
422476955 57643355
422476955 57647152
422476955 152581290
210185245 57643355
210185245 152432286
210185245 58441601
210185245 49520817
210185245 152581290
210185245 52581872
210185245 44753187
210185245 67857216
152783919 44753187
152783919 7249894
152783919 58441601
152783919 152581290
152783919 57643355
152783919 152934731
152783919 152432286
43891521 57643660
601669202 152832831
57647351 67857216
57647351 152432286
57647351 58441601
57647351 67498738
57647351 152581290
57647351 57648125
52581872 44753187
21473644 152581290
152596096 152581290
152621166 58441601
152621166 49520817
152621166 57643355
152621166 152581290
152621166 57650877
152621166 67857216
57646966 58441601
57646966 57643355
57646966 145456553
57646966 57643660
57646966 152821424
57646966 145456439
57646966 152432286
57646966 152581290
57646966 152726842
57646966 7249894
57646966 57649867
60282849 7249894
60282849 57643660
60282849 152581290
60282849 316536987
60282849 58441601
60282849 57650877
60282849 44753187
60282849 57649867
57647288 57643355
57647288 422476955
57647288 57643660
57647288 58441601
57647288 49520817
57647288 7249894
57647288 44753187
57647288 57648125
152832831 57643660
155838943 152581290
67857216 7249894
67857216 67498738
67857216 270793920
67857216 49520817
67857216 120648844
67857216 65269407
67857216 152821424
67857216 7926955
67857216 152819421
67857216 57643355
67857216 581110148
67857216 57643660
67857216 57647152
67857216 175151678
67857216 52581294
67857216 149532834
67857216 152432286
67857216 152581290
67857216 152621166
67857216 210185245
67857216 448370696
67857216 580976230
67857216 581945509
67857216 58441601
67857216 57650877
67857216 152934731
67857216 44753187
67857216 57647351
67857216 57648125
67857216 210236806
67857216 57649867
152432286 51821762
152432286 57643355
152432286 152821424
152432286 210185245
152432286 175151678
152432286 52581294
152432286 152655615
152432286 152924686
152432286 57643660
152432286 152726842
152432286 58441601
152432286 49520817
152432286 38116248
152432286 57647152
152432286 643624268
152432286 448370696
152432286 152581290
152432286 7249894
152432286 17854300
152432286 270793920
152432286 152819421
152432286 152621046
152432286 581110148
152432286 120648844
152432286 57651362
152432286 152934731
152432286 145456439
152432286 7926955
152432286 67498738
152432286 82642870
152432286 582403141
152432286 53841964
152432286 152783122
152432286 67857216
152432286 44753187
152432286 152783919
152432286 57646966
152432286 57647351
152432286 57648125
152432286 57649867
152933224 57643355
152933224 175151678
152933224 57643660
152933224 58441601
152933224 57647152
152933224 152581290
7926955 57643355
7926955 58441601
7926955 145456553
7926955 152819421
7926955 57647152
7926955 152432286
7926955 7249894
7926955 67498738
7926955 17216110
7926955 67857216
7926955 57648125
581945509 58441601
581945509 57643355
581945509 503975461
581945509 67857216
51821762 152432286
128896695 49520817
128896695 7249894
128896695 58441601
128896695 152819421
128896695 57643660
128896695 57643355
128896695 57648125
152581290 58441601
152581290 57643660
152581290 49520817
152581290 152432286
152581290 7083430
152581290 57647152
152581290 57643355
152581290 175151678
152581290 152957118
152581290 448370696
152581290 152655615
152581290 155838943
152581290 210185245
152581290 52581294
152581290 298857818
152581290 152603292
152581290 152850060
152581290 152933224
152581290 422476955
152581290 65269407
152581290 7249894
152581290 152819421
152581290 581110148
152581290 60282849
152581290 152934731
152581290 145456439
152581290 67498738
152581290 152670944
152581290 82642870
152581290 21473644
152581290 152621166
152581290 53841964
152581290 149532834
152581290 152957531
152581290 67857216
152581290 44753187
152581290 152783919
152581290 57646966
152581290 57647351
152581290 72472741
152581290 57649867
152581290 152596096
145456553 57643355
145456553 57643660
145456553 58441601
145456553 49520817
145456553 57647152
145456553 145456439
145456553 7926955
145456553 57648125
145456553 57646966
57651362 152432286
57651362 57643355
57651362 175151678
57651362 57650877
152821424 57643355
152821424 57646966
152821424 67857216
152726842 57643355
152726842 152432286
152726842 448370696
152726842 57649867
152726842 57646966
145456439 57643660
145456439 57643355
145456439 145456553
145456439 152581290
145456439 152432286
145456439 152603292
145456439 58441601
145456439 7249894
145456439 67498738
145456439 152670944
145456439 44753187
145456439 57646966
145456439 57648125
145456439 57649867
58405212 57643660
58405212 58441601
58405212 49520817
58405212 57647152
58405212 7249894
58405212 152819421
58405212 152934731
58405212 82642870
58405212 53841964
58405212 44753187
58405212 57648125
152670944 152581290
152670944 145456439
152934731 152819421
152934731 57643355
152934731 49520817
152934731 175151678
152934731 58441601
152934731 7249894
152934731 152432286
152934731 152581290
152934731 448370696
152934731 7083430
152934731 643624268
152934731 67857216
152934731 44753187
152934731 152783919
316536987 57643355
316536987 49520817
316536987 60282849
316536987 152819421
582403141 7249894
582403141 210185245
582403141 152432286
582403141 58441601
582403141 49520817
67498738 7926955
67498738 7249894
67498738 152957118
67498738 49520817
67498738 57643660
67498738 58441601
67498738 152432286
67498738 152819421
67498738 145456439
67498738 175151678
67498738 152581290
67498738 67857216
67498738 44753187
67498738 57647351
67498738 57648125
7249894 7083430
7249894 57643355
7249894 57647288
7249894 49520817
7249894 152957118
7249894 58441601
7249894 57643660
7249894 152581290
7249894 175151678
7249894 57647152
7249894 152432286
7249894 60282849
7249894 152934731
7249894 145456439
7249894 7926955
7249894 67498738
7249894 582403141
7249894 152957531
7249894 67857216
7249894 44753187
7249894 152783919
7249894 57646966
7249894 57648125
7249894 57649867
17854300 57643660
17854300 57643355
14697615 57643355
14697615 120648844
14697615 7926955
14697615 67498738
14697615 44753187
53841964 152819421
53841964 57643355
53841964 152581290
53841964 175151678
53841964 58441601
53841964 58405212
53841964 152432286
53841964 44753187
53841964 210236806
219592740 57643355
219592740 58441601
219592740 49520817
219592740 152581290
643624268 57643355
643624268 152432286
643624268 57643660
643624268 58441601
643624268 49520817
643624268 152934731
152957118 57643355
152957118 58441601
152957118 49520817
152957118 7249894
152957118 67498738
152957118 44753187
38116248 152432286
38116248 58441601
38116248 57647152
57647152 57643355
57647152 422476955
57647152 145456553
57647152 152655615
57647152 152432286
57647152 57643660
57647152 152603292
57647152 58441601
57647152 49520817
57647152 58405212
57647152 38116248
57647152 7083430
57647152 152933224
57647152 152581290
57647152 65269407
57647152 7249894
57647152 152819421
57647152 120648844
57647152 7926955
57647152 82642870
57647152 152783122
57647152 149532834
57647152 67857216
57647152 44753187
57647152 57648125
57647152 57649867
152677411 152850060
152677411 17854300
52581294 57643355
52581294 210185245
52581294 175151678
52581294 152432286
52581294 57643660
52581294 58441601
52581294 49520817
52581294 152581290
52581294 7249894
52581294 67857216
52581294 57649867
152850060 152701976
152850060 448370696
152850060 152581290
152850060 152677411
152850060 44753187
580976230 58441601
580976230 49520817
580976230 44753187
580976230 67857216
175151678 57643355
175151678 52581294
175151678 152655615
175151678 152432286
175151678 57643660
175151678 58441601
175151678 49520817
175151678 152933224
175151678 152581290
175151678 65269407
175151678 7249894
175151678 152819421
175151678 120648844
175151678 57651362
175151678 152934731
175151678 67498738
175151678 82642870
175151678 53841964
175151678 67857216
175151678 44753187
175151678 57648125
175151678 2531303
49520817 57643355
49520817 210185245
49520817 57647288
49520817 175151678
49520817 52581294
49520817 152957118
49520817 152432286
49520817 57643660
49520817 58441601
49520817 219592740
49520817 57647152
49520817 643624268
49520817 316536987
49520817 298857818
49520817 152581290
49520817 65269407
49520817 7249894
49520817 152819421
49520817 120648844
49520817 152934731
49520817 67498738
49520817 128896695
49520817 17216110
49520817 582403141
49520817 152783122
49520817 149532834
49520817 67857216
49520817 44753187
49520817 57648125
49520817 152856847
49520817 210236806
49520817 57649867
18288272 49520817
18288272 44753187
57643660 45217716
57643660 57643355
57643660 57647288
57643660 175151678
57643660 152879883
57643660 52581294
57643660 145456553
57643660 152655615
57643660 152432286
57643660 152603292
57643660 43891521
57643660 152832831
57643660 58441601
57643660 49520817
57643660 58405212
57643660 57647152
57643660 643624268
57643660 152933224
57643660 152581290
57643660 7249894
57643660 17854300
57643660 152819421
57643660 60282849
57643660 145456439
57643660 67498738
57643660 152783122
57643660 67857216
57643660 44753187
57643660 57646966
57643660 57648125
57643660 2531303
57648125 49520817
57648125 67857216
57648125 58441601
57648125 57643355
57648125 152819421
57648125 7249894
57648125 57643660
57648125 57647288
57648125 175151678
57648125 57647152
57648125 7926955
57648125 57647351
57648125 145456553
57648125 145456439
57648125 58405212
57648125 128896695
57648125 67498738
57648125 57650877
57648125 152432286
57648125 2531303
152621046 152432286
152621046 57643355
152621046 58441601
152621046 152819421
152621046 152955002
152701976 49520817
152701976 152850060
58441601 57643355
58441601 210185245
58441601 152928315
58441601 57647288
58441601 175151678
58441601 152879883
58441601 52581294
58441601 145456553
58441601 152957118
58441601 152655615
58441601 152432286
58441601 57643660
58441601 152603292
58441601 49520817
58441601 58405212
58441601 219592740
58441601 38116248
58441601 57647152
58441601 643624268
58441601 7083430
58441601 580976230
58441601 152933224
58441601 298857818
58441601 448370696
58441601 152581290
58441601 65269407
58441601 7249894
58441601 270793920
58441601 152819421
58441601 152621046
58441601 120648844
58441601 60282849
58441601 57651362
58441601 58173679
58441601 152934731
58441601 229031856
58441601 145456439
58441601 581945509
58441601 7926955
58441601 67498738
58441601 128896695
58441601 82642870
58441601 17216110
58441601 152621166
58441601 582403141
58441601 53841964
58441601 152783122
58441601 149532834
58441601 152957531
58441601 67857216
58441601 44753187
58441601 152783919
58441601 57646966
58441601 57647351
58441601 57648125
58441601 152856847
58441601 2531303
58441601 72472741
58441601 210236806
58441601 57649867
152783122 58441601
152783122 49520817
152783122 57643355
152783122 57647152
152783122 152432286
152783122 57643660
152879883 58441601
152879883 49520817
149532834 58441601
149532834 152581290
149532834 49520817
149532834 57647152
149532834 57643355
149532834 57643660
149532834 67857216
149532834 44753187
448370696 58441601
448370696 152850060
448370696 152603292
448370696 152432286
448370696 152581290
448370696 152934731
448370696 44753187
448370696 67857216
65269407 49520817
65269407 152581290
65269407 57647152
65269407 175151678
65269407 58441601
65269407 57643355
65269407 67857216
152603292 52581294
152603292 57643660
152603292 57647152
152603292 152581290
152603292 145456439
72472741 57643355
72472741 44753187
72472741 7249894
72472741 152581290
72472741 58441601
72472741 152955002
82642870 58441601
82642870 152581290
82642870 58405212
82642870 175151678
82642870 152432286
82642870 57647152
224331397 57643355
224331397 44753187
2531303 58441601
2531303 57643355
2531303 57648125
2531303 44753187
2531303 57643660
2531303 175151678
57649867 7249894
57649867 145456439
57649867 57643355
57649867 57646966
57649867 58441601
57649867 49520817
57649867 52581294
57649867 44753187
57649867 152581290
57649867 57647152
57649867 60282849
57649867 67857216
57649867 152726842
57649867 152432286
57649867 152955002
152957531 58441601
152957531 7249894
152957531 17216110
152957531 44753187
210236806 67857216
210236806 44753187
210236806 53841964
210236806 57643355
210236806 58441601
210236806 49520817
581110148 152432286
581110148 49520817
581110148 152581290
581110148 67857216
