17707485 8097907
17707485 65269474
17707485 19530711
17707485 98764556
17707485 152956040
17707485 152928944
17707485 128946707
17707485 58049627
17707485 152808517
17707485 57611980
17707485 152679128
17707485 152723742
17707485 101696860
17707485 73208803
17707485 152904892
17707485 4003976
17707485 700931757
17707485 5902544
17707485 152914560
17707485 163897161
152877344 152928944
152564273 152928944
26856199 152928944
58297964 152928944
5902544 25714698
5902544 8097907
5902544 65269474
5902544 128946707
5902544 57847290
5902544 57648320
98764556 152928944
205885436 152928944
45810623 152928944
152724389 152928944
35596814 152928944
35596814 8097907
35596814 19530711
35596814 25592731
26260385 152928944
26260385 8097907
26260385 152925049
26260385 152914560
25592731 152928944
25592731 77099983
25592731 152732229
25592731 35596814
25592731 4003976
152703094 152928944
152703094 152679128
152703094 152904682
163897161 128946707
152731046 77099983
152731046 152955124
152812486 152928944
152812486 25592731
57611980 152928944
57611980 65269474
152808517 152928944
16910126 152914560
16910126 152928944
16910126 152904892
49201114 152928944
152928944 19530711
152928944 152956040
152928944 152679128
152928944 101696860
152928944 152934224
152928944 152914560
128946707 152928944
128946707 98764556
128946707 152679128
128946707 101696860
128946707 5902544
128946707 60691833
128946707 57847290
128946707 17707485
128946707 163897161
152476248 152928944
152602285 152928944
152602285 152679128
152662653 152928944
73208803 152928944
73208803 17707485
54291206 152602285
54291206 152928944
25714698 152928944
25714698 152723742
25714698 128502361
25714698 5902544
25714698 4003976
25714698 152956040
25714698 152904892
25714698 57648320
25714698 35500569
25714698 57652875
25714698 101696860
25714698 65269474
25714698 152934627
25714698 57847290
25714698 130775840
25714698 152733153
152956040 25714698
152956040 152928944
152956040 60691833
152956040 8097907
152956040 57648320
152956040 101696860
152956040 152934224
152956040 17707485
152956040 152914560
152934781 152928944
152934781 60691833
152934781 152725750
152925049 152602285
152925049 152928944
152925049 26260385
152929733 152928944
152929733 58049627
152929733 4003976
58049627 152928944
58049627 152929733
58049627 25592731
58049627 17707485
152732229 152928944
152732229 77099983
152732229 25592731
57648320 25714698
57648320 152928944
57648320 152723742
57648320 152956040
57648320 77099983
57648320 101696860
57648320 152933741
57648320 65269474
57648320 152934627
57648320 57847290
57648320 5902544
57648320 152520008
57847290 25714698
57847290 152928944
57847290 152723742
57847290 8097907
57847290 57652875
57847290 77099983
57847290 101696860
57847290 210257809
57847290 152934224
57847290 65269474
57847290 128946707
57847290 57648320
57847290 152914560
152899949 152928944
152733153 60691833
152733153 152928944
152733153 25714698
152733153 152914560
152431257 152928944
130775840 152928944
700931757 152928944
700931757 152725750
700931757 152904892
700931757 152919426
700931757 17707485
67264232 152928944
67264232 5902544
67264232 25592731
67264232 35221487
58441639 152928944
152899730 152928944
152899730 19530711
152899730 152679128
210257809 152928944
210257809 60691833
210257809 65269474
210257809 57847290
210257809 152914560
58371009 152928944
58371009 8097907
58371009 26260385
58371009 57646530
101696860 25714698
101696860 152928944
101696860 8097907
101696860 19530711
101696860 152725750
101696860 57646530
101696860 152956040
101696860 57648320
101696860 17707485
152580176 152928944
753894340 152928944
152914560 210257809
152914560 8097907
152914560 152956040
152914560 152919551
152914560 77099983
152914560 152928944
152914560 57847290
152914560 152733153
152914560 26260385
152914560 35596814
152914560 17707485
152914560 16910126
152955124 152928944
152955124 152941721
152904682 152928944
152904682 152703094
581774026 152928944
152840035 152928944
152840035 152904892
35221487 67264232
35221487 152928944
35221487 60691833
128502361 25714698
128502361 152928944
128502361 8097907
152620908 58297964
152620908 152928944
152620908 8097907
152620908 152679128
152620908 152925049
152620908 130775840
152620908 152914560
57646530 152928944
57646530 101696860
57646530 152808517
57646530 58371009
57646530 60691833
72408457 152928944
152815040 152928944
65269474 25714698
65269474 152928944
65269474 77099983
65269474 210257809
65269474 5902544
65269474 57648320
65269474 57611980
65269474 57847290
65269474 17707485
152820702 152928944
152820702 4003976
152679128 152602285
152679128 128946707
152679128 152928944
152679128 152620908
152679128 152703094
152679128 152732821
152679128 152899730
152679128 8097907
152679128 152904892
152679128 35500569
152679128 17707485
8097907 25714698
8097907 152928944
8097907 152723742
8097907 5902544
8097907 35596814
8097907 19530711
8097907 4003976
8097907 152956040
8097907 152904892
8097907 152724389
8097907 57652875
8097907 77099983
8097907 152679128
8097907 101696860
8097907 57847290
8097907 17707485
8097907 152914560
152899091 152928944
77099983 152928944
77099983 8097907
77099983 57648320
77099983 25592731
77099983 65269474
77099983 152732229
77099983 57847290
77099983 152914560
152941721 152955124
152941721 152928944
152725750 152928944
152725750 152732821
152725750 101696860
152725750 152934781
152725750 4003976
152856724 152928944
152723742 152602285
152723742 25714698
152723742 152928944
152723742 8097907
152723742 57648320
152723742 17707485
152691934 152928944
152934627 25714698
152934627 152928944
152934627 57648320
152919426 152928944
58086358 152928944
152723937 152928944
19530711 128946707
19530711 152928944
19530711 35596814
19530711 152899730
19530711 4003976
19530711 57652875
19530711 101696860
19530711 17707485
152571680 152928944
74365681 152928944
57652875 25714698
57652875 8097907
57652875 19530711
57652875 152934224
57652875 57847290
152933741 152928944
152933741 57648320
152732821 152928944
152732821 152725750
152732821 35500569
152732821 152679128
152858094 152928944
152858094 152904892
19092303 152928944
152904892 25714698
152904892 152928944
152904892 8097907
152904892 152679128
152904892 152840035
152904892 17707485
152904892 152858094
152904892 16910126
60691833 152928944
60691833 152956040
60691833 35500569
60691833 210257809
60691833 152934781
60691833 57847290
60691833 25592731
60691833 57646530
60691833 35221487
60691833 17707485
152934224 152928944
152934224 152956040
152934224 57652875
152934224 57847290
35500569 753894340
35500569 25714698
35500569 152928944
35500569 74365681
35500569 60691833
35500569 57611980
35500569 8097907
35500569 4003976
35500569 54291206
35500569 152679128
35500569 101696860
35500569 130775840
152932385 152928944
152919551 152928944
152919551 4003976
152919551 152914560
4003976 25714698
4003976 152928944
4003976 152932385
4003976 152820702
4003976 8097907
4003976 19530711
4003976 152808517
4003976 17707485
4003976 163897161
