13840674 11661174
701355389 11661174
683980973 11661174
129125362 11661174
60284918 11661174
370875087 11661174
122735955 11661174
370767928 11661174
142730161 11661174
40236627 11661174
219612489 11661174
55046221 11661174
7901038 11661174
80876566 11661174
62243121 11661174
57393344 11661174
402012456 542012050
402012456 11661174
305164991 11661174
82398518 11661174
27559247 11661174
201498453 11661174
162727381 11661174
79506797 11661174
483161224 11661174
45019006 11661174
154830879 11661174
37455855 11661174
55042413 11661174
38317061 11661174
35128049 11661174
299462233 11661174
15901134 3457167
11552846 11661174
72062956 11661174
36558972 11661174
35308201 11661174
263598104 11661174
3457167 15901134
3457167 11661174
148383078 11661174
129977438 11661174
4998125 11661174
57305912 11661174
12108084 11661174
45006309 11661174
68063885 11661174
111841774 11661174
80473700 11661174
199896618 11661174
307996368 11661174
69002326 11661174
115319948 11661174
9850466 11661174
12143458 11661174
36129371 11661174
60325879 11661174
56908649 11661174
40209769 11661174
57739671 11661174
464024229 11661174
76151119 11661174
36511066 11661174
497937284 11661174
32549609 11661174
44887074 9868324
83120599 11661174
52215055 11661174
9868324 11661174
9868324 44887074
133051945 11661174
450637994 11661174
99014700 11661174
82942853 11661174
1804242 11661174
67745602 11661174
39816322 76151119
39816322 11661174
57816776 11661174
52395589 11661174
56327990 57739671
56327990 11661174
4666121 11661174
302529301 11661174
229160183 11661174
542012050 402012456
23860755 11661174
