101428255 144530664
101428255 50115053
50115053 393557261
50115053 144530664
50115053 14171391
50115053 2700040
50115053 400303813
50115053 16900298
50115053 57469137
50115053 142694769
50115053 144537577
50115053 155650601
50115053 101428255
50115053 18902624
50115053 59616768
50115053 300492887
50115053 299338107
50115053 741468938
50115053 216784425
50115053 155642687
19648919 144530664
19648919 2700040
19648919 579028703
19648919 144537577
19648919 155642687
51900493 144530664
51900493 199938174
51900493 2700040
199938174 144530664
199938174 14171391
199938174 2700040
199938174 16900298
199938174 144537577
199938174 97107101
199938174 155642687
300492887 50115053
300492887 155650601
300492887 2700040
300492887 144530664
156025671 144530664
89073863 97107101
91144344 144530664
97107101 144530664
97107101 2700040
97107101 89073863
400303813 50115053
400303813 144530664
142694769 7876050
142694769 155650601
142694769 50115053
7876050 142694769
393557261 50115053
681518157 224924645
182404857 144530664
182404857 2700040
182404857 50115053
182404857 155642687
836374957 144530664
836374957 144537577
16900298 144530664
16900298 2700040
16900298 144537577
16900298 199938174
16900298 50115053
126045448 144530664
126045448 2700040
126045448 579028703
126045448 144537577
126045448 18902624
59616768 144530664
59616768 14171391
59616768 579028703
59616768 144537577
59616768 50115053
2700040 144530664
2700040 59668377
2700040 155650601
2700040 50115053
216081999 144530664
216081999 144537577
216081999 2700040
216784425 144537577
216784425 50115053
216784425 2700040
216784425 144530664
741468938 144530664
142622780 144530664
142622780 2700040
142622780 97107101
6348660 144530664
6348660 2700040
6348660 144537577
579028703 144530664
579028703 155642687
579028703 126045448
579028703 59616768
579028703 19648919
579028703 155650601
579028703 144537577
661014384 144530664
155642687 14171391
155642687 144537577
155642687 182404857
155642687 2700040
155642687 579028703
155642687 144530664
155642687 57469137
155642687 155650601
155642687 50115053
155642687 19648919
155642687 59668377
144530664 14171391
144530664 59668377
144530664 2700040
144530664 16900298
144530664 57469137
144530664 17988639
144530664 579028703
144530664 144537577
144530664 97107101
144530664 155650601
144530664 101428255
144530664 18902624
144530664 19648919
144530664 142622780
144530664 199938174
144530664 50115053
144530664 155642687
144537577 144530664
144537577 579028703
144537577 155650601
144537577 19648919
144537577 50115053
144537577 155642687
155650601 144530664
155650601 2700040
155650601 57469137
155650601 579028703
155650601 142694769
155650601 144537577
155650601 18902624
155650601 19648919
155650601 50115053
155650601 300492887
155650601 155642687
59668377 144530664
59668377 2700040
59668377 155642687
17988639 144530664
18902624 126045448
18902624 50115053
18902624 155650601
57469137 144530664
57469137 2700040
57469137 155650601
57469137 199938174
57469137 50115053
57469137 155642687
14171391 144530664
14171391 2700040
14171391 142694769
14171391 97107101
14171391 19648919
14171391 59616768
14171391 155642687
299338107 144530664
299338107 2700040
299338107 50115053
299338107 19648919
299338107 97107101
224924645 681518157
