421489395 136595556
421489395 673176975
421489395 215757790
152686608 152724816
8542120 215757790
58403631 215757790
39335481 215757790
39335481 136595556
238994527 215757790
238994527 136595556
238994527 81379009
701110645 728242969
701110645 215757790
45822168 136595556
45822168 215757790
340004099 361298664
90075576 215757790
58445957 215757790
58445957 728242969
25922551 215757790
25922551 728242969
25922551 81379009
52577786 215757790
215757790 401154180
215757790 728242969
215757790 421489395
215757790 32649332
55254461 81379009
298849772 136595556
298849772 215757790
298849772 81379009
49905526 215757790
633949175 581154588
633949175 215757790
253933660 136595556
253933660 152904664
253933660 215757790
253933660 81379009
834117011 215757790
361298664 215757790
361298664 340004099
192260593 152724816
128285401 136595556
128285401 215757790
128285401 39335481
128285401 253933660
673176975 728242969
673176975 136595556
673176975 215757790
673176975 253933660
58261368 215757790
152934153 136595556
152934153 215757790
728242969 701110645
728242969 58445957
728242969 673176975
728242969 81379009
728242969 421466321
728242969 25922551
581154588 401154180
581154588 215757790
81379009 136595556
581243952 215757790
152724816 152686608
152724816 215757790
152724816 192260593
421466321 673176975
421466321 215757790
421466321 136595556
421466321 238994527
421466321 728242969
421466321 81379009
607645012 215757790
833318569 215757790
32649332 215757790
136595556 81379009
136595556 215757790
457639515 215757790
457639515 834117011
401154180 39335481
401154180 215757790
401154180 581154588
58005014 81379009
152481665 215757790
152481665 253933660
152904664 253933660
98022407 215757790
