67179103 4328004
4328004 31843680
4328004 32416601
4328004 29318653
4328004 26222619
4328004 40080486
4328004 67179103
4328004 68925409
4328004 37713903
29318653 26222619
29318653 68925409
29318653 40080486
29318653 32416601
29318653 37713903
29318653 37182472
29318653 4328004
555447925 32416601
73665635 57577210
73665635 12837247
73665635 32416601
73665635 78820095
73665635 3300389
78820095 57577210
78820095 52498022
78820095 4465663
78820095 78758138
78820095 68925409
78820095 72842844
78820095 12837247
78820095 32416601
78820095 73665635
78820095 37182472
57065802 29318653
57065802 45571371
52534697 12837247
52534697 78820095
4465663 26263038
4465663 57577210
4465663 52498022
4465663 12837247
4465663 79520063
4465663 32416601
4465663 78820095
4465663 3300389
7495337 68925409
7495337 29318653
7495337 37182472
7495337 3300389
57577210 52498022
57577210 4465663
57577210 78758138
57577210 32416601
57577210 78820095
57577210 73665635
57577210 29318653
72842844 29318653
72842844 78820095
72842844 32416601
72842844 68925409
72842844 26222619
78758138 57577210
78758138 52498022
78758138 32416601
78758138 78820095
12837247 52498022
12837247 4465663
12837247 78758138
12837247 32416601
12837247 78820095
12837247 73665635
12837247 29318653
12837247 52534697
52498022 57577210
52498022 4465663
52498022 78758138
52498022 73665635
52498022 78820095
52498022 32416601
52498022 12837247
26222619 15384453
26222619 68925409
26222619 40080486
26222619 32416601
26222619 29318653
26222619 37713903
26222619 4328004
37713903 26222619
37713903 29318653
37713903 4328004
37713903 32416601
60077978 32416601
15384453 26222619
15384453 40080486
26263038 68925409
26263038 37182472
26263038 3300389
45812576 12837247
45812576 32416601
45812576 78820095
57113276 26222619
57113276 29318653
3300389 29318653
3300389 57760195
3300389 4465663
3300389 7495337
3300389 26263038
3300389 73665635
3300389 32416601
37182472 7495337
37182472 29318653
37182472 32416601
37182472 68925409
68925409 26222619
68925409 7495337
68925409 32416601
68925409 29318653
68925409 4328004
68925409 37182472
40080486 26222619
40080486 15384453
40080486 32416601
40080486 29318653
40080486 4328004
32416601 26222619
32416601 78820095
32416601 29318653
32416601 4328004
31843680 26222619
31843680 29318653
31843680 4328004
