152596334 163552999
152596334 201155198
459892497 163552999
152604076 163552999
220871740 132592404
638632699 163552999
638632699 316788057
132085447 163552999
152129736 163552999
54168994 163552999
54168994 580947266
58253946 163552999
836614546 163552999
541455873 163552999
152512610 163552999
836612763 163552999
201155198 163552999
316788057 33373860
124768015 163552999
58093664 163552999
58093664 581971308
82064648 163552999
152503720 163552999
102816126 163552999
73787539 163552999
47017825 163552999
34635354 163552999
582147311 163552999
72472169 163552999
81760350 163552999
580947266 163552999
33373860 316788057
105011989 163552999
144837625 836614498
144837625 163552999
836614498 144837625
36272746 163552999
581321253 163552999
58389062 163552999
163552999 58389062
207058504 163552999
132592404 152596334
132592404 220871740
582721310 163552999
58157824 163552999
58172670 163552999
581971308 58093664
465046858 163552999
