112491291 34133517
174945807 34133517
174945807 127375118
456674396 34133517
456674396 423275650
44039352 34133517
44039352 50851182
179699618 34133517
327460068 423267505
62293061 34133517
836614164 376912166
570384761 34133517
219179161 34133517
163081398 174944325
152456498 34133517
263976225 34133517
90536291 34133517
687033561 34133517
231515124 134002533
231515124 34133517
231515124 127375118
671039955 376912166
134002533 47672675
134002533 34133517
134002533 128690453
134002533 231515124
134002533 127375118
174944325 163081398
642321305 34133517
268729178 34133517
44002481 34133517
44190625 34133517
44634909 34133517
427368651 34133517
313845751 34133517
48714295 34133517
181956860 34133517
184809527 34133517
423275650 456674396
362947259 34133517
779775398 134268794
779775398 836614424
135878244 836613781
135878244 34133517
49722487 34133517
423267505 34133517
423267505 327460068
481486593 34133517
140235538 34133517
153489809 34133517
836613781 135878244
836613781 162076375
97494958 34133517
691989182 836614424
155064660 34133517
107346790 34133517
830942219 34133517
104630800 34133517
376492346 34133517
128690453 47672675
128690453 134002533
128690453 34133517
128690453 231515124
128690453 127375118
131494902 34133517
376912166 836614164
376912166 671039955
167448821 34133517
127375118 190918515
127375118 47672675
127375118 134002533
127375118 34133517
127375118 128690453
127375118 231515124
34133517 697324437
34133517 47672675
34133517 134002533
34133517 128690453
34133517 313845751
34133517 231515124
34133517 181956860
34133517 155064660
34133517 127375118
50867038 34133517
141470955 34133517
697324437 34133517
47672675 134002533
47672675 34133517
47672675 128690453
47672675 231515124
47672675 127375118
836611873 33142375
349935382 34133517
148308671 34133517
422357740 34133517
422357740 127375118
43793611 34133517
43793611 231515124
527776483 34133517
33142375 34133517
33142375 836611873
134268794 779775398
69582637 34133517
50851182 44039352
190918515 34133517
190918515 127375118
537329176 34133517
20501785 34133517
527967289 34133517
566400081 34133517
836614424 691989182
836614424 779775398
457842544 34133517
162076375 836613781
51727747 34133517
397279797 34133517
148023925 34133517
148023925 127375118
