144554141 55407667
144554141 126416839
144554141 22362869
144554141 32673944
144554141 79111329
55407667 22362869
55407667 79111329
55407667 32673944
55407667 144554141
22362869 55407667
22362869 126416839
22362869 144554141
22362869 79111329
32673944 79111329
32673944 144554141
32673944 126416839
32673944 55407667
144540098 126416839
79111329 55407667
79111329 126416839
79111329 22362869
79111329 144554141
79111329 32673944
448065195 79111329
448065195 126416839
126416839 144540098
126416839 22362869
126416839 448065195
126416839 79111329
126416839 32673944
126416839 144554141
