359357264 23458258
359357264 67924247
67924247 163956296
67924247 23458258
67924247 10863959
67924247 359357264
67924247 132787084
383696000 23458258
383696000 163956296
161111882 23458258
10863959 67924247
10863959 23458258
163956296 67924247
163956296 383696000
163956296 23458258
163956296 308208241
132787084 67924247
23458258 161111882
23458258 163956296
23458258 224292796
23458258 383696000
23458258 67924247
23458258 359357264
23458258 10863959
308208241 163956296
308208241 10863959
224292796 23458258
