217491849 516687883
29444945 13039966
16650802 82561190
82561190 16650802
33284012 13039966
27285790 57345126
27285790 974681
516687883 217491849
516687883 192562464
516687883 616570619
516687883 515355421
49229717 163922122
515355421 217491849
515355421 516687883
48606107 163922122
48606107 49698754
48606107 39115506
57345126 27285790
57345126 122274396
974681 27285790
12825216 49067252
49067252 797364366
49067252 12825216
797364366 49067252
797364366 302903480
616570619 516687883
49698754 48606107
122274396 43910841
120201452 136991368
192562464 217491849
192562464 516687883
136991368 120201452
302903480 797364366
43910841 122274396
13039966 163922122
13039966 33284012
13039966 29444945
