132182776 668663736
132182776 130814467
132182776 166587978
58377361 668663736
535959224 56243202
535959224 32860927
535959224 132267555
535959224 668663736
668663736 48893356
668663736 58377361
668663736 56243202
668663736 166587978
668663736 130814467
668663736 836611092
668663736 535959224
668663736 49356194
668663736 663298220
668663736 32860927
668663736 132182776
668663736 132267555
668663736 272161463
668663736 130690201
668663736 681705547
668663736 673135911
10188774 32860927
10188774 132267555
10188774 272161463
10188774 130690201
10188774 668663736
166587978 48893356
166587978 130814467
166587978 132182776
166587978 668663736
56243202 32860927
56243202 132267555
56243202 668663736
681705547 48893356
681705547 130814467
681705547 836611092
681705547 49356194
681705547 132182776
681705547 272161463
681705547 668663736
681705547 55014315
48811268 836611092
232880027 132182776
232880027 130814467
232880027 166587978
32860927 668663736
32860927 130690201
32860927 272161463
32860927 10188774
32860927 132267555
32860927 535959224
32860927 56243202
48893356 130814467
48893356 681705547
55014315 48893356
55014315 668663736
55014315 681705547
55014315 130814467
55014315 132182776
55014315 49356194
663298220 668663736
130690201 668663736
130690201 272161463
130690201 32860927
49356194 55014315
49356194 668663736
49356194 681705547
49356194 132182776
49356194 130814467
49356194 166587978
49356194 48893356
130814467 668663736
130814467 681705547
130814467 132267555
130814467 132182776
130814467 166587978
130814467 48893356
673135911 32860927
673135911 272161463
673135911 130690201
673135911 668663736
272161463 166587978
272161463 130814467
272161463 836611092
272161463 32860927
272161463 132267555
272161463 130690201
272161463 681705547
272161463 673135911
272161463 668663736
132267555 48893356
132267555 56243202
132267555 130814467
132267555 535959224
132267555 32860927
132267555 10188774
132267555 272161463
132267555 668663736
836611092 130814467
836611092 48811268
836611092 681705547
836611092 668663736
