833319153 41272351
833319153 127503182
784909861 127503182
166494830 127503182
834060370 127503182
497309951 127503182
82512704 127503182
41272351 177345503
41272351 149877231
41272351 54155714
41272351 177123941
41272351 834089857
41272351 833319153
41272351 60320565
41272351 57462461
41272351 833398193
41272351 111459040
41272351 177131774
41272351 833861529
41272351 127503182
41272351 89070050
41272351 833374564
815566922 127503182
834061076 834061075
834061076 127503182
510118197 127503182
177123941 833861529
177123941 127503182
177123941 89070050
177123941 833374564
177123941 60320565
177123941 41272351
580795378 127503182
211536997 833839595
211536997 127503182
834094565 127503182
177345503 54155714
177345503 833861529
177345503 127503182
177345503 89070050
177345503 833374564
177345503 60320565
349554670 127503182
149877231 127503182
149877231 139935477
834066735 127503182
132046987 127503182
834061075 127503182
834061075 834061076
54155714 127503182
452372264 127503182
200020210 127503182
234067758 127503182
211542056 127503182
41277018 127503182
498386745 127503182
17213793 127503182
60320565 177345503
60320565 20959017
60320565 177123941
60320565 41272351
60320565 833319153
60320565 833861529
60320565 127503182
60320565 89070050
60320565 833374564
44795941 127503182
145693563 127503182
834061502 127503182
134653524 127503182
134653524 700924049
311186992 127503182
315732132 127503182
89070050 834060370
89070050 833861529
89070050 127503182
749003590 127503182
111459040 833319096
111459040 127503182
340497877 127503182
211535028 127503182
167731056 127503182
488721919 674867686
488721919 127503182
41270025 340497877
139935477 149877231
241372864 127503182
177131774 127503182
795101632 127503182
834089857 127503182
456523844 127503182
510756480 127503182
240287435 127503182
57161029 340497877
57161029 127503182
674867686 89070050
674867686 127503182
674867686 833861529
268945910 127503182
834060616 127503182
211546088 815566922
211546088 127503182
700924049 815566922
700924049 127503182
700924049 134653524
701547294 127503182
220504109 127503182
425094031 127503182
397759450 127503182
306834694 127503182
233143216 127503182
833861529 89070050
833861529 127503182
301676698 127503182
833861534 127503182
47737946 127503182
834072985 127503182
82612171 127503182
299728761 127503182
833374564 177345503
833374564 41272351
833374564 60320565
833374564 177123941
833374564 127503182
241199670 127503182
833839595 211536997
497937889 127503182
833398193 127503182
834087810 127503182
797988100 127503182
833374633 127503182
833319096 145693563
833319096 833861529
833319096 833861534
833319096 54155714
833319096 57462461
833319096 510118197
833319096 833319153
833319096 127503182
833319096 177345503
833319096 315732132
833319096 510756480
833319096 128043287
833319096 111459040
833319096 397759450
833319096 82612171
834060349 127503182
834081862 127503182
472482453 127503182
240490980 127503182
834060375 127503182
52458174 127503182
61709005 127503182
20959017 60320565
20959017 127503182
215530215 127503182
528533089 127503182
833374379 127503182
57462461 833319096
57462461 833861529
57462461 127503182
57462461 89070050
