150202483 127205666
177432326 127205666
20310465 65494529
20310465 745645132
20310465 641192253
20310465 836613953
199901605 127205666
85839912 127205666
172720850 127205666
80237883 127205666
65494529 20310465
95893221 109336137
109336137 95893221
109336137 127205666
836613953 20310465
641192253 20310465
107669437 24845889
807970417 127205666
98966272 127205666
156728234 127205666
58347261 127205666
519800733 127205666
57486193 127205666
677295229 54381632
677295229 127205666
263556706 127205666
832569493 127205666
54381632 127205666
54381632 677295229
213013871 127205666
735711628 127205666
130260432 127205666
150408550 109336137
25154149 28574819
496865733 127205666
558779444 127205666
28574819 25154149
28574819 127205666
199988175 127205666
199988175 33554437
745645132 20310465
14492710 33554437
9392758 127205666
133487700 127205666
56900129 127205666
116342475 127205666
299139205 127205666
836610878 127205666
428832913 127205666
38424830 127205666
33554437 14492710
33554437 199988175
25084363 127205666
24845889 107669437
107948506 127205666
