387736699 91790956
77702458 91790956
450267247 91790956
531131982 91790956
16982103 91790956
54304197 91790956
240399740 91790956
15850104 91790956
148717996 91790956
295468259 91790956
272366955 91790956
260820612 91790956
417287292 18527227
417287292 91790956
80482139 91790956
117886226 91790956
286613652 91790956
147973395 91790956
286560343 91790956
684326903 91790956
448000332 131234552
448000332 91790956
41601447 91790956
43319454 91790956
245513037 91790956
211540649 91790956
185788873 91790956
616549816 91790956
290894454 91790956
18527227 417287292
291156774 91790956
136648729 91790956
23562650 91790956
296328878 91790956
72103120 91790956
390953544 91790956
33156607 91790956
131234552 91790956
148879556 91790956
236908044 91790956
9697329 91790956
244875535 91790956
260932571 91790956
559794817 91790956
52025628 91790956
234378021 91790956
538445766 91790956
224460919 91790956
28083836 91790956
664796017 91790956
137491583 91790956
56924540 91790956
283659629 91790956
169127064 91790956
297468766 91790956
9844377 91790956
830207471 91790956
166800210 91790956
17061354 91790956
401385439 91790956
229076898 91790956
235922833 91790956
78909713 91790956
230940939 91790956
36102261 91790956
298022154 91790956
