625084791 421505499
57589911 152657607
7123648 601611529
749650183 833311436
733125 73223589
536009461 421505499
152857538 152685043
152857538 421505499
152657607 152565714
152657607 152914442
152657607 152432851
152657607 57589911
152657607 581887790
687040317 421505499
421505499 687040317
421505499 32898294
601611529 7123648
57829496 421505499
581887790 152657607
152564217 57847286
152564217 580893613
57847286 152657621
57847286 152564217
152914442 152839419
152914442 152581141
152914442 152657607
152565714 152657607
833311436 421505499
833311436 749650183
73223589 733125
152912857 421505499
152685043 152857538
45514054 421505499
54506585 421505499
580893613 152564217
580893613 570733233
32898294 421505499
152657621 57847286
152657621 421505499
