24253636 49746736
24253636 730495945
24253636 32898294
24253636 33180203
24253636 38636995
24253636 150098415
24253636 43937608
24253636 58155687
24253636 32484016
24253636 58381306
24253636 252043380
24253636 22254390
58266644 252043380
58266644 58381306
14794735 254993545
14794735 38636995
14794735 57652217
14794735 58381306
14794735 59847544
59188005 833315602
59188005 184789535
59188005 357564172
52389416 298840594
52389416 357564172
357564172 49238154
357564172 52572128
357564172 81379139
357564172 82411372
357564172 43937608
357564172 152934589
357564172 88644641
357564172 58151293
357564172 58155687
357564172 50634727
357564172 152920022
357564172 59188005
357564172 57444422
357564172 38636995
357564172 52389416
357564172 568181067
357564172 152505156
357564172 833315602
357564172 4818297
357564172 730495945
357564172 152603924
357564172 685612472
357564172 89084485
357564172 57605672
357564172 32898294
357564172 34199870
357564172 32484016
357564172 59847544
357564172 58317023
357564172 22254390
49240220 298840594
49240220 4799875
184789535 58381306
184789535 81379139
22254390 32484016
22254390 357564172
22254390 43937608
22254390 57605672
22254390 58381306
81379139 50634727
81379139 730495945
81379139 357564172
81379139 184789535
81379139 58381306
685612472 357564172
52572128 357564172
252043380 24253636
252043380 57444422
252043380 50634727
252043380 57652217
252043380 152934589
252043380 49238154
252043380 38636995
252043380 58266644
252043380 49746736
252043380 4799875
252043380 377281153
252043380 58381306
252043380 152920022
152731537 57444422
49238154 152934589
49238154 357564172
49238154 58381306
49238154 252043380
49238154 22254390
34199870 357564172
34199870 58381306
676012016 58381306
676012016 38636995
57652217 38636995
57652217 152934589
57652217 14794735
57652217 252043380
57652217 32484016
58155687 357564172
58155687 4799875
58155687 24253636
58155687 58381306
58155687 22254390
302891235 58381306
38636995 152934589
38636995 676012016
38636995 49746736
38636995 58266644
38636995 50634727
38636995 57652217
38636995 52389416
38636995 377281153
38636995 60326944
38636995 49238154
38636995 730495945
38636995 357564172
38636995 4799875
38636995 254993545
38636995 14794735
38636995 24253636
38636995 58381306
38636995 252043380
57605672 357564172
57605672 254993545
57605672 22254390
298832383 298840594
58317023 58381306
58317023 357564172
88644641 357564172
82411372 357564172
150098415 4799875
150098415 32484016
150098415 24253636
150098415 32898294
59847544 58381306
59847544 357564172
59847544 14794735
33180203 302891235
33180203 24253636
43937608 357564172
43937608 254993545
43937608 58381306
43937608 22254390
730495945 38636995
730495945 81379139
730495945 357564172
730495945 58381306
144736723 58381306
32484016 57652217
32484016 14794735
32484016 150098415
32484016 4799875
32484016 254993545
32484016 24253636
32484016 357564172
32484016 89084485
32484016 58381306
32484016 22254390
89084485 357564172
89084485 32484016
833315602 357564172
833315602 298840594
60326944 38636995
60326944 254993545
152688648 298840594
377281153 38636995
377281153 4799875
377281153 252043380
377281153 58381306
377281153 32898294
80759689 730495945
80759689 58381306
80759689 24253636
80759689 14794735
50634727 38636995
50634727 81379139
50634727 357564172
50634727 14794735
50634727 252043380
581356704 298840594
58368432 298840594
58368432 184789535
49746736 252043380
152920022 357564172
152920022 252043380
4799875 152934589
4799875 377281153
4799875 38636995
4799875 58155687
4799875 150098415
4799875 254993545
4799875 49240220
4799875 32484016
4799875 58381306
4799875 59847544
4799875 252043380
57444422 357564172
57444422 252043380
4818297 357564172
58381306 59847544
58381306 144736723
58381306 57444422
58381306 254993545
58381306 58266644
58381306 32484016
58381306 4799875
58381306 38636995
58381306 32898294
58381306 24253636
58381306 14794735
58381306 58155687
58381306 730495945
58381306 184789535
58381306 252043380
58381306 22254390
254993545 43937608
254993545 4799875
254993545 60326944
254993545 32484016
254993545 58381306
152934589 38636995
152934589 57652217
152934589 49238154
152934589 357564172
152934589 4799875
152934589 252043380
152505156 357564172
58151293 357564172
568181067 18594046
568181067 357564172
32898294 357564172
32898294 150098415
32898294 58381306
152603924 357564172
152603924 58381306
