618205980 128502361
618205980 25024383
618205980 127166025
618205980 152919410
618205980 57643974
618205980 107496221
113068609 111435730
113068609 127166025
113068609 295358243
836614022 127166025
295358243 113068609
295358243 127166025
685409233 127166025
128462719 57643974
128462719 127166025
127524933 127166025
44064959 127166025
95710155 127166025
152899315 25024383
152899315 127166025
152899315 152912526
836614716 127166025
210249418 101695637
210249418 127166025
210249418 145456552
210249418 57643974
210249418 57645959
336288483 127166025
215748139 127166025
54179072 127166025
73732472 127166025
582675255 127166025
836612767 127166025
145456552 57653074
145456552 25024383
145456552 127166025
145456552 57650713
145456552 57648220
145456552 57643974
145456552 57645959
145456552 210249418
145456552 31415083
145456552 107496221
145456552 58165610
148172868 127166025
368914670 127166025
111435730 127166025
515923273 127166025
582278349 127166025
50871080 127166025
50871080 670425569
145456233 25024383
145456233 127166025
145456233 128501227
145456233 57643974
145456233 57645959
145456233 31415083
145456233 107496221
152627750 127166025
130527697 127166025
58165610 127166025
58165610 145456552
58165610 57643974
58165610 57653074
57643974 152919692
57643974 57653074
57643974 145456233
57643974 25024383
57643974 127166025
57643974 152919410
57643974 57650713
57643974 145456552
57643974 16461487
57643974 26363210
57643974 128501227
57643974 57648220
57643974 618205980
57643974 57645959
57643974 57652390
57643974 210249418
57643974 31415083
57643974 534750678
57643974 128462719
57643974 107496221
57643974 58165610
57334318 127166025
810429077 127166025
152656312 127166025
152656312 57648220
25024383 152919692
25024383 51449272
25024383 145456233
25024383 152912526
25024383 152919410
25024383 145456552
25024383 128501227
25024383 75011322
25024383 618205980
25024383 57643974
25024383 163259536
25024383 57645959
25024383 26363210
25024383 127166025
25024383 31415083
25024383 152899315
25024383 57648220
25024383 152627750
25024383 57653074
25024383 57650713
25024383 107496221
353156307 127166025
54470214 127166025
16461487 57643974
16461487 57645959
16461487 127166025
236183446 127166025
581729173 127166025
57652390 128501227
57652390 57643974
57652390 127166025
57652390 31415083
51449272 25024383
51449272 127166025
51449272 57648220
580907561 127166025
43642555 127166025
27412491 127166025
624389491 127166025
534750678 127166025
534750678 57643974
128502361 618205980
128502361 127166025
45423267 127166025
152502003 127166025
670425569 127166025
163259536 25024383
163259536 127166025
31415083 145456233
31415083 145456552
31415083 128501227
31415083 57643974
31415083 152906680
31415083 25024383
31415083 127166025
31415083 57653074
31415083 107496221
152919692 25024383
152919692 127166025
152919692 128501227
152919692 57643974
207069988 127166025
634502840 127166025
57645959 145456233
57645959 152912526
57645959 145456552
57645959 128501227
57645959 57643974
57645959 210249418
57645959 16461487
57645959 25024383
57645959 127166025
57645959 57648220
152919410 25024383
152919410 127166025
152919410 128501227
152919410 57643974
228956452 127166025
152619834 127166025
152619834 57648220
101695637 127166025
101695637 210249418
139783759 127166025
57648220 152619834
57648220 152912526
57648220 145456552
57648220 128501227
57648220 57643974
57648220 57645959
57648220 25024383
57648220 26363210
57648220 127166025
57648220 107496221
605468168 127166025
135878371 127166025
11920459 127166025
833336710 127166025
761283023 127166025
26321802 127166025
756793141 127166025
152912526 25024383
152912526 127166025
152912526 152919410
152912526 128501227
152912526 57648220
152912526 57645959
152912526 152899315
833380029 127166025
54233034 127166025
107496221 128501227
107496221 127166025
107496221 57648220
107496221 57653074
107496221 145456552
107496221 57643974
107496221 618205980
107496221 145456233
107496221 25024383
107496221 31415083
357467650 127166025
581430658 127166025
836614270 127166025
152906680 127166025
152906680 31415083
128501227 152919692
128501227 57653074
128501227 145456233
128501227 25024383
128501227 127166025
128501227 152912526
128501227 152919410
128501227 57648220
128501227 57643974
128501227 57645959
128501227 57652390
128501227 31415083
128501227 107496221
57650713 145456552
57650713 57643974
57650713 127166025
57650713 57653074
57650713 25024383
57653074 145456552
57653074 128501227
57653074 111435730
57653074 57650713
57653074 25024383
57653074 127166025
57653074 31415083
57653074 107496221
57653074 58165610
581431377 127166025
75011322 25024383
75011322 127166025
172520140 127166025
26363210 25024383
26363210 127166025
26363210 57648220
