130947735 127374287
130947735 137421850
130947735 129681809
130947735 218520221
218520221 127374287
218520221 137421850
218520221 130947735
218520221 129681809
78115617 129681809
634176295 127374287
129681809 137421850
129681809 218520221
129681809 127287784
129681809 130947735
836613967 127374287
836613967 129681809
113609778 127374287
113609778 137421850
113609778 129681809
113609778 218520221
113609778 127287784
113609778 130947735
137421850 127374287
137421850 130947735
137421850 218520221
137421850 129681809
138415682 129681809
138415682 127287784
127374287 130947735
127374287 127287784
127374287 218520221
127374287 129681809
127374287 137421850
95860186 129681809
127287784 137421850
127287784 129681809
127287784 130947735
90535669 137421850
90535669 129681809
90535669 218520221
90535669 130947735
