4354327 127191362
179519445 27512359
208425708 130937536
208425708 300182681
208425708 3255712
208425708 225770319
103311522 130937536
103311522 3255712
103311522 225770319
129575995 127191362
257893631 807652026
257893631 130937536
257893631 4354327
257893631 127191362
3255712 130937536
3255712 4354327
3255712 300182681
3255712 65220081
3255712 208425708
3255712 9443766
3255712 37446153
3255712 127191362
3255712 103311522
3255712 225770319
650211000 127191362
32270181 127191362
273423578 127191362
4731034 130937536
4731034 4093857
4731034 27512359
4731034 37446153
298851778 807652026
298851778 257893631
52514424 4354327
52514424 300182681
52514424 127191362
300182681 130937536
300182681 4354327
300182681 37446153
300182681 225770319
82580733 127191362
50636512 4354327
50636512 127191362
9443766 65220081
9443766 3255712
9443766 60558511
27512359 4731034
27512359 179519445
112933620 130937536
112933620 4354327
4937357 4354327
28180176 127191362
65220081 4354327
65220081 127191362
65220081 73378672
130937536 300182681
130937536 3255712
130937536 60558511
130937536 208425708
130937536 37446153
130937536 103311522
130937536 225770319
130937536 257893631
73378672 4354327
37446153 130937536
37446153 4731034
37446153 300182681
37446153 3255712
37446153 60558511
37446153 208425708
37446153 225770319
128692032 127191362
34204991 300182681
34204991 127191362
225770319 130937536
225770319 300182681
225770319 3255712
225770319 37446153
4093857 4731034
60558511 130937536
60558511 9443766
60558511 37446153
60558511 127191362
32632116 127191362
807652026 127191362
