733957187 122383188
217142646 122383188
217142646 299460313
217142646 217126835
807138439 122383188
212696083 122383188
84861364 442187584
84861364 122383188
67932869 122383188
453924612 122383188
159844080 709634508
159844080 122383188
369061666 122383188
820185458 833305195
820185458 57468058
144529828 122383188
212933336 122383188
31759693 122383188
49263139 122383188
820178067 122383188
164382375 122383188
57468058 421460817
57468058 820181426
57468058 661506188
57468058 833305195
57468058 107416428
57468058 820185458
57468058 122383188
479355595 122383188
709634508 159844080
709634508 122383188
836611998 122383188
144525659 122383188
421460817 154977574
52584233 122383188
131833959 122383188
45010119 709634508
45010119 122383188
45010119 833823709
164445190 836613212
164445190 122383188
448851148 122383188
364104801 168227594
364104801 122383188
399635457 168227594
399635457 164204829
399635457 122383188
58300991 833305195
58300991 820185458
58300991 122383188
450492714 217126835
33367698 122383188
142825574 122383188
217126835 217142646
217126835 450492714
217126835 122383188
162758160 122383188
154977574 421460817
154977574 107416428
154977574 122383188
154977574 450459437
299193585 122383188
299193585 388364616
833305195 57468058
833305195 820185458
183385040 122383188
164204829 122383188
164204829 399635457
528367533 603537466
528367533 122383188
528367533 836613165
836613212 164445190
702382491 299460313
702382491 820181426
702382491 168227594
702382491 122383188
702382491 261850544
58281883 168227594
58281883 122383188
136494783 122383188
107416428 57468058
107416428 154977574
65536542 122383188
129775575 122383188
388364616 122383188
24448944 833463964
24448944 122383188
756559062 122383188
154984108 122383188
478044850 122383188
130082480 122383188
299460313 217142646
299460313 702382491
299460313 122383188
661506188 57468058
661506188 122383188
442187584 699202123
442187584 84861364
122383188 733957187
122383188 217142646
122383188 58281883
122383188 212696083
122383188 261850544
122383188 164204829
122383188 388364616
133883328 122383188
261850544 122383188
261850544 702382491
699202123 442187584
820181426 57468058
820181426 702382491
450459437 122383188
450459437 154977574
672354915 122383188
179066758 122383188
67705646 122383188
242243820 217126835
242243820 122383188
168227594 58281883
168227594 364104801
168227594 399635457
168227594 702382491
700999030 122383188
802028029 122383188
97369555 122383188
132053593 122383188
235108022 388364616
235108022 122383188
820189310 122383188
2668885 122383188
223632157 122383188
836613165 528367533
834606908 122383188
166653142 122383188
603537466 122383188
603537466 528367533
497808522 122383188
833823709 122383188
833823709 45010119
