115313847 23788499
58418032 23788499
58418032 115313847
212793717 23788499
212793717 135613219
212793717 33552770
212793717 163901670
251835805 23788499
49333409 23788499
54596744 23788499
138922774 23788499
156507621 23788499
135613219 212793717
836613643 23788499
314454473 23788499
58271779 23788499
32381295 23788499
259716928 240333831
259716928 23788499
604119663 23788499
29466172 23788499
15160466 23788499
217134497 23788499
61770120 23788499
33552770 240333831
33552770 23788499
33552770 115313847
580780070 23788499
240333831 33552770
240333831 23788499
452380866 23788499
45006747 23788499
163901670 23788499
