582016988 127197238
581080708 127197238
152574748 127197238
39948575 127197238
23253433 83914328
23253433 127197238
298835141 127197238
581128847 127197238
582667910 127197238
370839224 127197238
538362801 127197238
581552344 57650325
581552344 23253433
581552344 127197238
152957479 127197238
152957479 152919660
57609669 127197238
57645852 57643715
57645852 127197238
57645852 152919660
210208404 58099039
210208404 57650522
210208404 127197238
582880348 127197238
152577127 57650325
152577127 140561314
152577127 57651666
152577127 127197238
580938944 127197238
83914328 3218184
83914328 127197238
152892735 132019379
152892735 34490206
152892735 127197238
152892735 152919660
581091961 127197238
148727022 26995698
148727022 127197238
109114987 3218184
109114987 127197238
109114987 152919660
50856264 127197238
3218184 109114987
3218184 83914328
3218184 23253433
3218184 34490206
3218184 152904585
3218184 37179973
3218184 31415083
3218184 130009574
3218184 58099039
3218184 127197238
581591275 127197238
582816451 127197238
57650522 127197238
152919660 152957479
152919660 109114987
152919660 152892735
152919660 57645852
152919660 127197238
582383386 127197238
152619920 58099039
152619920 31415083
152619920 127197238
210191136 152657856
210191136 57650325
210191136 58099039
210191136 127197238
581488787 127197238
582248362 127197238
152904585 34490206
152904585 3218184
152904585 127197238
581107406 127197238
147840325 127197238
581113613 127197238
19134471 127197238
582547368 127197238
581671906 127197238
582604808 127197238
582507357 127197238
581729173 127197238
57650325 210191136
57650325 581552344
57650325 152577127
57650325 34490206
57650325 127197238
300397362 127197238
155902016 127197238
34490206 57643715
34490206 152904585
34490206 57650325
34490206 3218184
34490206 37179973
34490206 31415083
34490206 152892735
34490206 127197238
132019379 152892735
132019379 127197238
757227540 31415083
57643715 58099039
57643715 34490206
57643715 57645852
57643715 127197238
102042099 127197238
421510034 57651666
421510034 127197238
152574694 127197238
166491403 127197238
582568559 127197238
581177311 127197238
37179973 34490206
37179973 3218184
37179973 127197238
31415083 210208404
31415083 130009574
31415083 109114987
31415083 757227540
31415083 152619920
31415083 34490206
31415083 57650522
31415083 3218184
31415083 58099039
31415083 127197238
581076668 127197238
581654653 127197238
313325204 127197238
210191812 127197238
581136011 127197238
58099039 210208404
58099039 210191136
58099039 57643715
58099039 152619920
58099039 31415083
58099039 127197238
581368357 127197238
581361330 127197238
582756343 127197238
140561314 127197238
152657856 210191136
152657856 127197238
38473309 127197238
580938123 127197238
58108837 127197238
581179337 127197238
57651666 152577127
57651666 127197238
26995698 148727022
474541604 127197238
