58265014 57601996
58265014 25915567
58265014 58161244
152543446 57601996
834161492 57601996
152941082 152808010
152941082 81481224
152941082 14613178
152941082 57601996
152941082 25915567
565801347 57601996
565801347 57483981
565801347 25915567
152699999 57601996
152602069 57601996
152876824 57601996
152876824 152733194
127764526 21720198
127764526 4249740
127764526 57643274
127764526 565801347
127764526 57644480
127764526 81881691
127764526 152904770
127764526 57601996
127764526 81468842
127764526 49320421
131108500 152783648
131108500 57601996
4249740 565801347
4249740 57601996
4249740 57643274
4249740 127764526
45810623 57601996
40480529 57601996
40480529 25915567
57439140 57601996
152941850 57601996
152941850 25915567
81881691 81468842
81881691 152733194
81881691 152661375
81881691 57644480
81881691 57652451
81881691 57601996
81881691 57643274
81881691 127764526
81881691 49320421
152913788 57601996
14613178 152941082
14613178 57601996
14613178 25915567
152723451 57601996
528381429 57601996
49320421 57644480
49320421 81468842
49320421 81881691
49320421 127764526
49320421 57601996
49320421 152733194
49320421 152876824
152533713 57601996
152533713 25915567
57653079 152723451
57653079 565801347
57653079 152904770
57653079 57601996
57653079 57644480
57653079 25915567
152733194 81881691
152733194 81468842
152733194 57643274
152733194 152876824
152733194 49320421
81481224 57601996
217119877 57601996
152582123 57601996
81468842 81881691
81468842 57644480
81468842 57652451
81468842 152733194
81468842 57643274
81468842 127764526
81468842 49320421
135681398 57601996
79041217 155818506
79041217 57601996
200023297 57601996
131196344 57601996
131196344 25915567
152661375 81881691
152620498 57601996
152620498 25915567
57348562 25915567
57348562 81481224
57348562 57601996
152904770 57653079
152904770 57601996
152904770 127764526
50649344 152783648
50649344 57601996
215749361 57601996
215749361 57643274
152662170 57601996
57483981 565801347
57483981 57601996
57483981 25915567
83619907 57601996
152883020 57601996
599399120 25915567
599399120 57601996
152929407 57601996
58161244 57601996
58161244 25915567
152889488 57601996
52576821 40480529
57601996 565801347
57601996 25915567
57601996 57643274
58104202 57601996
58104202 25915567
152882879 57601996
152882879 57652451
152701920 58265014
152701920 57601996
154891856 57601996
25915567 57478672
25915567 81481224
25915567 152620498
25915567 58161244
25915567 57601996
25915567 152783648
25915567 40480529
25915567 58265014
102456514 57601996
152623025 57601996
58148894 57601996
58111838 57601996
139647620 57601996
57478672 57601996
57478672 25915567
223772258 57601996
152572402 57601996
57644480 57653079
57644480 81468842
57644480 81881691
57644480 57601996
57644480 25915567
57644480 57643274
57644480 127764526
57644480 49320421
836610466 57601996
152784315 81881691
152784315 57601996
152784315 152662170
152566870 57601996
152603899 81481224
152603899 57601996
152603899 127764526
57643274 21720198
57643274 81468842
57643274 4249740
57643274 81881691
57643274 152733194
57643274 57644480
57643274 215749361
57643274 57601996
57643274 58161244
57643274 57652451
57643274 127764526
152937590 58161244
152937590 57601996
129985323 25915567
129985323 57601996
152662285 57601996
52582630 58161244
52582630 57601996
52582630 25915567
152808010 152941082
152808010 57601996
106805375 57601996
106805375 152783648
58417368 57652451
58417368 57601996
57652451 152882879
57652451 81468842
57652451 81881691
57652451 58417368
57652451 57601996
57652451 57643274
581569207 25915567
581569207 57601996
152783648 131108500
152783648 58257231
152783648 57601996
152783648 152662170
152783648 106805375
58330712 25915567
58330712 57601996
298838640 57601996
152567419 57601996
21720198 57601996
21720198 57643274
21720198 127764526
152714302 57601996
58400265 57601996
