65802866 127167266
741032476 127167266
160856629 127167266
142696598 140000780
198434807 140000780
55244870 127167266
212796421 403653142
58146865 127167266
58146865 532584752
302305604 140000780
401623978 140000780
49067319 127167266
12267647 22060113
480436067 127167266
57380622 127167266
90059455 177819461
64664732 127167266
152220408 177819461
152220408 404356415
177819461 90059455
177819461 152220408
177819461 447856104
79138873 127167266
199822006 127167266
18977450 127167266
302339978 532584752
265736032 127167266
501183235 140000780
35667303 532584752
22060113 31905497
31905497 22060113
64689613 127167266
403653142 212796421
211474097 44726940
447856104 177819461
44726940 211474097
532584752 35667303
404356415 152220408
