5179503 127168091
50901028 127168091
19818758 127168091
135727564 127168091
110951759 127168091
534754725 127168091
8238413 127168091
219765779 127168091
50866955 127168091
120121222 127168091
300223968 127168091
60337796 80620637
60337796 127168091
60337796 64873961
60337796 128364708
156190013 127168091
364906729 127168091
450134740 127168091
128364708 127168091
416876160 127168091
84378850 127168091
268495303 127168091
149294161 127168091
59694204 127168091
133181090 127168091
123131170 127168091
140579405 127168091
219772050 127168091
40108819 127168091
199906382 127168091
148440437 127168091
54252117 127168091
832038884 127168091
108332879 127168091
159909055 127168091
159909055 35459849
26755880 127168091
51818365 127168091
64873961 127168091
217162832 127168091
67719893 127168091
78339540 127168091
55891300 127168091
144698967 127168091
54632239 127168091
836612909 127168091
221037357 127168091
82531646 127168091
54152722 127168091
130082345 111418925
80620637 60337796
80620637 127168091
38244060 127168091
448381457 127168091
39266571 127168091
293849462 127168091
211870291 127168091
54237189 127168091
181907127 127168091
12217903 127168091
31204662 127168091
32916614 127168091
111418925 130082345
262850272 127168091
