112762178 34133517
667975514 34133517
62293061 34133517
172710699 34133517
164621160 34133517
152456498 34133517
141540512 34133517
137523688 34133517
263976225 34133517
529331748 34133517
570989622 34133517
134002533 47672675
134002533 12455237
134002533 34133517
134002533 127290077
134002533 128690453
233376840 34133517
365748244 34133517
42087578 12455237
836613118 671622591
790652386 34133517
216103460 12455237
99087664 34133517
729298496 34133517
268320805 34133517
362947259 34133517
49722487 34133517
481486593 34133517
16702404 34133517
209844242 34133517
691989182 134104351
691989182 223818564
543712366 34133517
303923898 34133517
150412714 34133517
12455237 47672675
12455237 134002533
12455237 34133517
12455237 127290077
12455237 128690453
566375692 34133517
376492346 34133517
50874478 34133517
128690453 47672675
128690453 134002533
128690453 12455237
128690453 34133517
128690453 127290077
133678751 12455237
133678751 34133517
101306164 34133517
517418171 34133517
82667755 34133517
778096687 34133517
167448821 34133517
245592102 34133517
132015907 34133517
92224745 34133517
34133517 128650525
34133517 47672675
34133517 134002533
34133517 12455237
34133517 82667755
34133517 127290077
34133517 16702404
34133517 128690453
34133517 81841215
34133517 50874478
34133517 245592102
245464417 34133517
519693727 34133517
644723633 34133517
511194629 34133517
307834062 34133517
47672675 134002533
47672675 12455237
47672675 34133517
47672675 127290077
47672675 128690453
128650525 34133517
349935382 34133517
546180753 34133517
51449357 34133517
134104351 691989182
671622591 836613118
132469830 34133517
223818564 691989182
69582637 34133517
28988851 128650525
127290077 128650525
127290077 47672675
127290077 134002533
127290077 12455237
127290077 34133517
127290077 128690453
19411164 34133517
81841215 34133517
269673975 34133517
582103654 34133517
204656606 12455237
204656606 34133517
166716093 34133517
51727747 34133517
110372507 34133517
648795703 34133517
