199922935 38295236
200054681 38295236
33114161 127414033
33114161 30491054
145684898 38295236
138120137 127195711
138120137 38295236
138120137 128268142
138120137 127414033
140071808 20747089
140071808 127205007
140071808 38295236
38295236 127195711
38295236 60911515
38295236 224641678
38295236 139118650
38295236 31738442
38295236 128268142
38295236 93313533
38295236 127414033
38295236 128821985
38295236 24196588
127414033 31738442
127414033 38295236
127195711 38295236
127195711 128268142
60911515 38295236
51709228 60144503
364224975 38295236
20434553 38295236
6352255 84562005
6352255 144814825
34080041 50207283
34080041 7349966
34080041 38295236
45223080 38295236
45223080 93313533
75363764 38295236
75363764 140071808
75363764 127414033
75363764 24196588
128521683 38295236
128521683 127414033
128521683 37126997
115324792 84562005
225326029 38295236
60144503 38295236
84562005 6352255
84562005 127195711
84562005 115324792
84562005 38295236
84562005 128268142
84562005 127414033
84562005 144814825
84562005 14944453
55940578 38295236
93313533 224641678
93313533 30497422
93313533 31738442
93313533 38295236
93313533 37327173
93313533 61241016
224569616 38295236
128252990 38295236
128252990 93313533
52389682 38295236
128821985 127205007
128821985 38295236
128821985 127414033
26365329 5471354
139118650 38295236
33293144 38295236
33293144 127414033
33293144 19582487
320398694 38295236
30571000 127205007
30571000 38295236
30571000 37327173
61241016 93313533
30497422 20747089
30497422 127205007
30497422 38295236
30497422 93313533
30497422 37327173
30497422 127414033
30497422 30571000
30497422 24196588
30497422 224641678
84200481 93313533
48814597 38295236
48814597 24196588
48814597 5471354
75376249 60144503
75376249 11296647
75376249 38295236
75376249 127414033
58008872 38295236
33213217 38295236
26604886 38295236
26604886 127414033
14944453 127195711
14944453 38295236
14944453 84562005
21359031 38295236
21359031 127414033
11620235 38295236
11620235 5471354
50207283 31738442
50207283 38295236
50207283 127414033
45020533 127414033
45020533 38295236
49057494 38295236
49057494 127414033
31738442 127205007
31738442 139118650
31738442 38295236
31738442 127414033
31738442 128821985
30491054 38295236
30491054 127414033
30491054 33114161
215763007 224641678
215763007 38295236
21865051 38295236
21865051 127414033
79966877 26095147
79966877 38295236
79966877 26604886
11296647 38295236
7349966 38295236
7349966 128268142
7349966 34080041
128268142 127195711
128268142 38295236
128268142 127414033
128268142 138120137
33039011 38295236
104631219 38295236
104631219 127414033
37327173 20747089
37327173 38295236
37327173 93313533
37327173 127414033
37327173 30571000
37327173 128821985
50869453 38295236
156306473 20747089
156306473 127205007
156306473 139118650
156306473 38295236
156306473 128821985
58488737 298831428
36626472 38295236
69382194 38295236
44202472 127414033
50860223 38295236
50860223 24196588
132565424 38295236
54260608 38295236
31187583 38295236
31187583 127414033
8962309 38295236
144814825 6352255
144814825 84562005
20747089 127205007
20747089 38295236
20747089 93313533
20747089 140071808
20747089 37327173
20747089 24196588
20747089 5471354
24614931 38295236
24614931 93313533
19582487 33293144
14323073 38295236
5471354 31738442
5471354 38295236
5471354 156306473
5471354 127414033
5471354 11620235
5471354 224641678
127205007 31738442
127205007 38295236
127205007 140071808
127205007 128821985
28670554 38295236
24196588 20747089
24196588 38295236
24196588 93313533
24196588 127414033
26095147 200054681
26095147 38295236
26095147 93313533
26095147 127414033
26095147 508908705
67009346 38295236
24785163 38295236
15656450 38295236
15656450 93313533
50860508 224641678
50860508 38295236
50860508 127414033
