833813656 127503182
277407120 127503182
363403356 127503182
363403356 299585197
363403356 823382850
209981122 510446760
209981122 90540249
209981122 833319096
209981122 127503182
209981122 823382850
209981122 123136734
209981122 60320565
209981122 833319148
209981122 521869609
209981122 363402352
209981122 476585597
209981122 100608403
299585197 363403356
299585197 127503182
299585197 521869428
694774706 476585597
694774706 833319148
694774706 521869428
694774706 127503182
694774706 833319096
833319148 127503182
95751505 127503182
199985705 127503182
199985705 833319096
114984848 127503182
114984848 100608403
833813657 833319148
833813657 127503182
823382850 100608403
823382850 209981122
823382850 127503182
823382850 833967426
823382850 363403356
834094565 127503182
833374133 127503182
830887260 127503182
833967426 127503182
833967426 833861529
103553399 127503182
128098337 127503182
833371782 127503182
834061075 127503182
52682444 521869609
52682444 127503182
452372264 833319148
452372264 127503182
241346097 127503182
834080783 127503182
167688825 127503182
60320565 100608403
60320565 476585597
60320565 363402352
60320565 209981122
60320565 521869609
60320565 833319148
60320565 547215516
60320565 833861529
60320565 833967426
60320565 127503182
60320565 823382850
60320565 123136734
834062312 127503182
144757435 127503182
134653524 127503182
134653524 700924049
834100855 127503182
111459040 833319096
111459040 127503182
111459040 103553399
814168622 127503182
298849795 833398193
298849795 833319096
298849795 127503182
298849795 363402352
834108938 127503182
177131774 127503182
834089857 127503182
833374550 127503182
497753919 127503182
12611693 127503182
377309209 127503182
510756480 127503182
497994145 127503182
834064483 127503182
521869428 211543827
521869428 127503182
521869428 694774706
521869428 299585197
521869428 363402352
521869428 298849795
834069536 127503182
94391543 127503182
700924049 833813660
700924049 833813657
700924049 52682444
700924049 833813656
700924049 127503182
700924049 833374550
700924049 476585597
700924049 510446760
700924049 134653524
700924049 541059434
217225845 127503182
833813660 127503182
397759450 127503182
133192191 127503182
510446760 127503182
510446760 476585597
510446760 833398193
834062562 127503182
833861529 833967426
833861529 127503182
363402352 127503182
363402352 60320565
363402352 521869428
363402352 833319148
363402352 298849795
363402352 476585597
16804292 833319096
16804292 127503182
16804292 833319148
219801399 127503182
82612171 127503182
521869609 363403356
521869609 833861529
521869609 833967426
521869609 127503182
521869609 510756480
521869609 100608403
211543827 127503182
211543827 521869428
123136734 510446760
123136734 833861529
123136734 127503182
123136734 823382850
123136734 833319148
100608403 510446760
100608403 114984848
100608403 90540249
100608403 363403356
100608403 94391543
100608403 177131774
100608403 833861529
100608403 833967426
100608403 127503182
100608403 510756480
100608403 823382850
100608403 60320565
100608403 833319148
100608403 521869609
100608403 209981122
177084190 127503182
177112333 127503182
421462445 127503182
445536519 127503182
833398193 547215516
833398193 127503182
833398193 510446760
833319096 833371782
833319096 833374550
833319096 833861529
833319096 209981122
833319096 199985705
833319096 833319148
833319096 277407120
833319096 833813660
833319096 582939916
833319096 95751505
833319096 127503182
833319096 823382850
833319096 298849795
833319096 833813656
833319096 510756480
833319096 694774706
833319096 16804292
833319096 217225845
833319096 111459040
833319096 397759450
833319096 90540249
833319096 82612171
211523967 127503182
711993591 127503182
711993591 833319148
834092334 127503182
476585597 510446760
476585597 127503182
476585597 833319148
476585597 694774706
476585597 209981122
476585597 363402352
834061073 834061075
834061073 127503182
547215516 127503182
547215516 833398193
62212676 127503182
60324110 127503182
426983930 127503182
244328278 127503182
694739509 127503182
130372006 127503182
363842082 127503182
582939916 127503182
541059434 700924049
541059434 127503182
