14160188 127431426
14160188 27082086
14160188 130700996
14160188 215968653
31868315 127431426
31868315 27082086
31868315 128684455
31868315 137584009
71383960 137584009
261660714 137584009
261660714 128684455
261660714 27082086
137584009 27082086
137584009 128684455
107659232 127431426
107659232 14160188
387736938 27082086
5158349 127431426
5158349 27082086
5158349 14160188
722971444 27082086
201516459 27082086
201516459 137584009
130700996 27082086
130700996 14160188
215968653 27082086
215968653 14160188
256630831 127431426
169183291 27082086
169183291 261660714
169183291 128684455
169183291 137584009
670313315 27082086
670313315 128684455
670313315 137584009
160301743 27082086
160301743 261660714
160301743 137584009
160301743 128684455
61967404 27082086
128684455 27082086
128684455 137584009
148396887 836613835
199906552 27082086
171136173 27082086
171136173 261660714
171136173 137584009
49278062 27082086
49278062 137584009
228078985 27082086
127431426 14160188
127431426 256630831
201229034 137584009
201229034 261660714
44498056 27082086
44498056 137584009
129166296 27082086
129166296 137584009
27082086 139467121
27082086 14160188
27082086 128684455
27082086 137584009
836613835 261660714
836613835 148396887
139467121 27082086
37603457 27082086
37603457 14160188
37603457 128684455
37603457 137584009
611449333 27082086
611449333 261660714
