57158312 21542360
204783301 300872443
204783301 72153462
204783301 21542360
204783301 128105466
9499708 51771917
128726219 127215883
694608546 21542360
273411271 21542360
8443101 21542360
109148234 178023524
109148234 21542360
107280916 51771917
355598261 21542360
35975586 21542360
643349449 51771917
643349449 103311685
45493410 21542360
265038592 300872443
265038592 128105466
300872443 51771917
300872443 72153462
300872443 40763891
300872443 204783301
300872443 128105466
175808982 21542360
72591389 21542360
98827451 84564630
98827451 204783301
98827451 128105466
98827451 128734342
98827451 103311685
98827451 72150149
98827451 21542360
98827451 128424336
198456981 21542360
457628668 21542360
323771331 51771917
36285075 694608546
103311685 128734342
178023524 127215883
82265173 127215883
82265173 40763891
82265173 128726219
82265173 36146064
82265173 21542360
82265173 639982459
26871361 127215883
26871361 21542360
128105466 300872443
128105466 98827451
128105466 265038592
1229521 127215883
1229521 694608546
1229521 128852648
1229521 21542360
836613701 21542360
128852648 103311685
128852648 21542360
128852648 128424336
104940988 128852648
36146064 127215883
36146064 82265173
54609587 128734342
54609587 103311685
54609587 128852648
54609587 128424336
54610241 300872443
54610241 35975586
195387372 21542360
40763891 127215883
40763891 51771917
40763891 300872443
40763891 72153462
40763891 54610241
40763891 82265173
40763891 204783301
126835949 21542360
302239580 21542360
744148122 21542360
128424336 128852648
38657937 694608546
72153462 300872443
72153462 21542360
84564630 98827451
112337602 21542360
259336973 21542360
766849576 51771917
766849576 21542360
344246369 127215883
128734342 103311685
457679072 21542360
457679072 388999888
730458793 21542360
258132584 21542360
34413295 128105466
79526208 127215883
