108826803 129695033
23580091 127205666
172720850 127205666
13714447 127205666
213236837 127205666
199997712 127205666
137025810 127205666
34934360 127205666
169530520 127205666
169530520 56900129
82127882 23006087
301348889 127205666
606842447 127205666
215709395 127205666
215709395 218729818
83079652 127205666
9357811 64643359
30585011 127205666
51807739 127205666
46331001 127205666
558779444 127205666
531955833 127205666
26901877 127205666
218729818 127205666
218729818 215709395
536092608 127205666
9392758 127205666
30810031 127205666
461812479 127205666
57490286 127205666
57490286 92366616
58330794 127205666
56900129 169530520
56900129 127205666
601957945 127205666
268782966 127205666
40390831 127205666
200020234 127205666
23006087 82127882
24301220 127205666
518872803 16724230
199998961 127205666
442176098 127205666
687039334 127205666
50652677 127205666
57490552 16724230
652991382 127205666
212624942 127205666
64643359 9357811
120100358 127205666
95670044 127205666
