32517685 83216099
32517685 82612141
37664567 127172938
60486758 127172938
16844123 127172938
49397983 127172938
50897440 127172938
299371752 127172938
52163381 139826937
52163381 35573990
52163381 67521403
52163381 127172938
52223017 152474956
52223017 127172938
225772560 127172938
4474208 65335521
4474208 134131051
6078281 127172938
126806800 127172938
107496225 67521403
61272410 127172938
80546948 127172938
45049031 142801735
45049031 127172938
83738268 65335521
82612141 32517685
45044544 127172938
47683618 127172938
102913867 127172938
231214223 127172938
112810405 138089392
112810405 127172938
28025600 127172938
49246053 127172938
49471067 127172938
41703149 127172938
17763307 127172938
35573990 64879863
35573990 12250707
35573990 52163381
229023123 127172938
65335521 4474208
65335521 83738268
229011113 127172938
602007787 127172938
128449622 67521403
128449622 127172938
210230582 127172938
97137276 127172938
97137276 2327954
230984738 127172938
12826956 127172938
142801735 127172938
38089753 67521403
601669188 127172938
812537641 127172938
7125818 127172938
99642302 127172938
299324477 127172938
162816132 127172938
231094256 127172938
118331335 127172938
299122180 127172938
47921705 127172938
58133768 127172938
139826937 67521403
139826937 127172938
139826937 52163381
59976737 99642302
59976737 127172938
308237925 127172938
91777486 127172938
697482196 127172938
152474956 52223017
152474956 93826244
210235855 127172938
58103987 127172938
166924018 127172938
12250707 35573990
12250707 127172938
93826244 67521403
93826244 127172938
93826244 152474956
83216099 65335521
83216099 32517685
83216099 127172938
83216099 2327954
67521403 298830502
67521403 52223017
67521403 139826937
67521403 38089753
67521403 128449622
67521403 107496225
67521403 127172938
67521403 197904674
67521403 52163381
67521403 93826244
138089392 127172938
298830502 67521403
155869529 127172938
302891164 127172938
215768196 127172938
142992884 127172938
