212435008 128543412
44519280 128543412
44519280 71299523
44519280 8069212
231088136 128543412
44988898 8952491
44988898 48741032
44988898 128543412
44988898 49069139
68949976 128543412
68949976 5685599
65308637 32293105
65308637 44527324
45061569 128543412
45061569 231137122
45061569 45224010
45061569 65363523
174735367 128543412
50642929 128543412
50642929 49069139
50642929 50862622
50642929 31579996
7566166 128543412
7566166 302910436
48715421 128543412
48715421 45224010
48715421 45223499
48715421 5685599
44188639 128543412
44188639 5685599
225391188 128543412
31579996 155180438
31579996 128543412
31579996 49069139
31579996 50862622
31579996 45223499
31579996 5685599
44986386 49069139
44986386 8069212
18095565 8952491
18095565 128543412
18095565 57456190
18095565 49069139
18095565 23057022
18095565 45223499
18095565 5685599
18095565 65363523
43809656 128543412
43809656 49069139
26344672 128543412
48741032 50861296
48741032 155180438
48741032 128543412
48741032 231137122
48741032 8069212
48741032 45224010
48741032 45223499
48741032 44988898
48741032 5685599
50861296 231094064
50861296 48741032
50861296 128543412
50861296 357646577
50861296 27460014
50861296 302910436
49069139 96198978
49069139 8952491
49069139 50859391
49069139 26861360
49069139 49066982
49069139 18095565
49069139 155180438
49069139 91692310
49069139 128543412
49069139 48693318
49069139 44986386
49069139 8069212
49069139 50642929
49069139 44759173
49069139 43809656
49069139 45224010
49069139 45223499
49069139 44988898
49069139 5685599
49069139 31579996
49069139 155572532
49069139 65363523
49069139 40030202
49066982 8952491
49066982 155180438
49066982 49069139
49066982 8069212
49066982 45224010
49066982 45223499
49066982 5685599
57475848 128543412
57358872 8069212
49063431 128543412
49063431 45224010
49063431 5685599
49063431 65363523
695936670 27460014
333929640 128543412
44527324 128543412
44527324 26861360
44527324 155572532
44527324 27460014
44527324 5685599
44527324 65363523
48581349 128543412
64862856 26861360
64862856 44499731
64862856 128543412
64862856 302910436
64862856 5685599
64862856 155572532
64862856 65363523
26861360 50859391
26861360 155180438
26861360 64862856
26861360 49069139
26861360 8069212
26861360 23057022
26861360 26370665
26861360 45224010
26861360 5685599
26861360 65363523
26861360 44527324
32293105 128543412
32293105 27460014
50859391 26861360
50859391 128543412
50859391 49069139
50859391 8069212
50859391 27460014
49678719 128543412
49678719 45223499
49047686 44499731
49047686 128543412
49047686 302910436
49047686 8069212
49047686 5685599
91692310 128543412
91692310 49069139
91692310 71299523
91692310 45224010
91692310 50862622
91692310 8069212
91692310 40030202
56345696 128543412
45224010 49063431
45224010 96198978
45224010 8952491
45224010 45061569
45224010 26861360
45224010 49066982
45224010 48741032
45224010 48715421
45224010 43926536
45224010 155180438
45224010 91692310
45224010 44499731
45224010 231137122
45224010 49069139
45224010 230935989
45224010 8069212
45224010 44759173
45224010 50862622
45224010 45223499
45224010 48717543
45224010 5685599
45224010 27460014
45224010 65363523
45224010 40030202
48717543 128543412
48717543 302910436
48717543 45224010
48717543 5685599
48717543 27460014
48717543 65363523
82439356 26861360
82439356 128543412
82439356 32293105
82439356 49047174
82439356 48693318
82439356 5685599
82439356 40030202
27460014 231094064
27460014 50861296
27460014 128543412
27460014 302910436
27460014 45224010
27460014 5685599
27460014 357646577
27460014 65363523
160300450 155180438
160300450 45223499
160300450 40030202
357646577 50861296
357646577 128543412
357646577 132040554
357646577 27460014
357646577 302910436
132040554 128543412
132040554 5685599
230935989 45224010
96198978 49069139
96198978 45224010
155180438 26861360
155180438 49066982
155180438 48741032
155180438 128543412
155180438 49069139
155180438 160300450
155180438 8069212
155180438 26370665
155180438 45224010
155180438 50862622
155180438 5685599
155180438 31579996
155180438 65363523
52446050 128543412
5685599 49063431
5685599 8952491
5685599 26861360
5685599 44188639
5685599 49066982
5685599 18095565
5685599 48741032
5685599 155180438
5685599 64862856
5685599 128543412
5685599 7566166
5685599 57456190
5685599 44416875
5685599 49069139
5685599 48693318
5685599 71299523
5685599 60813292
5685599 160300450
5685599 8069212
5685599 49047686
5685599 23057022
5685599 68949976
5685599 26370665
5685599 45224010
5685599 48717543
5685599 27460014
5685599 132040554
5685599 65363523
5685599 40030202
5685599 44527324
65363523 5685599
65363523 18095565
65363523 26861360
65363523 231094064
65363523 64862856
65363523 45224010
65363523 8952491
65363523 8069212
65363523 45223499
65363523 49069139
65363523 27460014
65363523 155180438
65363523 48717543
65363523 49063431
65363523 302910436
65363523 45061569
65363523 40030202
26370665 8952491
26370665 26861360
26370665 155180438
26370665 128543412
26370665 45223499
26370665 5685599
231094064 50859391
231094064 50861296
231094064 43926536
231094064 128543412
231094064 26370665
231094064 5685599
231094064 27460014
231094064 44527324
231094064 65363523
45223499 8952491
45223499 49066982
45223499 18095565
45223499 48741032
45223499 48715421
45223499 231137122
45223499 49069139
45223499 160300450
45223499 8069212
45223499 26370665
45223499 45224010
45223499 31579996
45223499 49678719
45223499 65363523
45223499 40030202
305428687 128543412
112967131 128543412
23057022 26861360
23057022 18095565
23057022 5685599
8069212 8952491
8069212 50859391
8069212 26861360
8069212 49066982
8069212 48741032
8069212 43926536
8069212 155180438
8069212 64862856
8069212 231137122
8069212 49069139
8069212 44986386
8069212 49047686
8069212 45224010
8069212 45223499
8069212 5685599
8069212 57358872
8069212 50862622
8069212 91692310
8069212 44519280
8069212 65363523
8069212 40030202
50862622 155180438
50862622 128543412
50862622 45224010
50862622 31579996
50862622 91692310
50862622 8069212
43926536 231094064
43926536 128543412
43926536 8069212
43926536 45224010
43926536 5685599
231137122 45061569
231137122 48741032
231137122 8069212
231137122 45224010
231137122 45223499
49047174 44499731
49047174 128543412
44416875 43809656
44416875 5685599
302910436 50861296
302910436 128543412
302910436 65363523
302910436 357646577
302910436 27460014
48693318 82439356
48693318 49069139
48693318 5685599
49053429 128543412
44499731 64862856
44499731 49047174
44499731 49047686
44499731 45224010
41971727 128543412
57456190 18095565
57456190 128543412
57456190 5685599
57471656 44188639
57471656 128543412
8952491 49066982
8952491 18095565
8952491 128543412
8952491 57456190
8952491 49069139
8952491 8069212
8952491 44759173
8952491 26370665
8952491 45224010
8952491 45223499
8952491 44988898
8952491 5685599
8952491 65363523
8952491 40030202
44759173 8952491
44759173 50859391
44759173 128543412
44759173 49069139
44759173 45224010
71299523 128543412
71299523 44519280
71299523 5685599
40030202 5685599
40030202 82439356
40030202 8952491
40030202 60813292
40030202 160300450
40030202 45223499
40030202 91692310
40030202 8069212
40030202 45224010
40030202 65363523
40030202 49069139
44757159 128543412
155572532 49069139
60813292 128543412
60813292 5685599
60813292 40030202
128543412 302910436
