273311670 128195490
273311670 38055355
32984833 38055355
225300812 38055355
58140260 38055355
541446885 38055355
5661345 128195490
5661345 54431482
5661345 38055355
5661345 61075426
5661345 676017149
5661345 34973525
5661345 127809540
5661345 16497656
5661345 127298155
5661345 82672063
5661345 613899933
833958287 38055355
67822027 38055355
97191376 128195490
97191376 38055355
97191376 298857519
97191376 5661345
97191376 34973525
97191376 127809540
97191376 127298155
97191376 133269733
97191376 211707358
635458124 38055355
593259950 38055355
82672063 128195490
82672063 38055355
82672063 298857519
82672063 5661345
82672063 34973525
82672063 127809540
82672063 16497656
82672063 127298155
58080751 38055355
58080751 127809540
316947154 38055355
54431482 38055355
54431482 5661345
54431482 127298155
613899933 128195490
613899933 38055355
613899933 5661345
722204373 38055355
836612689 38055355
52537655 38055355
18474306 128195490
18474306 38055355
18474306 127298155
18474306 127809540
685524509 38055355
836613053 38055355
56976152 128195490
5117078 128195490
133269733 97191376
398687645 38055355
211707358 34973525
211707358 127809540
211707358 38055355
211707358 128195490
52451894 127298155
156206861 128195490
105679666 128195490
105679666 5661345
105679666 34973525
105679666 127809540
105679666 127298155
814997083 38055355
814997083 16497656
155179710 128195490
155179710 54431482
155179710 38055355
155179710 5661345
155179710 613899933
155179710 34973525
155179710 127809540
155179710 127298155
155179710 55250453
155179710 82672063
44274954 98862639
98862639 127298155
98862639 44274954
836614311 127809540
273509644 128195490
273509644 38055355
273509644 127298155
44898621 128195490
44898621 38055355
44898621 127809540
676017149 128195490
676017149 38055355
676017149 5661345
676017149 127298155
676017149 127809540
676017149 34973525
819397000 38055355
128195490 54431482
128195490 38055355
128195490 298857519
128195490 18474306
128195490 5661345
128195490 199757989
128195490 81422874
128195490 613899933
128195490 155179710
128195490 127397483
128195490 273509644
128195490 44898621
128195490 34973525
128195490 79734426
128195490 127809540
128195490 16497656
128195490 57403509
128195490 127298155
128195490 156206861
128195490 67822027
128195490 208445594
128195490 97191376
128195490 82672063
128195490 5117078
128195490 58178363
128195490 211707358
36040874 38055355
57403509 128195490
57403509 38055355
421471872 128195490
28859297 38055355
55250453 128195490
55250453 38055355
273332117 38055355
298849032 16497656
696387641 38055355
834577343 38055355
38055355 128195490
38055355 298857519
38055355 5661345
38055355 836613053
38055355 61075426
38055355 273509644
38055355 44898621
38055355 34973525
38055355 127809540
38055355 16497656
38055355 127298155
38055355 82672063
38055355 17563936
833275992 38055355
833275992 613899933
622691747 38055355
622691747 127809540
16497656 128195490
16497656 298849032
16497656 38055355
16497656 5661345
16497656 58080751
16497656 127809540
16497656 208445594
16497656 82672063
58125860 128195490
79734426 128195490
79734426 38055355
79734426 127809540
79734426 127298155
84186960 38055355
61075426 38055355
61075426 5661345
61075426 34973525
55116376 128195490
55116376 38055355
208445594 128195490
208445594 38055355
208445594 16497656
81422874 128195490
81422874 38055355
17563936 38055355
223867164 38055355
836614742 38055355
34973525 128195490
34973525 38055355
34973525 5661345
34973525 61075426
34973525 676017149
34973525 127809540
34973525 127298155
34973525 82672063
199757989 128195490
199757989 38055355
833333491 38055355
806601665 38055355
127298155 128195490
127298155 98862639
127298155 38055355
127298155 34973525
127298155 127809540
127298155 82672063
58178363 128195490
58178363 38055355
58178363 127809540
