61701954 218116821
61701954 165206839
218116821 61701954
218116821 165206839
166342538 296482364
121702275 129900802
306467934 138206375
49061479 80804410
179523271 635428394
179523271 80804410
129900802 121702275
635428394 179523271
50643139 80804410
50643139 11551616
165206839 218116821
296482364 166342538
138206375 306467934
83608570 80804410
386995744 80804410
134886799 134886987
131677018 80804410
80804410 76781265
80804410 83608570
80804410 386995744
80804410 50643139
80804410 23863801
164007838 80804410
195399152 60711522
11551616 50643139
164440636 80804410
134886987 134886799
23863801 80804410
