140405048 59666140
140405048 303541637
140405048 303631776
140405048 101725627
491866320 127358404
29164480 134381724
59666140 417994364
59666140 303631776
59666140 303541637
216084752 134381724
112751328 303631776
27714017 303541637
27714017 303631776
27714017 417994364
661168449 303631776
57370147 51733042
833515348 51733042
690048 303631776
298803055 217138605
303541637 303631776
303541637 140405048
123001226 303631776
303524811 303631776
38031096 322927792
38031096 163977645
217138605 298803055
35037093 129645904
35037093 127358404
35037093 82521721
134381724 156268843
51733042 833515348
51733042 57370147
322927792 38031096
322927792 163977645
83404005 127358404
129645904 127358404
82521721 35037093
163977645 38031096
163977645 322927792
156268843 134381724
129198639 127358404
303631776 690048
303631776 112751328
303631776 27714017
303631776 661168449
303631776 140405048
303631776 123001226
