520136819 54646622
58110308 54646622
49662215 130039246
49329306 54646622
223724262 225244012
130039246 49662215
69250237 5505562
169378552 54646622
137807741 54646622
49042786 45043077
123123985 20932625
836614218 54646622
132914208 54646622
31331915 54646622
537362367 54646622
38474677 69250237
38474677 5505562
38474677 2211796
127287585 54646622
2211796 38474677
2211796 69250237
68921899 225244012
49298475 54646622
836614284 54646622
58488737 54646622
30233352 19102127
19102127 30233352
61914386 127287585
156070530 54646622
84987128 54646622
322122496 54646622
489027758 54646622
5505562 38474677
5505562 54646622
5505562 69250237
127385895 54646622
40294671 54646622
50534219 123123985
3659562 54646622
806268658 54646622
225244012 68921899
225244012 223724262
56441365 54646622
237365138 54646622
4499151 54646622
4499151 223724262
20932625 123123985
45043077 54646622
45043077 49042786
