713762125 413025746
713762125 166237999
664956239 413025746
664956239 339026841
664956239 805646729
664956239 695488725
664956239 120523408
664956239 121622775
317345602 35635947
506435977 805646729
506435977 120523408
187951621 506435977
164487040 120523408
120523408 207730869
120523408 805646729
120523408 164779961
120523408 164487040
120523408 413025746
120523408 163033835
120523408 695488725
120523408 339026841
120523408 664956239
120523408 792632798
120523408 750186596
120523408 833492642
120523408 506435977
120523408 359547971
120523408 604330884
120523408 166237999
120523408 179136068
120523408 35635947
120523408 121622775
779610753 207730869
792632798 339026841
792632798 120523408
121622775 327466278
121622775 376233420
121622775 120523408
121622775 604330884
121622775 165347377
121622775 359547971
121622775 114785644
121622775 179136068
359547971 339026841
359547971 121622775
359547971 120523408
835187375 695265317
835187375 136433757
835187375 132531769
164779961 120523408
376233420 121622775
376233420 327466278
506399830 834700046
604330884 165347377
604330884 121622775
604330884 120523408
327466278 376233420
327466278 121622775
805646729 166237999
805646729 664956239
805646729 120523408
166237999 413025746
166237999 834700046
166237999 805646729
166237999 713762125
166237999 120523408
179136068 121622775
179136068 120523408
695488725 163033835
695488725 120523408
833492642 836610316
833492642 805646729
833492642 120523408
339026841 792632798
339026841 664956239
339026841 359547971
339026841 120523408
750186596 120523408
695225668 114785644
72435569 212633070
72435569 35635947
136433757 835187375
836610316 833492642
109598816 413025746
109598816 114785644
163033835 695488725
163033835 120523408
35635947 120523408
35635947 72435569
207730869 779610753
207730869 120523408
212633070 72435569
834700046 166237999
834700046 506399830
114785644 695225668
114785644 109598816
413025746 713762125
413025746 664956239
413025746 120523408
165347377 604330884
165347377 121622775
