57494498 57067824
57494498 2549788
57494498 55124548
57494498 57068458
57494498 299330186
57494498 57494657
57068458 52608521
57068458 57067824
57068458 57494657
57068458 55124548
166568566 28708289
602572552 28708289
602572552 55124548
57652638 114746780
162877700 55124548
155441966 55124548
156861023 55124548
123755276 155441966
123755276 28708289
123755276 55124548
59531462 55124548
54682134 55124548
57480438 55124548
156770575 55124548
57494657 52608521
57494657 2549788
57494657 55124548
57494657 114746780
57494657 57068458
28708289 602572552
28708289 55124548
65096276 55124548
16860727 55124548
37950259 133512682
350226789 58372476
40609818 55124548
261955235 55124548
58422385 55124548
57580670 55124548
114746780 57494657
114746780 57652638
57068919 55124548
299330186 55124548
299330186 57494498
5793517 58372476
118184000 55124548
82124396 55124548
177034664 55124548
55124548 57580670
55124548 57494657
55124548 57068458
52608521 57494657
107660977 55124548
77691180 55124548
58372476 55124548
58372476 5793517
57067824 57068458
54580610 55124548
57070250 55124548
107673623 55124548
54255183 55124548
133512682 37950259
133512682 55124548
2549788 57494657
2549788 55124548
2549788 57494498
