82640866 108278981
82640866 8697903
82640866 17571514
60183484 17571514
138410524 80434707
138410524 17571514
108278981 82640866
108278981 17571514
48627107 48499257
48627107 8697903
48627107 17571514
32421633 9329501
230914250 17571514
80434707 49044141
80434707 138410524
80434707 8697903
80434707 17571514
80784835 82646478
80784835 49044141
80784835 17571514
82646478 49321807
82646478 80784835
82646478 8697903
17571514 80784835
17571514 80434707
17571514 8697903
17571514 49044141
56989614 17571514
44549545 17571514
44015990 17571514
45017211 32617118
49321807 82646478
49321807 49044141
49321807 138410524
49321807 45059555
49321807 80434707
49321807 230914250
49321807 8697903
49321807 17571514
14908669 82269225
36929615 17571514
49053257 17571514
634026088 17571514
82639270 17571514
230962478 17571514
231126304 17571514
44889601 8697903
44889601 17571514
55004933 17571514
82269225 14908669
48499257 49044141
48499257 48627107
48499257 8697903
21342006 82269225
9329501 32421633
48574619 17571514
49044141 48499257
49044141 44916856
49044141 49321807
49044141 80784835
49044141 80434707
49044141 8697903
49044141 17571514
459347725 17571514
61324868 17571514
45059555 49321807
32617118 45017211
32617118 17571514
8697903 48499257
8697903 44916856
8697903 82646478
8697903 44889601
8697903 49044141
8697903 48627107
8697903 82640866
8697903 49321807
8697903 80434707
8697903 17571514
44916856 49044141
44916856 8697903
44916856 17571514
