57652372 57651435
57652372 58441667
57652372 57648538
57652372 149529166
57652372 57646363
57652372 121878500
57652372 57647271
57652372 57644657
57652372 152727192
57652372 152892572
57652372 57847188
57652372 42152481
57652372 58441546
57652372 57650622
57652372 3538639
57652372 36583325
57652372 57651366
57652372 581295245
57652372 57644058
57652372 57645776
57652372 111615117
57652372 49320421
57652372 152475369
57652372 27375895
57652372 101696166
57652372 152928977
57652372 152956849
57652372 85054171
57652372 57652685
57652372 37126262
57652372 18397503
57652372 57648077
57652372 24415718
57652372 130228836
57652372 57847061
149529166 121878500
149529166 57588359
149529166 34831267
149529166 58441546
149529166 152670017
149529166 57651435
149529166 152892572
149529166 57644657
149529166 152820657
149529166 310635950
149529166 57650622
149529166 57648538
149529166 57646363
149529166 44757751
149529166 58441584
149529166 57651366
149529166 58441667
149529166 42152481
149529166 49320421
149529166 57607529
149529166 57645776
149529166 57647271
149529166 152727192
149529166 57652372
149529166 24415718
149529166 130228836
149529166 152784308
149529166 57847061
42152481 58441584
42152481 36583325
42152481 34831267
42152481 44757751
42152481 57644058
42152481 152956849
42152481 58441546
42152481 58441667
42152481 57644657
42152481 101696166
42152481 44759942
42152481 57646363
42152481 57588359
42152481 18397503
42152481 57651435
42152481 111615117
42152481 57651366
42152481 3538639
42152481 149529166
42152481 310635950
42152481 121878500
42152481 49320421
42152481 152727192
42152481 57648077
42152481 57652372
42152481 44760237
42152481 24415718
42152481 130228836
42152481 154997683
42152481 57847061
581295245 44757751
581295245 111615117
581295245 57644657
581295245 57651366
581295245 57652372
581295245 57648077
581295245 57645776
57648538 21872839
57648538 58441546
57648538 152670017
57648538 57652685
57648538 57644657
57648538 18397503
57648538 152892572
57648538 34831267
57648538 57588359
57648538 57650622
57648538 44759942
57648538 310635950
57648538 164378570
57648538 57651435
57648538 121878500
57648538 57644058
57648538 111615117
57648538 101696166
57648538 149529166
57648538 581756412
57648538 36583325
57648538 57646363
57648538 27375895
57648538 44757751
57648538 3538639
57648538 58441584
57648538 57651366
57648538 134685891
57648538 152932108
57648538 42152481
57648538 49320421
57648538 142733911
57648538 152928977
57648538 23831298
57648538 57645776
57648538 57647271
57648538 152727192
57648538 57648077
57648538 85054171
57648538 57652372
57648538 44760237
57648538 58424546
57648538 175151771
57648538 24415718
57648538 130228836
57648538 154997683
57648538 52795732
57648538 152784308
57648538 57847061
57648538 210187546
81836105 57646363
81836105 57647271
58424546 57648077
58424546 58441584
58424546 57644351
58424546 3538639
58424546 44757751
58424546 57644058
58424546 58441546
58424546 57645776
58424546 152956849
58424546 111615117
58424546 27375895
58424546 57588359
58424546 49320421
58424546 152727192
58424546 57644657
58424546 57652685
58424546 121878500
58424546 152928977
58424546 57648538
58424546 152892572
58424546 21872839
58424546 57647271
58424546 175151771
58424546 24415718
58424546 130228836
58424546 607870430
58424546 52795732
58424546 57847061
210187546 34831267
210187546 18397503
210187546 27375895
210187546 310635950
210187546 58441667
210187546 101696166
210187546 44757751
210187546 3538639
210187546 57588359
210187546 44759942
57847061 152475369
57847061 57644058
57847061 24415718
57847061 58441584
57847061 34831267
57847061 58441546
57847061 58424546
57847061 52795732
57847061 101696166
57847061 152956849
57847061 57645776
57847061 44757751
57847061 57644351
57847061 57648077
57847061 111615117
57847061 27375895
57847061 57847188
57847061 3538639
57847061 18397503
57847061 133788828
57847061 130228836
57847061 152725296
57847061 118074104
57847061 36583325
57847061 58441667
57847061 57651435
57847061 175151771
57847061 57588359
57847061 57644657
57847061 152892572
57847061 21872839
57847061 152884968
57847061 152928977
57847061 121878500
57847061 44759942
57847061 152727192
57847061 152784308
57847061 57647271
57847061 134685891
57847061 49320421
57847061 164378570
57847061 57646363
57847061 44760237
57847061 57651366
57847061 57648538
57847061 57652372
57847061 57650622
57847061 149529166
57847061 152670017
57847061 37126262
57847061 310635950
57847061 142733911
57847061 152851060
57847061 42152481
57847061 152577075
44759942 21872839
44759942 58441546
44759942 152670017
44759942 57652685
44759942 57644657
44759942 18397503
44759942 152892572
44759942 57648538
44759942 34831267
44759942 57588359
44759942 57650622
44759942 57651435
44759942 57644058
44759942 37126262
44759942 111615117
44759942 101696166
44759942 57646363
44759942 27375895
44759942 44757751
44759942 58441584
44759942 57651366
44759942 58441667
44759942 57644351
44759942 42152481
44759942 57645776
44759942 57647271
44759942 152727192
44759942 57648077
44759942 85054171
44759942 44760237
44759942 24415718
44759942 130228836
44759942 52795732
44759942 210187546
44759942 57847061
27375895 58441546
27375895 57644058
27375895 111615117
27375895 101696166
27375895 18397503
27375895 152956849
27375895 57588359
27375895 21872839
27375895 57847188
27375895 57646363
27375895 34831267
27375895 118074104
27375895 164378570
27375895 57644657
27375895 44759942
27375895 36583325
27375895 57651435
27375895 57650622
27375895 152670017
27375895 57652685
27375895 57648538
27375895 44757751
27375895 3538639
27375895 58441584
27375895 57651366
27375895 58441667
27375895 57644351
27375895 756710537
27375895 49320421
27375895 152134184
27375895 152928977
27375895 57645776
27375895 57647271
27375895 57648077
27375895 57652372
27375895 44760237
27375895 58424546
27375895 175151771
27375895 24415718
27375895 130228836
27375895 52795732
27375895 152688254
27375895 57847061
27375895 210187546
57607529 149529166
57645776 18397503
57645776 58441584
57645776 111615117
57645776 57644058
57645776 34831267
57645776 36583325
57645776 27375895
57645776 3538639
57645776 152956849
57645776 118074104
57645776 58441546
57645776 44757751
57645776 57847188
57645776 57644351
57645776 152725296
57645776 57588359
57645776 49320421
57645776 21872839
57645776 57651435
57645776 152928977
57645776 44759942
57645776 101696166
57645776 152134184
57645776 164378570
57645776 149529166
57645776 57652685
57645776 121878500
57645776 57646363
57645776 58441667
57645776 152884968
57645776 57651366
57645776 310635950
57645776 57648538
57645776 210244453
57645776 152670017
57645776 133788828
57645776 581295245
57645776 152934868
57645776 57650622
57645776 42152481
57645776 57644657
57645776 57647271
57645776 57648077
57645776 152898634
57645776 57652372
57645776 44760237
57645776 58424546
57645776 175151771
57645776 24415718
57645776 130228836
57645776 154997683
57645776 52795732
57645776 152784308
57645776 57847061
57645776 210187546
49320421 111615117
49320421 58441546
49320421 57588359
49320421 27375895
49320421 58441584
49320421 34831267
49320421 152892572
49320421 57644657
49320421 152884968
49320421 57644058
49320421 21872839
49320421 164378570
49320421 3538639
49320421 149529166
49320421 57646363
49320421 121878500
49320421 42152481
49320421 44757751
49320421 57651366
49320421 152820657
49320421 58441667
49320421 57648538
49320421 152134184
49320421 57645776
49320421 57647271
49320421 152727192
49320421 57652372
49320421 58424546
49320421 175151771
49320421 24415718
49320421 130228836
49320421 154997683
49320421 152784308
49320421 57847061
152898634 57645776
152898634 57651366
152898634 57647271
152898634 57588359
152898634 44757751
57647271 57644657
57647271 58441546
57647271 111615117
57647271 152928977
57647271 57847188
57647271 57588359
57647271 34831267
57647271 21872839
57647271 101696166
57647271 121878500
57647271 49320421
57647271 57651435
57647271 164378570
57647271 57646363
57647271 58441584
57647271 44759942
57647271 118074104
57647271 57645776
57647271 3538639
57647271 58441667
57647271 18397503
57647271 36583325
57647271 44757751
57647271 149529166
57647271 57644351
57647271 27375895
57647271 57644058
57647271 57648538
57647271 57651366
57647271 152784849
57647271 152670017
57647271 152892572
57647271 57650622
57647271 81836105
57647271 310635950
57647271 142733911
57647271 37126262
57647271 152727192
57647271 57648077
57647271 152898634
57647271 85054171
57647271 57652372
57647271 44760237
57647271 58424546
57647271 175151771
57647271 24415718
57647271 130228836
57647271 57847061
57650622 152956849
57650622 21872839
57650622 58441546
57650622 57652685
57650622 57644657
57650622 152892572
57650622 210244453
57650622 57648538
57650622 57588359
57650622 44759942
57650622 310635950
57650622 57651435
57650622 121878500
57650622 57644058
57650622 37126262
57650622 111615117
57650622 101696166
57650622 149529166
57650622 36583325
57650622 57646363
57650622 27375895
57650622 44757751
57650622 3538639
57650622 58441584
57650622 57651366
57650622 57644351
57650622 42152481
57650622 152928977
57650622 57645776
57650622 57647271
57650622 152727192
57650622 57652372
57650622 24415718
57650622 130228836
57650622 57847061
57650622 152577075
57588359 152956849
57588359 21872839
57588359 58441546
57588359 152723079
57588359 57644657
57588359 18397503
57588359 152892572
57588359 57648538
57588359 34831267
57588359 57650622
57588359 44759942
57588359 118074104
57588359 57651435
57588359 121878500
57588359 57644058
57588359 37126262
57588359 111615117
57588359 101696166
57588359 149529166
57588359 152884968
57588359 36583325
57588359 57646363
57588359 152725296
57588359 27375895
57588359 44757751
57588359 3538639
57588359 58441584
57588359 57651366
57588359 58441667
57588359 57644351
57588359 42152481
57588359 49320421
57588359 152134184
57588359 152928977
57588359 57645776
57588359 57647271
57588359 152727192
57588359 152898634
57588359 58424546
57588359 175151771
57588359 24415718
57588359 130228836
57588359 152784308
57588359 57847061
57588359 210187546
152784849 152820657
152784849 121878500
152784849 57647271
54298127 3538639
54298127 44757751
54298127 21872839
54298127 152820657
54298127 34831267
152956849 58441546
152956849 34831267
152956849 57588359
152956849 57650622
152956849 152820657
152956849 57644058
152956849 37126262
152956849 152884968
152956849 27375895
152956849 44757751
152956849 133788828
152956849 3538639
152956849 58441584
152956849 42152481
152956849 152928977
152956849 57645776
152956849 57648077
152956849 57652372
152956849 58424546
152956849 24415718
152956849 152784308
152800651 152820657
57644351 58441584
57644351 44757751
57644351 58441546
57644351 101696166
57644351 111615117
57644351 57847188
57644351 3538639
57644351 49700157
57644351 18397503
57644351 27375895
57644351 57588359
57644351 21872839
57644351 118074104
57644351 34831267
57644351 152892572
57644351 57644657
57644351 57644058
57644351 44759942
57644351 57651366
57644351 57646363
57644351 57650622
57644351 152932108
57644351 57645776
57644351 57647271
57644351 57648077
57644351 44760237
57644351 58424546
57644351 24415718
57644351 130228836
57644351 152725164
57644351 52795732
57644351 152784308
57644351 57847061
23459562 258422444
23459562 82154180
23459562 17956459
57651366 52795732
57651366 57651435
57651366 111615117
57651366 57648538
57651366 58441584
57651366 57644058
57651366 57644657
57651366 44757751
57651366 58441546
57651366 57646363
57651366 152892572
57651366 3538639
57651366 121878500
57651366 44759942
57651366 34831267
57651366 101696166
57651366 57650622
57651366 27375895
57651366 152884968
57651366 57652685
57651366 21872839
57651366 152725296
57651366 57588359
57651366 149529166
57651366 152956849
57651366 164378570
57651366 57847188
57651366 134685891
57651366 152932108
57651366 58441667
57651366 57644351
57651366 42152481
57651366 49320421
57651366 581295245
57651366 57645776
57651366 57647271
57651366 152727192
57651366 57648077
57651366 152898634
57651366 57652372
57651366 44760237
57651366 24415718
57651366 130228836
57651366 152784308
57651366 57847061
152820657 57644657
152820657 152800651
152820657 121878500
152820657 149529166
152820657 36583325
152820657 44757751
130228791 18397503
130228791 152820657
130228791 111615117
756710537 27375895
17956459 258422444
17956459 23459562
17956459 82154180
36583325 34831267
36583325 111615117
36583325 58441546
36583325 57651435
36583325 57588359
36583325 152820657
36583325 57644058
36583325 152723079
36583325 101696166
36583325 57650622
36583325 57644657
36583325 121878500
36583325 57648538
36583325 164378570
36583325 57646363
36583325 27375895
36583325 44757751
36583325 133788828
36583325 3538639
36583325 58441584
36583325 58441667
36583325 42152481
36583325 57645776
36583325 57647271
36583325 57652372
36583325 175151771
36583325 24415718
36583325 130228836
36583325 57847061
152670017 58441546
152670017 57644657
152670017 57648538
152670017 44759942
152670017 152820657
152670017 121878500
152670017 57644058
152670017 149529166
152670017 57646363
152670017 27375895
152670017 44757751
152670017 58441667
152670017 57645776
152670017 57647271
152670017 152727192
152670017 57847061
34831267 21872839
34831267 58441546
34831267 57652685
34831267 57644657
34831267 18397503
34831267 210244453
34831267 57648538
34831267 57588359
34831267 44759942
34831267 121878500
34831267 57644058
34831267 111615117
34831267 101696166
34831267 149529166
34831267 36583325
34831267 57646363
34831267 27375895
34831267 44757751
34831267 133788828
34831267 3538639
34831267 58441584
34831267 57651366
34831267 49700157
34831267 134685891
34831267 152932108
34831267 58441667
34831267 57644351
34831267 49320421
34831267 152928977
34831267 23831298
34831267 57645776
34831267 57647271
34831267 54298127
34831267 152727192
34831267 57648077
34831267 44760237
34831267 24415718
34831267 130228836
34831267 154997683
34831267 52795732
34831267 57847061
34831267 210187546
154997683 18397503
154997683 24415718
154997683 58441667
154997683 34831267
154997683 57645776
154997683 52795732
154997683 152688254
152688254 24415718
152688254 58441584
152688254 52795732
152688254 152134184
152688254 3538639
152688254 154997683
152688254 27375895
152688254 152892572
152688254 57644058
175151771 58441667
175151771 44757751
175151771 57644058
175151771 58441546
175151771 3538639
175151771 58424546
175151771 58441584
175151771 36583325
175151771 57588359
175151771 49320421
175151771 57646363
175151771 57647271
175151771 27375895
175151771 57645776
175151771 57644657
175151771 57648538
175151771 57648077
175151771 37126262
175151771 581756412
175151771 85054171
175151771 130228836
175151771 57847061
58441667 36583325
58441667 57644058
58441667 57847188
58441667 44757751
58441667 121878500
58441667 58441546
58441667 27375895
58441667 34831267
58441667 111615117
58441667 57652685
58441667 57588359
58441667 210244453
58441667 149529166
58441667 58441584
58441667 57646363
58441667 44759942
58441667 57651435
58441667 37126262
58441667 152475369
58441667 152670017
58441667 57651366
58441667 164378570
58441667 101696166
58441667 21872839
58441667 49320421
58441667 57645776
58441667 57647271
58441667 152727192
58441667 57648077
58441667 57652372
58441667 175151771
58441667 24415718
58441667 154997683
58441667 52795732
58441667 57847061
57652685 58441546
57652685 57648538
57652685 34831267
57652685 57650622
57652685 44759942
57652685 57651435
57652685 121878500
57652685 57644058
57652685 37126262
57652685 111615117
57652685 101696166
57652685 57646363
57652685 27375895
57652685 3538639
57652685 57651366
57652685 58441667
57652685 130228836
57652685 24415718
57652685 58424546
57652685 57652372
57652685 57645776
57646363 58441546
57646363 57644058
57646363 111615117
57646363 57588359
57646363 164378570
57646363 34831267
57646363 57644657
57646363 57847188
57646363 149529166
57646363 57651435
57646363 57648538
57646363 118074104
57646363 121878500
57646363 18397503
57646363 21872839
57646363 101696166
57646363 152670017
57646363 44759942
57646363 152892572
57646363 57650622
57646363 57652685
57646363 310635950
57646363 27375895
57646363 44757751
57646363 3538639
57646363 58441584
57646363 57651366
57646363 58441667
57646363 57644351
57646363 42152481
57646363 49320421
57646363 142733911
57646363 152928977
57646363 57645776
57646363 57647271
57646363 152727192
57646363 57648077
57646363 57652372
57646363 44760237
57646363 175151771
57646363 24415718
57646363 130228836
57646363 52795732
57646363 57847061
45820590 58441546
45820590 310635950
45820590 111615117
49700157 58441584
49700157 34831267
49700157 111615117
49700157 57644058
49700157 57644351
57648077 57847188
57648077 57645776
57648077 58441584
57648077 3538639
57648077 57644058
57648077 133788828
57648077 34831267
57648077 58441546
57648077 152956849
57648077 44757751
57648077 111615117
57648077 57588359
57648077 101696166
57648077 57644351
57648077 152727192
57648077 27375895
57648077 57644657
57648077 57647271
57648077 57646363
57648077 121878500
57648077 21872839
57648077 58441667
57648077 57651435
57648077 310635950
57648077 57648538
57648077 42152481
57648077 57651366
57648077 44759942
57648077 57652372
57648077 44760237
57648077 58424546
57648077 175151771
57648077 24415718
57648077 130228836
57648077 607870430
57648077 52795732
57648077 152784308
57648077 57847061
44757751 111615117
44757751 27375895
44757751 57847188
44757751 152725296
44757751 101696166
44757751 57588359
44757751 58441546
44757751 21872839
44757751 36583325
44757751 118074104
44757751 57644657
44757751 57651435
44757751 34831267
44757751 152892572
44757751 152884968
44757751 44759942
44757751 149529166
44757751 121878500
44757751 152670017
44757751 57648538
44757751 57646363
44757751 18397503
44757751 152956849
44757751 152820657
44757751 57650622
44757751 3538639
44757751 58441584
44757751 57651366
44757751 134685891
44757751 58441667
44757751 57644351
44757751 42152481
44757751 49320421
44757751 581295245
44757751 57645776
44757751 57647271
44757751 57648077
44757751 152898634
44757751 44760237
44757751 58424546
44757751 175151771
44757751 24415718
44757751 130228836
44757751 52795732
44757751 152784308
44757751 57847061
152906769 152820657
57644058 152956849
57644058 21872839
57644058 58441546
57644058 152670017
57644058 57652685
57644058 57644657
57644058 18397503
57644058 152892572
57644058 57648538
57644058 34831267
57644058 57588359
57644058 57650622
57644058 44759942
57644058 310635950
57644058 164378570
57644058 57651435
57644058 121878500
57644058 37126262
57644058 111615117
57644058 101696166
57644058 36583325
57644058 57646363
57644058 152725296
57644058 27375895
57644058 3538639
57644058 58441584
57644058 57651366
57644058 49700157
57644058 58441667
57644058 57644351
57644058 42152481
57644058 49320421
57644058 57645776
57644058 57647271
57644058 152727192
57644058 57648077
57644058 57652372
57644058 44760237
57644058 58424546
57644058 175151771
57644058 24415718
57644058 130228836
57644058 52795732
57644058 152688254
57644058 152784308
57644058 57847061
152892572 58441546
152892572 57644657
152892572 57648538
152892572 34831267
152892572 57588359
152892572 57650622
152892572 44759942
152892572 152820657
152892572 310635950
152892572 164378570
152892572 57651435
152892572 121878500
152892572 57644058
152892572 149529166
152892572 57646363
152892572 152725296
152892572 44757751
152892572 3538639
152892572 58441584
152892572 57651366
152892572 58441667
152892572 57644351
152892572 42152481
152892572 49320421
152892572 57647271
152892572 152727192
152892572 57648077
152892572 57652372
152892572 58424546
152892572 24415718
152892572 130228836
152892572 152688254
152892572 152784308
152892572 57847061
57644657 21872839
57644657 58441546
57644657 152670017
57644657 18397503
57644657 152892572
57644657 57648538
57644657 34831267
57644657 57588359
57644657 57650622
57644657 44759942
57644657 152820657
57644657 164378570
57644657 57651435
57644657 121878500
57644657 57644058
57644657 37126262
57644657 111615117
57644657 152714126
57644657 101696166
57644657 149529166
57644657 152884968
57644657 36583325
57644657 57646363
57644657 152725296
57644657 27375895
57644657 44757751
57644657 3538639
57644657 58441584
57644657 57651366
57644657 57644351
57644657 42152481
57644657 49320421
57644657 581295245
57644657 57645776
57644657 57647271
57644657 152727192
57644657 57648077
57644657 57652372
57644657 44760237
57644657 58424546
57644657 175151771
57644657 24415718
57644657 130228836
57644657 52795732
57644657 152784308
57644657 57847061
3538639 27375895
3538639 34831267
3538639 111615117
3538639 152956849
3538639 57651435
3538639 57588359
3538639 118074104
3538639 44757751
3538639 58441546
3538639 36583325
3538639 152892572
3538639 57644657
3538639 101696166
3538639 21872839
3538639 133788828
3538639 57646363
3538639 57644058
3538639 57650622
3538639 121878500
3538639 57648538
3538639 152800651
3538639 57652685
3538639 164378570
3538639 58441584
3538639 57651366
3538639 57644351
3538639 42152481
3538639 49320421
3538639 142733911
3538639 152928977
3538639 57645776
3538639 57647271
3538639 54298127
3538639 57648077
3538639 85054171
3538639 57652372
3538639 44760237
3538639 58424546
3538639 175151771
3538639 24415718
3538639 130228836
3538639 152688254
3538639 152784308
3538639 57847061
3538639 210187546
607870430 58441546
607870430 111615117
607870430 44757751
607870430 58424546
607870430 34831267
607870430 57648077
152725164 152820657
152725164 44757751
152725164 57644351
310635950 152475369
310635950 21872839
310635950 58441546
310635950 45820590
310635950 18397503
310635950 152892572
310635950 57648538
310635950 57650622
310635950 57651435
310635950 121878500
310635950 57644058
310635950 37126262
310635950 149529166
310635950 57646363
310635950 42152481
310635950 57645776
310635950 57647271
310635950 152727192
310635950 57648077
310635950 85054171
310635950 24415718
310635950 130228836
310635950 152577075
310635950 210187546
310635950 57847061
142733911 3538639
142733911 58441546
142733911 57648538
142733911 57651435
142733911 57646363
142733911 57647271
142733911 57847061
21872839 152475369
21872839 58441546
21872839 57644657
21872839 18397503
21872839 57648538
21872839 34831267
21872839 57588359
21872839 57650622
21872839 44759942
21872839 310635950
21872839 164378570
21872839 57651435
21872839 57644058
21872839 37126262
21872839 111615117
21872839 101696166
21872839 57646363
21872839 152725296
21872839 27375895
21872839 44757751
21872839 3538639
21872839 58441584
21872839 57651366
21872839 58441667
21872839 57644351
21872839 49320421
21872839 57645776
21872839 57647271
21872839 54298127
21872839 152727192
21872839 57648077
21872839 44760237
21872839 58424546
21872839 24415718
21872839 130228836
21872839 52795732
21872839 152784308
21872839 57847061
82154180 258422444
82154180 23459562
82154180 17956459
152727192 24415718
152727192 57588359
152727192 57847188
152727192 34831267
152727192 58441546
152727192 21872839
152727192 57644657
152727192 57647271
152727192 49320421
152727192 44759942
152727192 57644058
152727192 164378570
152727192 152892572
152727192 57651366
152727192 58441667
152727192 42152481
152727192 149529166
152727192 57646363
152727192 121878500
152727192 57648538
152727192 57651435
152727192 101696166
152727192 152670017
152727192 57650622
152727192 310635950
152727192 18397503
152727192 37126262
152727192 58441584
152727192 57648077
152727192 57652372
152727192 44760237
152727192 58424546
152727192 130228836
152727192 152784308
152727192 57847061
152932108 57648538
152932108 57651366
152932108 34831267
152932108 58441546
152932108 44760237
152932108 57644351
152928977 27375895
152928977 58441546
152928977 58441584
152928977 57847188
152928977 111615117
152928977 3538639
152928977 57646363
152928977 101696166
152928977 121878500
152928977 152956849
152928977 44757751
152928977 57648538
152928977 57651435
152928977 57650622
152928977 57645776
152928977 57647271
152928977 57652372
152928977 44760237
152928977 58424546
152928977 24415718
152928977 130228836
152928977 607870430
152928977 57847061
152725296 57644058
152725296 57588359
152725296 152892572
152725296 57644657
152725296 58441546
152725296 121878500
152725296 21872839
152725296 111615117
152725296 44757751
152725296 58441584
152725296 57651366
152725296 57645776
152725296 57847061
152725296 52795732
152725296 24415718
134685891 34831267
134685891 44757751
134685891 121878500
134685891 57651366
134685891 57847061
152475369 21872839
152475369 310635950
152475369 57847061
152475369 154997683
152475369 57652372
57651435 152956849
57651435 21872839
57651435 58441546
57651435 57652685
57651435 57644657
57651435 18397503
57651435 152892572
57651435 57648538
57651435 57588359
57651435 57650622
57651435 44759942
57651435 152800651
57651435 310635950
57651435 164378570
57651435 118074104
57651435 121878500
57651435 57644058
57651435 37126262
57651435 111615117
57651435 149529166
57651435 36583325
57651435 57646363
57651435 27375895
57651435 44757751
57651435 3538639
57651435 58441584
57651435 57651366
57651435 58441667
57651435 42152481
57651435 49320421
57651435 142733911
57651435 152928977
57651435 57645776
57651435 57647271
57651435 152727192
57651435 57648077
57651435 85054171
57651435 57652372
57651435 24415718
57651435 130228836
57651435 57847061
152784308 3538639
152784308 57648077
152784308 57645776
152784308 111615117
152784308 58441584
152784308 44757751
152784308 57644058
152784308 24415718
152784308 152956849
152784308 21872839
152784308 57588359
152784308 57644657
152784308 152134184
152784308 152892572
152784308 152727192
152784308 49320421
152784308 130228836
152784308 57648538
152784308 57651366
152784308 210244453
152784308 42152481
152784308 149529166
152784308 121878500
152784308 57644351
152784308 57847061
111615117 18397503
111615117 57644058
111615117 57847188
111615117 34831267
111615117 58441546
111615117 130228791
111615117 21872839
111615117 57588359
111615117 118074104
111615117 57651435
111615117 44759942
111615117 121878500
111615117 164378570
111615117 57648538
111615117 57644657
111615117 57650622
111615117 45820590
111615117 57652685
111615117 37126262
111615117 101696166
111615117 152884968
111615117 36583325
111615117 57646363
111615117 152725296
111615117 27375895
111615117 44757751
111615117 133788828
111615117 3538639
111615117 58441584
111615117 57651366
111615117 49700157
111615117 58441667
111615117 57644351
111615117 42152481
111615117 49320421
111615117 581295245
111615117 152134184
111615117 152928977
111615117 23831298
111615117 57645776
111615117 57647271
111615117 57648077
111615117 57652372
111615117 44760237
111615117 58424546
111615117 24415718
111615117 130228836
111615117 607870430
111615117 52795732
111615117 152784308
111615117 57847061
130228836 58441546
130228836 34831267
130228836 111615117
130228836 58441584
130228836 57588359
130228836 44757751
130228836 57645776
130228836 57644058
130228836 175151771
130228836 49320421
130228836 57644351
130228836 36583325
130228836 57644657
130228836 58424546
130228836 27375895
130228836 21872839
130228836 57648077
130228836 57651435
130228836 152884968
130228836 3538639
130228836 152892572
130228836 57847188
130228836 18397503
130228836 152928977
130228836 101696166
130228836 118074104
130228836 44759942
130228836 24415718
130228836 152727192
130228836 57647271
130228836 164378570
130228836 57646363
130228836 57648538
130228836 149529166
130228836 57652372
130228836 121878500
130228836 57650622
130228836 44760237
130228836 42152481
130228836 310635950
130228836 37126262
130228836 57652685
130228836 57651366
130228836 52795732
130228836 152784308
130228836 57847061
581756412 57648538
581756412 58441546
581756412 175151771
665818510 152714126
258422444 17956459
258422444 23459562
258422444 82154180
152851060 152820657
152851060 57847061
210244453 34831267
210244453 57650622
210244453 121878500
210244453 58441584
210244453 58441667
210244453 57644351
210244453 152784308
210244453 57645776
152134184 111615117
152134184 57588359
152134184 27375895
152134184 58441546
152134184 152820657
152134184 152784308
152134184 152688254
152134184 57645776
152723079 57588359
152723079 152820657
152723079 36583325
152723079 57646363
152723079 44757751
152723079 130228836
152723079 24415718
152723079 49320421
58441584 3538639
58441584 101696166
58441584 152956849
58441584 111615117
58441584 57644058
58441584 57847188
58441584 36583325
58441584 210244453
58441584 58441546
58441584 44757751
58441584 34831267
58441584 57644657
58441584 118074104
58441584 57651435
58441584 152725296
58441584 27375895
58441584 21872839
58441584 57588359
58441584 152892572
58441584 44759942
58441584 121878500
58441584 152884968
58441584 152820657
58441584 152714126
58441584 149529166
58441584 57648538
58441584 57646363
58441584 57650622
58441584 57651366
58441584 49700157
58441584 58441667
58441584 57644351
58441584 42152481
58441584 49320421
58441584 152928977
58441584 57645776
58441584 57647271
58441584 152727192
58441584 57648077
58441584 44760237
58441584 58424546
58441584 175151771
58441584 24415718
58441584 130228836
58441584 154997683
58441584 52795732
58441584 152688254
58441584 152784308
58441584 57847061
152884968 58441546
152884968 57588359
152884968 101696166
152884968 111615117
152884968 152956849
152884968 57644657
152884968 152820657
152884968 152800651
152884968 27375895
152884968 44757751
152884968 58441584
152884968 57651366
152884968 49320421
152884968 57645776
152884968 57648077
152884968 130228836
152884968 57847061
152474662 27375895
152474662 58018348
23831298 57648538
23831298 111615117
23831298 34831267
152714126 152820657
152714126 57644657
152714126 665818510
152714126 58441584
121878500 58441546
121878500 152670017
121878500 57652685
121878500 57644657
121878500 152784849
121878500 18397503
121878500 152892572
121878500 210244453
121878500 57648538
121878500 34831267
121878500 57588359
121878500 57650622
121878500 152820657
121878500 310635950
121878500 164378570
121878500 57651435
121878500 57644058
121878500 111615117
121878500 101696166
121878500 149529166
121878500 36583325
121878500 152934868
121878500 57646363
121878500 152725296
121878500 44757751
121878500 3538639
121878500 58441584
121878500 57651366
121878500 134685891
121878500 58441667
121878500 42152481
121878500 49320421
121878500 152928977
121878500 57645776
121878500 57647271
121878500 152727192
121878500 57648077
121878500 57652372
121878500 44760237
121878500 58424546
121878500 24415718
121878500 130228836
121878500 52795732
121878500 152784308
121878500 57847061
152577075 310635950
152577075 37126262
152577075 57847061
152577075 57650622
154972262 34831267
154972262 58441584
44760237 58441584
44760237 3538639
44760237 27375895
44760237 121878500
44760237 57648538
44760237 21872839
44760237 18397503
44760237 42152481
44760237 152727192
44760237 57651366
44760237 57647271
44760237 44757751
44760237 101696166
44760237 44759942
44760237 57648077
44760237 111615117
44760237 57646363
44760237 57644351
44760237 57645776
44760237 34831267
44760237 57644058
44760237 152928977
44760237 57644657
44760237 152932108
44760237 24415718
44760237 130228836
44760237 57847061
44760237 52795732
44760237 152725164
52795732 154997683
52795732 34831267
52795732 58441584
52795732 101696166
52795732 57644058
52795732 44757751
52795732 57644657
52795732 58424546
52795732 24415718
52795732 111615117
52795732 57644351
52795732 57645776
52795732 152725296
52795732 58441667
52795732 57648077
52795732 130228836
52795732 27375895
52795732 21872839
52795732 58441546
52795732 44760237
52795732 44759942
52795732 57648538
52795732 57651366
52795732 57646363
52795732 121878500
52795732 118074104
52795732 152688254
52795732 57847061
24415718 36583325
24415718 3538639
24415718 101696166
24415718 57644058
24415718 152956849
24415718 57648077
24415718 58441584
24415718 111615117
24415718 57847188
24415718 58441546
24415718 34831267
24415718 58424546
24415718 44757751
24415718 27375895
24415718 57644351
24415718 57645776
24415718 58441667
24415718 152725296
24415718 49320421
24415718 21872839
24415718 57588359
24415718 152892572
24415718 152928977
24415718 57647271
24415718 118074104
24415718 164378570
24415718 57651435
24415718 57648538
24415718 121878500
24415718 44760237
24415718 57646363
24415718 44759942
24415718 57644657
24415718 57651366
24415718 57652372
24415718 57652685
24415718 37126262
24415718 149529166
24415718 57650622
24415718 42152481
24415718 85054171
24415718 310635950
24415718 18397503
24415718 152723079
24415718 130228836
24415718 154997683
24415718 52795732
24415718 152688254
24415718 152784308
24415718 57847061
18397503 21872839
18397503 58441546
18397503 57644657
18397503 57648538
18397503 34831267
18397503 57588359
18397503 44759942
18397503 310635950
18397503 57651435
18397503 121878500
18397503 57644058
18397503 111615117
18397503 101696166
18397503 152934868
18397503 57646363
18397503 27375895
18397503 44757751
18397503 133788828
18397503 57644351
18397503 42152481
18397503 57645776
18397503 57647271
18397503 152727192
18397503 57652372
18397503 44760237
18397503 24415718
18397503 130228836
18397503 57847061
18397503 210187546
57847188 111615117
57847188 101696166
57847188 581756412
57847188 152934868
57847188 57646363
57847188 27375895
57847188 44757751
57847188 58441584
57847188 57651366
57847188 58441667
57847188 57644351
57847188 152928977
57847188 57647271
57847188 152727192
57847188 57648077
57847188 57652372
57847188 24415718
57847188 130228836
57847188 57847061
118074104 58441546
118074104 57588359
118074104 57651435
118074104 111615117
118074104 57646363
118074104 27375895
118074104 44757751
118074104 3538639
118074104 58441584
118074104 57644351
118074104 57645776
118074104 57647271
118074104 24415718
118074104 130228836
118074104 52795732
118074104 57847061
58441546 152956849
58441546 21872839
58441546 152670017
58441546 57652685
58441546 45820590
58441546 57644657
58441546 18397503
58441546 152892572
58441546 57648538
58441546 34831267
58441546 57588359
58441546 57650622
58441546 44759942
58441546 310635950
58441546 164378570
58441546 118074104
58441546 57651435
58441546 121878500
58441546 57644058
58441546 111615117
58441546 101696166
58441546 149529166
58441546 581756412
58441546 152884968
58441546 36583325
58441546 57646363
58441546 152725296
58441546 27375895
58441546 44757751
58441546 3538639
58441546 58441584
58441546 57651366
58441546 152932108
58441546 58441667
58441546 57644351
58441546 42152481
58441546 49320421
58441546 142733911
58441546 152134184
58441546 152928977
58441546 57645776
58441546 57647271
58441546 152727192
58441546 57648077
58441546 85054171
58441546 57652372
58441546 58424546
58441546 175151771
58441546 24415718
58441546 130228836
58441546 607870430
58441546 52795732
58441546 57847061
152934868 18397503
164378570 21872839
164378570 58441546
164378570 57644657
164378570 152892572
164378570 57648538
164378570 57651435
164378570 121878500
164378570 57644058
164378570 111615117
164378570 101696166
164378570 36583325
164378570 57646363
164378570 27375895
164378570 3538639
164378570 57651366
164378570 58441667
164378570 49320421
164378570 57645776
164378570 57647271
164378570 152727192
164378570 24415718
164378570 130228836
164378570 57847061
58018348 152474662
85054171 3538639
85054171 37126262
85054171 310635950
85054171 58441546
85054171 57648538
85054171 57647271
85054171 57651435
85054171 44759942
85054171 24415718
85054171 175151771
85054171 57652372
37126262 152956849
37126262 21872839
37126262 58441546
37126262 57652685
37126262 57644657
37126262 57648538
37126262 57588359
37126262 57650622
37126262 44759942
37126262 152800651
37126262 310635950
37126262 57651435
37126262 121878500
37126262 57644058
37126262 111615117
37126262 101696166
37126262 57646363
37126262 27375895
37126262 58441584
37126262 58441667
37126262 42152481
37126262 49320421
37126262 57647271
37126262 152727192
37126262 85054171
37126262 57652372
37126262 175151771
37126262 24415718
37126262 130228836
37126262 57847061
37126262 152577075
101696166 18397503
101696166 111615117
101696166 58441546
101696166 57588359
101696166 21872839
101696166 44759942
101696166 57644657
101696166 57644058
101696166 34831267
101696166 121878500
101696166 57652685
101696166 57648538
101696166 164378570
101696166 37126262
101696166 152884968
101696166 36583325
101696166 57646363
101696166 27375895
101696166 44757751
101696166 3538639
101696166 58441584
101696166 57651366
101696166 58441667
101696166 57644351
101696166 42152481
101696166 152928977
101696166 57645776
101696166 57647271
101696166 152727192
101696166 57648077
101696166 57652372
101696166 44760237
101696166 24415718
101696166 130228836
101696166 52795732
101696166 57847061
101696166 210187546
133788828 36583325
133788828 34831267
133788828 44757751
133788828 3538639
133788828 57648077
