144552578 76116821
144552578 139156109
282842811 76116821
21729000 76116821
21729000 23807460
21729000 24379247
289193242 76116821
165159653 76116821
33241607 76116821
834423312 76116821
83668478 76116821
289192334 76116821
123026300 76116821
578749884 76116821
743954590 76116821
833525756 76116821
833525756 16220954
163902828 76116821
371523600 76116821
183638489 76116821
364895269 76116821
16220954 76116821
16220954 833525756
453265491 76116821
299125611 76116821
350136246 76116821
400520825 76116821
16583696 76116821
142953514 76116821
106123631 76116821
742815779 76116821
322834216 76116821
346857425 76116821
10305474 76116821
579008269 76116821
298802338 76116821
76116821 123026300
76116821 30718399
76116821 114402285
76116821 434646321
76116821 33241607
76116821 24379247
76116821 21729000
30718399 76116821
178891998 24379247
681519290 76116821
681519290 23807460
254654219 76116821
434646321 76116821
51818365 76116821
24379247 76116821
24379247 178891998
24379247 21729000
155550896 76116821
23879532 76116821
114402285 76116821
745720310 76116821
155609539 76116821
155580948 76116821
448292229 76116821
48039 76116821
54250629 76116821
732566130 76116821
741398167 76116821
836613016 76116821
289210427 76116821
139156109 76116821
139156109 144552578
449509895 76116821
636481137 76116821
23807460 681519290
23807460 21729000
