152858467 123312288
29581803 2130409
152676793 2130409
152676793 107496437
152691124 2130409
152726585 34619056
152726585 107496168
103145547 2130409
103145547 152676793
34619056 699214004
34619056 2130409
152922006 2130409
831068526 2130409
58156512 2130409
58156512 152688618
155862274 2130409
40659017 2130409
57468137 2130409
57468137 123312288
107496168 20466477
107496168 123312288
107496168 152726585
107496168 152580707
107496168 2130409
152619124 57468137
581496192 2130409
152688618 2130409
152688618 58156512
581443791 2130409
123312288 152858467
123312288 2130409
123312288 20466477
123312288 50863865
123312288 107496437
123312288 57468137
123312288 148331391
123312288 107496168
2130409 581496192
2130409 103145547
2130409 57468137
50863865 123312288
50863865 2130409
581715406 2130409
175189599 2130409
58167220 2130409
52450086 833323700
152580707 2130409
152580707 107496168
298858085 2130409
148331391 2130409
148331391 123312288
833323700 52450086
20466477 123312288
20466477 2130409
20466477 152676793
169255530 2130409
58408304 2130409
4996415 2130409
581750758 2130409
581975330 2130409
107496437 123312288
107496437 152676793
107496437 132817843
