233420949 4751307
30910281 4751307
60080698 4751307
60080698 60079786
223865759 4751307
370773103 4751307
431086599 4751307
71281896 4751307
17758852 4751307
225316590 19091880
630380382 4751307
15194551 4751307
19091880 4751307
19091880 60079786
31631830 19091880
31631830 33191591
142547543 4751307
534617 4751307
3926107 4751307
33191591 19091880
330322923 4751307
11379547 4751307
534810078 4751307
128224224 4751307
54191044 4751307
192297874 4751307
60079786 4751307
42127958 4751307
48878394 19091880
