83255066 421499586
83255066 189496096
83255066 155308939
83255066 252043380
421571037 189496096
134305316 60000641
21945240 254993545
30160137 82136401
30160137 189496096
30160137 58381306
30160137 155308939
30160137 298833162
30160137 326864405
30160137 128389261
30160137 83255066
30160137 9023080
599291682 298833162
599291682 189496096
152709894 189496096
140240290 152574735
140240290 107476941
140240290 215747976
329053802 421499586
152733235 152574735
152733235 189496096
152931958 152733235
152931958 58381306
57856221 2264394
57856221 58082015
57856221 58043528
57856221 83255066
57856221 107476941
57856221 9917729
57856221 58381306
57856221 252043380
252043380 107476941
252043380 58043528
252043380 152595107
252043380 298850857
252043380 58082015
252043380 83255066
252043380 24664149
252043380 421499586
252043380 57856221
252043380 421498191
252043380 163543991
252043380 58381306
252043380 155308939
252043380 152848135
252043380 44979472
152848135 252043380
152848135 9023080
326864405 298833162
326864405 30160137
326864405 58381306
326864405 9023080
326864405 155308939
326864405 189496096
152812777 298833162
58043528 298833162
58043528 107476941
58043528 189496096
58043528 155308939
58043528 254993545
58043528 57856221
58043528 252043380
58043528 58381306
58043528 9023080
152800827 298833162
152800827 152574735
152800827 152694809
152800827 58381306
152800827 82136401
233376596 155308939
233376596 189496096
123922401 138332738
123922401 189496096
123922401 155308939
9023080 189496096
9023080 102653250
9023080 58043528
9023080 421498191
9023080 82136401
9023080 363487885
9023080 421499586
9023080 107476941
9023080 155308939
9023080 58381306
215747976 107476941
215747976 189496096
215747976 155308939
215747976 73171191
215747976 58381306
421499586 363487885
421499586 83255066
421499586 329053802
421499586 189496096
421499586 254993545
421499586 252043380
421499586 58381306
421499586 9023080
82136401 189496096
82136401 152574735
82136401 9023080
82136401 58381306
82136401 30160137
69748230 298833162
69748230 421472088
69748230 189496096
69748230 644826470
69748230 9023080
69748230 58381306
69748230 5467493
24664149 189496096
24664149 163543991
24664149 252043380
51963736 155308939
51963736 107476941
152726622 254993545
155308939 189496096
155308939 107476941
155308939 326864405
155308939 58082015
155308939 421499245
155308939 123922401
155308939 83255066
155308939 254993545
155308939 644826470
155308939 51963736
155308939 9023080
155308939 215747976
155308939 58381306
155308939 163543991
155308939 30160137
155308939 5467493
155308939 252043380
644826470 107476941
644826470 155308939
363487885 9023080
363487885 421499586
152927162 152574735
152927162 107476941
152595107 421498191
152595107 152726622
152595107 189496096
152595107 254993545
152595107 252043380
152595107 58381306
138332738 152733235
138332738 123922401
138332738 58381306
138332738 9023080
138332738 155308939
138332738 189496096
152940558 189496096
152940558 58381306
421472088 2264394
421472088 69748230
421472088 58381306
107476941 140240290
107476941 73171191
107476941 152927162
107476941 58043528
107476941 816037230
107476941 189496096
107476941 155308939
107476941 57856221
107476941 644826470
107476941 51963736
107476941 9023080
107476941 215747976
107476941 58381306
107476941 252043380
2264394 298833162
2264394 73171191
2264394 421472088
2264394 189496096
2264394 155308939
2264394 57856221
298833162 152574735
298833162 599291682
298833162 189496096
298833162 58381306
60000641 134305316
60000641 254993545
102653250 9023080
833606824 189496096
421498191 152595107
421498191 189496096
421498191 252043380
421498191 9023080
44979472 152848135
44979472 252043380
44979472 9023080
58420320 189496096
152694809 128389261
152694809 298833162
152694809 152800827
152694809 189496096
189496096 128389261
189496096 298833162
189496096 2264394
189496096 152574735
189496096 421571037
189496096 24664149
189496096 421498191
189496096 57652893
189496096 326864405
189496096 123922401
189496096 107476941
189496096 421499586
189496096 421499245
189496096 833606824
189496096 152595107
189496096 80397872
189496096 73171191
189496096 58420320
189496096 58082015
189496096 138332738
189496096 152709894
189496096 599291682
189496096 152694809
189496096 82136401
189496096 155308939
189496096 152940558
189496096 9023080
189496096 215747976
189496096 58381306
189496096 163543991
189496096 30160137
189496096 5467493
152574735 298833162
152574735 152927162
152574735 152800827
152574735 152733235
152574735 57652893
152574735 140240290
152574735 107476941
152574735 189496096
152574735 82136401
128389261 189496096
421499245 189496096
58082015 189496096
58082015 155308939
58082015 252043380
58082015 57856221
57652893 152574735
816037230 107476941
816037230 58381306
816037230 215747976
816037230 9023080
816037230 9917729
816037230 155308939
816037230 421499586
80397872 189496096
80397872 155308939
80397872 254993545
80397872 58381306
73171191 298833162
73171191 2264394
73171191 107476941
73171191 189496096
73171191 155308939
73171191 58381306
73171191 215747976
163543991 58381306
163543991 189496096
163543991 24664149
163543991 155308939
163543991 254993545
163543991 252043380
58381306 107476941
58381306 58043528
58381306 254993545
58381306 298833162
58381306 155308939
58381306 9023080
58381306 326864405
58381306 215747976
58381306 189496096
58381306 421499586
58381306 82136401
58381306 128389261
58381306 163543991
58381306 30160137
58381306 252043380
58381306 5467493
5467493 155308939
5467493 58381306
5467493 189496096
254993545 128389261
254993545 60000641
254993545 421499586
254993545 155308939
254993545 58043528
254993545 21945240
254993545 163543991
254993545 58381306
298850857 252043380
9917729 298833162
9917729 57856221
9917729 58381306
