645735202 348026262
833328600 645735202
833328600 348026262
80375994 5943340
166876677 645735202
579307002 645735202
579307002 348026262
836610552 645735202
836610552 261556151
448639116 645735202
448639116 348026262
448639116 39416099
448639116 836610578
448639116 261556151
39416099 645735202
39416099 448639116
261556151 645735202
261556151 448639116
261556151 348026262
261556151 39416099
261556151 579307002
261556151 836610578
261556151 836610552
5943340 645735202
5943340 80375994
836610578 645735202
836610578 448639116
836610578 348026262
836610578 39416099
836610578 579307002
836610578 261556151
666369775 645735202
666369775 579307002
348026262 579307002
348026262 645735202
