45515590 44651140
37200887 21195581
57420423 127166319
33353208 217180035
33353208 127166319
152611329 127166319
29922080 37200887
29922080 127166319
29922080 28283644
52158299 127166319
19563869 127166319
44651140 45515590
44651140 127166319
3345872 127166319
14858613 37200887
14858613 61583622
14858613 127166319
14858613 28283644
129281399 127166319
241996208 127166319
9534758 39663436
130089938 127166319
57238653 28721824
57238653 17364889
57238653 9022113
57238653 127166319
61583622 37200887
61583622 28283644
61583622 14858613
32976289 127166319
728147834 127166319
54501366 127166319
107337472 127166319
54978417 127166319
29598684 72063741
28283644 37200887
28283644 61583622
28283644 31516948
28283644 9022113
28283644 127166319
28283644 14858613
57070807 22616986
26494559 35714360
26494559 127166319
26494559 39663436
15310200 127166319
17364889 127166319
17364889 14858613
56972143 127166319
52608536 17364889
52608536 54308713
52608536 22616986
52608536 57070778
9373234 127166319
40179126 118780810
40179126 127166319
67521449 127166319
1224082 127166319
57070778 52608536
299212912 127166319
60081125 127166319
50869453 127166319
127337249 127166319
39663436 9534758
48755777 37200887
48755777 127166319
21195581 37200887
21195581 127166319
79846920 37200887
79846920 22616986
31365523 127166319
118780810 40179126
192669492 127166319
57113276 127166319
10743018 127166319
31516948 37200887
31516948 9022113
31516948 127166319
31516948 28283644
31516948 14858613
72857878 127166319
57234461 127166319
54308713 22616986
54308713 52608536
54308713 127166319
223745326 127166319
9022113 31516948
9022113 57238653
9022113 28283644
300165151 127166319
203394711 127166319
145693858 37200887
3925805 98818482
130830666 127166319
50899370 127166319
28721824 127166319
98818482 3925805
98818482 22616986
