52970544 127326128
110514094 127326128
110514094 542017301
607640560 127326128
210253026 128946738
172233332 127326128
350719477 127326128
77117514 127326128
135831896 127326128
108199397 746327890
108199397 127326128
108199397 156560148
108199397 83346096
108199397 48017098
108199397 59793181
108199397 53931053
49050417 127326128
33278481 127326128
27284662 127326128
155923969 47271291
350520289 127326128
83346096 127326128
83346096 108199397
836612684 127326128
235514933 127326128
44536454 127326128
44536454 28817589
44074034 127326128
208995933 49050417
161726418 127326128
305409659 127326128
148220323 127326128
326920048 127326128
500984318 127326128
45060352 127326128
577022038 127326128
61755962 127326128
836614794 127326128
836612608 127326128
579737979 127326128
542017301 110514094
128946738 127326128
128946738 210253026
48641957 127326128
181246916 127326128
177768415 127326128
155325844 127326128
125908779 127326128
541098304 127326128
59793181 127326128
59793181 108199397
139665945 127326128
518608853 127326128
746337240 127326128
48017098 127326128
48017098 108199397
429472705 127326128
47457278 127326128
767553220 127326128
44605567 133733993
152604202 127326128
142790855 127326128
728428435 127326128
48005848 127326128
749562997 127326128
603850651 127326128
72576570 47271291
72576570 127326128
244964681 127326128
49492791 47271291
49492791 127326128
199789068 127326128
156560148 108199397
48646213 127326128
48646213 48724074
464762380 127326128
28817589 44536454
133733993 127326128
133733993 48724074
133733993 44605567
129473922 127326128
137425002 127326128
45021183 127326128
836612320 127326128
746327890 127326128
746327890 108199397
127326128 108199397
47271291 127326128
83260327 127326128
145528103 127326128
631280721 47271291
631280721 127326128
461369955 127326128
836611964 127326128
48737014 127326128
482367343 127326128
48724074 127326128
48724074 133733993
703323366 127326128
151682634 127326128
