57591148 58476784
17707485 85863853
17707485 107496454
17707485 175158153
17707485 57650710
17707485 58476784
17707485 152818778
17707485 70266454
17707485 152892311
17707485 84207070
17707485 57649050
17707485 581208616
17707485 152927963
17707485 57646634
17707485 152900375
17707485 152685552
17707485 152821252
17707485 44758807
17707485 152935050
17707485 152702027
17707485 57651524
17707485 145458593
17707485 152688362
17707485 57611094
17707485 44837085
17707485 67885144
17707485 152914560
17707485 152956308
17707485 86116943
70266454 58476784
70266454 107496454
70266454 145458593
70266454 33647901
70266454 84207070
70266454 41970323
70266454 152892311
70266454 57646634
70266454 152919865
70266454 152621067
70266454 23930412
70266454 57649050
70266454 581208616
70266454 152882278
70266454 31664245
70266454 152821252
70266454 175158153
70266454 79675896
70266454 44758807
70266454 50591448
70266454 85863853
70266454 152927963
70266454 833347763
70266454 152941366
70266454 57643466
70266454 152784052
70266454 152797903
70266454 152935050
70266454 152626945
70266454 57651524
70266454 57650710
70266454 152685552
70266454 17707485
70266454 44837085
70266454 67885144
70266454 152914560
70266454 152956308
70266454 86116943
70266454 152932108
57611094 58476784
152670264 58476784
228990339 58476784
228990339 370766871
228990339 152674098
228990339 54672055
828443846 58476784
828443846 812508840
828443846 23930412
828443846 806238138
24672031 58476784
58105271 58476784
58105271 152818778
58105271 175158153
152622583 58476784
152622583 152626945
152622583 67885144
588964719 58476784
152809190 58476784
152784829 58476784
57646634 44753218
57646634 58476784
57646634 145458593
57646634 33647901
57646634 70266454
57646634 57649050
57646634 152626945
57646634 57651524
57646634 152839600
57646634 152892311
57646634 44758807
57646634 57847346
57646634 152685552
57646634 31664245
57646634 17707485
57646634 67885144
57646634 152914560
57646634 152956308
152821252 58476784
152821252 107496454
152821252 70266454
152821252 23930412
152821252 152626945
152821252 44758807
152821252 57847346
152821252 152935050
152821252 84207070
152821252 17707485
152821252 67885144
152821252 152914560
152821252 152956308
67885144 33647901
67885144 23930412
67885144 44753218
67885144 31664245
67885144 130094952
67885144 57650710
67885144 152818778
67885144 84207070
67885144 70266454
67885144 41970323
67885144 152940847
67885144 145458593
67885144 17707485
67885144 175158153
67885144 152892311
67885144 57651524
67885144 152919865
67885144 58476784
67885144 152821252
67885144 57649050
67885144 57646634
67885144 152914560
67885144 152956308
152818778 145458593
152818778 152927963
152818778 23783669
152818778 58105271
152818778 833347763
152818778 130094952
152818778 17707485
152818778 44837085
152818778 67885144
152929068 58476784
152818220 58476784
57649050 58476784
57649050 107496454
57649050 112853183
57649050 70266454
57649050 152892311
57649050 57646634
57649050 57847346
57649050 31664245
57649050 175158153
57649050 44758807
57649050 50591448
57649050 152784052
57649050 152626945
57649050 57651524
57649050 152839600
57649050 67885144
57649050 152914560
57649050 86116943
152935050 58476784
152935050 145458593
152935050 70266454
152935050 175158153
152935050 50591448
152935050 152821252
152935050 17707485
152574106 58476784
44753218 58476784
44753218 84207070
44753218 152892311
44753218 57646634
44753218 175158153
44753218 50591448
44753218 57650710
44753218 67885144
44753218 152956308
130094952 175157262
130094952 145458593
130094952 33647901
130094952 57650751
130094952 31664245
130094952 152818778
130094952 175158153
130094952 57651524
130094952 57650710
130094952 67885144
166779034 58476784
166779034 152796996
166779034 33647901
812531818 58476784
812531818 152674098
107496454 58476784
107496454 145458593
107496454 70266454
107496454 57649050
107496454 152821252
107496454 175158153
107496454 44758807
107496454 152941366
107496454 57651524
107496454 57650710
107496454 17707485
107496454 152956308
152674098 58476784
152674098 228990339
152626945 58476784
152626945 145458593
152626945 70266454
152626945 57646634
152626945 152702027
152626945 57649050
152626945 581208616
152626945 152821252
152626945 152927963
152626945 57611094
152626945 152914560
31664245 58476784
31664245 70266454
31664245 57649050
31664245 175158153
31664245 50591448
31664245 210208637
31664245 130094952
31664245 76282634
31664245 152892311
31664245 57646634
31664245 84207070
31664245 57650710
31664245 67885144
175157262 175158153
175157262 85863853
175157262 130094952
175157262 44758807
175157262 57847346
86116943 175158153
86116943 50591448
86116943 17707485
86116943 152914560
86116943 58476784
86116943 70266454
86116943 57649050
86116943 57646634
86116943 57650710
152796996 166779034
152796996 58476784
152796996 152702027
152796996 184813835
152796996 44758807
152796996 152685552
836613350 58476784
152839600 58476784
152839600 57646634
152839600 57649050
152941366 58476784
152941366 107496454
152941366 44758807
23783669 58476784
23783669 152818778
23783669 57611094
57650751 58476784
57650751 184813835
57650751 130094952
152892311 44753218
152892311 58476784
152892311 145458593
152892311 70266454
152892311 57649050
152892311 57651524
152892311 57646634
152892311 152919865
152892311 581208616
152892311 84207070
152892311 31664245
152892311 17707485
152892311 67885144
123249999 58476784
370766871 58476784
57651524 44753218
57651524 58476784
57651524 107496454
57651524 84207070
57651524 70266454
57651524 152892311
57651524 57646634
57651524 57649050
57651524 175158153
57651524 44758807
57651524 130094952
57651524 152900291
57651524 152626945
57651524 17707485
57651524 44837085
57651524 67885144
57651524 152956308
57643466 58476784
57643466 145458593
57643466 70266454
57643466 57649050
76282634 58476784
76282634 33647901
76282634 31664245
152797903 70266454
184813835 58476784
184813835 152796996
184813835 57650751
184813835 57847346
57650710 44753218
57650710 58476784
57650710 107496454
57650710 145458593
57650710 70266454
57650710 175158153
57650710 50591448
57650710 130094952
57650710 44758807
57650710 84207070
57650710 31664245
57650710 17707485
57650710 67885144
57650710 152914560
57650710 152956308
57650710 86116943
210208637 31664245
155821766 58476784
155821766 57847346
112853183 58476784
112853183 57649050
152685552 23930412
152685552 57646634
152685552 17707485
145458593 58476784
145458593 107496454
145458593 33647901
145458593 84207070
145458593 70266454
145458593 152892311
145458593 57646634
145458593 152919865
145458593 23930412
145458593 152818778
145458593 50591448
145458593 130094952
145458593 57643466
145458593 152935050
145458593 152626945
145458593 57651524
145458593 57650710
145458593 17707485
145458593 67885144
145458593 152956308
57847346 58476784
57847346 33647901
57847346 152702027
57847346 57649050
57847346 184813835
57847346 152784052
57847346 57646634
57847346 155821766
57847346 175157262
57847346 152821252
57847346 152956308
152927963 58476784
152927963 84207070
152927963 70266454
152927963 57649050
152927963 152818778
152927963 175158153
152927963 44758807
152927963 152784052
152927963 17707485
152914560 70266454
152914560 57650710
152914560 57649050
152914560 50591448
152914560 175158153
152914560 152821252
152914560 44758807
152914560 67885144
152914560 57646634
152914560 17707485
152914560 152784052
152914560 152626945
152914560 86116943
69105556 58476784
210239215 58476784
210239215 175158153
33647901 166779034
33647901 145458593
33647901 70266454
33647901 57646634
33647901 57847346
33647901 175158153
33647901 50591448
33647901 130094952
33647901 76282634
33647901 67885144
33647901 152956308
152932108 70266454
152932108 58476784
581208616 58476784
581208616 70266454
581208616 50591448
581208616 152626945
581208616 41970323
806238138 58476784
806238138 828443846
833347763 152818778
152919865 58476784
152919865 145458593
152919865 70266454
152919865 152892311
152919865 67885144
41970323 58476784
41970323 70266454
41970323 50591448
41970323 67885144
152900375 58476784
54672055 58476784
54672055 370766871
54672055 228990339
54672055 836613350
54672055 152574106
54672055 812531818
54672055 152674098
54672055 806238138
58349703 58476784
152688362 58476784
44758807 58476784
44758807 107496454
44758807 70266454
44758807 57649050
44758807 175158153
44758807 152927963
44758807 57651524
44758807 57646634
44758807 152941366
44758807 152796996
44758807 175157262
44758807 581208616
44758807 84207070
44758807 57650710
44758807 152821252
44758807 17707485
44758807 67885144
44758807 152914560
44758807 152956308
812508840 58476784
812508840 828443846
84207070 44753218
84207070 58476784
84207070 145458593
84207070 70266454
84207070 175158153
84207070 152927963
84207070 152900291
84207070 57651524
84207070 152892311
84207070 44758807
84207070 57650710
84207070 31664245
84207070 152821252
84207070 17707485
84207070 67885144
84207070 152956308
138675619 58476784
138675619 70266454
138675619 50591448
138675619 152956308
152940847 58476784
152940847 67885144
57592525 58476784
57377825 58476784
44837085 58476784
44837085 152818778
44837085 175158153
44837085 70266454
44837085 17707485
152900291 58476784
152900291 84207070
152900291 57651524
23930412 58476784
23930412 145458593
23930412 57649050
23930412 152821252
23930412 828443846
23930412 67885144
152882278 58476784
152882278 70266454
152956308 152892311
152956308 57847346
152956308 57650710
152956308 67885144
152956308 44758807
152956308 44753218
152956308 17707485
152956308 79675896
152956308 84207070
152956308 107496454
152956308 145458593
152956308 33647901
152956308 70266454
152956308 57646634
152956308 58476784
152956308 57651524
152784052 58476784
152784052 152892311
152784052 57847346
152784052 57649050
152784052 50591448
152784052 152927963
152784052 152914560
175158153 44753218
175158153 175157262
175158153 107496454
175158153 33647901
175158153 84207070
175158153 70266454
175158153 210239215
175158153 57649050
175158153 31664245
175158153 79675896
175158153 44758807
175158153 50591448
175158153 152927963
175158153 58105271
175158153 130094952
175158153 152935050
175158153 57651524
175158153 57650710
175158153 17707485
175158153 44837085
175158153 67885144
175158153 152914560
175158153 86116943
79675896 58476784
79675896 175158153
79675896 152956308
50591448 44753218
50591448 58476784
50591448 145458593
50591448 33647901
50591448 41970323
50591448 70266454
50591448 57649050
50591448 581208616
50591448 31664245
50591448 175158153
50591448 138675619
50591448 152784052
50591448 152935050
50591448 57650710
50591448 17707485
50591448 152914560
50591448 86116943
85863853 58476784
85863853 175157262
85863853 57646634
152702027 152796996
152702027 57847346
152702027 152626945
152702027 17707485
152621067 70266454
