650241169 127166366
836614206 127166366
152478714 127166366
217517133 127166366
196219303 127166366
696925473 127166366
12005082 127166366
822489777 127166366
23868819 127166366
118345055 527946606
7375216 127166366
73526818 127166366
80366667 127166366
156663477 127166366
129434023 127166366
48447659 127166366
48447659 223753220
223753220 46922397
223753220 48447659
67745503 127166366
43775599 127166366
722953524 127166366
54230204 127166366
128102809 127166366
75394305 127166366
149557607 127166366
459934174 127166366
500799612 127166366
165375457 127166366
73427789 127166366
188953743 127166366
527946606 118345055
46922397 223753220
46922397 127166366
44922812 127166366
65579902 127166366
