739981038 127172351
48827329 127172351
155325767 127172351
666821884 127172351
308045488 127172351
49917573 127172351
49069076 127172351
9847568 127172351
9847568 75849966
630277112 127172351
48820317 127172351
48690715 127172351
536740402 127172351
836614645 127172351
337422836 127172351
690809175 127172351
44980844 127172351
44980844 50840749
320376268 127172351
38568177 127172351
230978064 127172351
230945301 127172351
231045492 127172351
134129778 127172351
142339983 165112214
60996191 127172351
44367391 127172351
506116773 127172351
50840749 127172351
50840749 44609284
52141496 127172351
335604507 127172351
678890155 127172351
611889894 127172351
44924998 127172351
44891573 127172351
695994004 127172351
44345876 127172351
75849966 127172351
75849966 9847568
536436394 127172351
165112214 127172351
165112214 142339983
44983873 127172351
89531748 127172351
59744817 44069023
123135230 127172351
44579084 127172351
104484926 127172351
43923665 127172351
497731456 127172351
402010753 127172351
44609284 127172351
44609284 50840749
61451577 127172351
99167735 127172351
566371 127172351
45046981 127172351
137362239 127172351
325028317 127172351
39920251 127172351
537170705 127172351
44816126 127172351
476828863 127172351
44517466 127172351
44173123 127172351
181945609 127172351
44870062 127172351
45049897 127172351
649099834 127172351
749864403 127172351
44655363 127172351
44069023 59744817
