258281041 297572525
258281041 136726748
258281041 528379986
258281041 686781229
258281041 40064183
258281041 50651589
258281041 833397188
258281041 833397015
258281041 795116187
258281041 677060822
258281041 298809826
258281041 24745765
258281041 653989468
258281041 97364009
258281041 159844013
258281041 834634771
258281041 159885374
258281041 144540388
258281041 298803975
258281041 126331983
258281041 79627770
258281041 93167581
258281041 155648244
258281041 749690324
258281041 189116934
258281041 735795291
258281041 705166653
258281041 56677286
258281041 683206554
258281041 449540172
258281041 800246832
258281041 1653623
258281041 546013718
258281041 661207256
258281041 203564400
795116187 297572525
795116187 790042190
795116187 136726748
795116187 744983681
795116187 686781229
795116187 258281041
795116187 50651589
795116187 528612444
795116187 833397188
795116187 833397015
795116187 653989468
795116187 97364009
795116187 144540388
795116187 298803975
795116187 203564400
795116187 661207256
795116187 449540172
795116187 683206554
795116187 395506302
795116187 56677286
795116187 705166653
795116187 735795291
795116187 155648244
795116187 93167581
795116187 160326829
795116187 79627770
795116187 126331983
528612444 297572525
528612444 836611267
528612444 790042190
528612444 744983681
528612444 528379986
528612444 449189814
528612444 686781229
528612444 40064183
528612444 50651589
528612444 49694696
528612444 833397188
528612444 1683649
528612444 163547178
528612444 795116187
528612444 677060822
528612444 298809826
528612444 24745765
528612444 653989468
528612444 97364009
528612444 159844013
528612444 159885374
528612444 298803975
528612444 126331983
528612444 448138331
528612444 160326829
528612444 50643061
528612444 93167581
528612444 155648244
528612444 749690324
528612444 834805884
528612444 189116934
528612444 705166653
528612444 56677286
528612444 395506302
528612444 683206554
528612444 449540172
528612444 800246832
528612444 1653623
528612444 546013718
528612444 661207256
528612444 350145612
528612444 203564400
236653586 93167581
236653586 395506302
681518991 163547178
185603288 79627770
185603288 159885374
297572525 136726748
297572525 744983681
297572525 528379986
297572525 449189814
297572525 40064183
297572525 258281041
297572525 50651589
297572525 528612444
297572525 833397188
297572525 833397015
297572525 795116187
297572525 677060822
297572525 298809826
297572525 24745765
297572525 653989468
297572525 97364009
297572525 159844013
297572525 159885374
297572525 144540388
297572525 298803975
297572525 126331983
297572525 79627770
297572525 93167581
297572525 155648244
297572525 447956196
297572525 749690324
297572525 735795291
297572525 705166653
297572525 56677286
297572525 395506302
297572525 683206554
297572525 800246832
297572525 546013718
297572525 686781229
297572525 160326829
297572525 661207256
297572525 203564400
297572525 350145612
49694696 744983681
49694696 528379986
49694696 686781229
49694696 40064183
49694696 528612444
49694696 1683649
49694696 653989468
49694696 97364009
49694696 126331983
49694696 448138331
49694696 160326829
49694696 705166653
49694696 56677286
49694696 395506302
49694696 683206554
49694696 1653623
49694696 546013718
49694696 661207256
49694696 203564400
49694696 350145612
13227567 653989468
13227567 159844013
13227567 298803975
13227567 160326829
13227567 50643061
13227567 203564400
13227567 395506302
13227567 705166653
160326829 836611267
160326829 790042190
160326829 744983681
160326829 528379986
160326829 40064183
160326829 50651589
160326829 528612444
160326829 49694696
160326829 833397188
160326829 1683649
160326829 790046667
160326829 833397015
160326829 795116187
160326829 677060822
160326829 298809826
160326829 24745765
160326829 653989468
160326829 97364009
160326829 13227567
160326829 159885374
160326829 144540388
160326829 298803975
160326829 754632962
160326829 126331983
160326829 448138331
160326829 79627770
160326829 50643061
160326829 93167581
160326829 749690324
160326829 735795291
160326829 705166653
160326829 56677286
160326829 395506302
160326829 683206554
160326829 449540172
160326829 800246832
160326829 1653623
160326829 546013718
160326829 297572525
160326829 686781229
160326829 661207256
160326829 203564400
160326829 350145612
528379986 297572525
528379986 744983681
528379986 449189814
528379986 686781229
528379986 40064183
528379986 258281041
528379986 50651589
528379986 528612444
528379986 49694696
528379986 833397188
528379986 163547178
528379986 749527943
528379986 677060822
528379986 298809826
528379986 24745765
528379986 653989468
528379986 97364009
528379986 159844013
528379986 13227567
528379986 159885374
528379986 144540388
528379986 298803975
528379986 448138331
528379986 79627770
528379986 160326829
528379986 50643061
528379986 93167581
528379986 155648244
528379986 749690324
528379986 834805884
528379986 189116934
528379986 735795291
528379986 165460518
528379986 705166653
528379986 395506302
528379986 683206554
528379986 449540172
528379986 800246832
528379986 203564400
833552533 705166653
59455977 536581737
677060822 297572525
677060822 136726748
677060822 744983681
677060822 528379986
677060822 449189814
677060822 40064183
677060822 528612444
677060822 163547178
677060822 298809826
677060822 24745765
677060822 97364009
677060822 159844013
677060822 159885374
677060822 298803975
677060822 126331983
677060822 448138331
677060822 160326829
677060822 50643061
677060822 93167581
677060822 155648244
677060822 749690324
677060822 834805884
677060822 189116934
677060822 735795291
677060822 705166653
677060822 56677286
677060822 395506302
677060822 683206554
677060822 449540172
677060822 800246832
677060822 546013718
677060822 661207256
677060822 203564400
159885374 297572525
159885374 203564400
159885374 136726748
159885374 744983681
159885374 528379986
159885374 449189814
159885374 686781229
159885374 40064183
159885374 258281041
159885374 50651589
159885374 528612444
159885374 1683649
159885374 163547178
159885374 677060822
159885374 298809826
159885374 24745765
159885374 653989468
159885374 97364009
159885374 159844013
159885374 144540388
159885374 298803975
159885374 185603288
159885374 126331983
159885374 79627770
159885374 160326829
159885374 93167581
159885374 155648244
159885374 741689992
159885374 306892795
159885374 749690324
159885374 735795291
159885374 165460518
159885374 705166653
159885374 56677286
159885374 395506302
159885374 683206554
159885374 449540172
159885374 800246832
159885374 661207256
159885374 350145612
50643061 744983681
50643061 449189814
50643061 686781229
50643061 40064183
50643061 528612444
50643061 833397188
50643061 790046667
50643061 677060822
50643061 298809826
50643061 24745765
50643061 97364009
50643061 159844013
50643061 298803975
50643061 448138331
50643061 160326829
50643061 298807800
50643061 93167581
50643061 155648244
50643061 306892795
50643061 749690324
50643061 189116934
50643061 395506302
50643061 683206554
50643061 800246832
50643061 1653623
50643061 661207256
50643061 203564400
50643061 350145612
203564400 13227567
203564400 160326829
203564400 790046667
203564400 735795291
203564400 834885387
203564400 653989468
203564400 1653623
203564400 661207256
203564400 528379986
203564400 163547178
203564400 449540172
203564400 683206554
203564400 744983681
203564400 297572525
203564400 49694696
203564400 126331983
203564400 136726748
203564400 50651589
203564400 93167581
203564400 705166653
203564400 795116187
203564400 528612444
203564400 159885374
203564400 298809826
203564400 144538733
203564400 258281041
203564400 749690324
203564400 677060822
203564400 833397015
203564400 800246832
203564400 24745765
203564400 833397188
203564400 546013718
203564400 298803975
203564400 686781229
203564400 52018446
203564400 40064183
203564400 79627770
203564400 56677286
203564400 189116934
203564400 395506302
203564400 50643061
203564400 144540388
203564400 159844013
203564400 97364009
163547178 744983681
163547178 528379986
163547178 449189814
163547178 40064183
163547178 528612444
163547178 1683649
163547178 790046667
163547178 677060822
163547178 24745765
163547178 653989468
163547178 159844013
163547178 159885374
163547178 144540388
163547178 681518991
163547178 126331983
163547178 448138331
163547178 93167581
163547178 155648244
163547178 741689992
163547178 749690324
163547178 834805884
163547178 189116934
163547178 705166653
163547178 683206554
163547178 449540172
163547178 800246832
163547178 1653623
163547178 661207256
163547178 203564400
661207256 258281041
661207256 50643061
661207256 159885374
661207256 40064183
661207256 56677286
661207256 705166653
661207256 79627770
661207256 683206554
661207256 735795291
661207256 298809826
661207256 49694696
661207256 528612444
661207256 297572525
661207256 163547178
661207256 126331983
661207256 93167581
661207256 136726748
661207256 50651589
661207256 298803975
661207256 1683649
661207256 160326829
661207256 795116187
661207256 97364009
661207256 449540172
661207256 395506302
661207256 24745765
661207256 677060822
661207256 448138331
661207256 159844013
661207256 1653623
661207256 749690324
661207256 744983681
661207256 165460518
661207256 653989468
661207256 833397188
661207256 686781229
661207256 144540388
661207256 833397015
661207256 306892795
661207256 800246832
661207256 203564400
749696263 653989468
24745765 297572525
24745765 136726748
24745765 744983681
24745765 528379986
24745765 449189814
24745765 686781229
24745765 40064183
24745765 258281041
24745765 50651589
24745765 528612444
24745765 833397188
24745765 163547178
24745765 677060822
24745765 298809826
24745765 653989468
24745765 97364009
24745765 159844013
24745765 834634771
24745765 159885374
24745765 144540388
24745765 298803975
24745765 126331983
24745765 448138331
24745765 79627770
24745765 160326829
24745765 50643061
24745765 93167581
24745765 155648244
24745765 749690324
24745765 834805884
24745765 189116934
24745765 735795291
24745765 165460518
24745765 705166653
24745765 56677286
24745765 395506302
24745765 683206554
24745765 449540172
24745765 800246832
24745765 546013718
24745765 661207256
24745765 203564400
24745765 350145612
836611267 744983681
836611267 528612444
836611267 97364009
836611267 160326829
836611267 705166653
836611267 683206554
836611267 800246832
448189306 790042190
298807800 50643061
298807800 1653623
298807800 536581737
189116934 203564400
189116934 744983681
189116934 528379986
189116934 449189814
189116934 40064183
189116934 528612444
189116934 833397188
189116934 163547178
189116934 749527943
189116934 677060822
189116934 24745765
189116934 159844013
189116934 144540388
189116934 298803975
189116934 448138331
189116934 50643061
189116934 93167581
189116934 155648244
189116934 447956196
189116934 749690324
189116934 834805884
189116934 705166653
189116934 683206554
189116934 449540172
189116934 800246832
683206554 297572525
683206554 836611267
683206554 790042190
683206554 136726748
683206554 744983681
683206554 528379986
683206554 449189814
683206554 686781229
683206554 40064183
683206554 258281041
683206554 50651589
683206554 528612444
683206554 49694696
683206554 833397188
683206554 1683649
683206554 833397015
683206554 163547178
683206554 749527943
683206554 795116187
683206554 677060822
683206554 298809826
683206554 24745765
683206554 653989468
683206554 97364009
683206554 159844013
683206554 159885374
683206554 298803975
683206554 126331983
683206554 448138331
683206554 79627770
683206554 160326829
683206554 50643061
683206554 93167581
683206554 155648244
683206554 447956196
683206554 749690324
683206554 834805884
683206554 189116934
683206554 735795291
683206554 705166653
683206554 56677286
683206554 395506302
683206554 800246832
683206554 1653623
683206554 546013718
683206554 661207256
683206554 350145612
683206554 203564400
79627770 297572525
79627770 136726748
79627770 528379986
79627770 449189814
79627770 40064183
79627770 258281041
79627770 50651589
79627770 833397188
79627770 790046667
79627770 833397015
79627770 795116187
79627770 298809826
79627770 24745765
79627770 653989468
79627770 834634771
79627770 159885374
79627770 144540388
79627770 298803975
79627770 185603288
79627770 126331983
79627770 160326829
79627770 93167581
79627770 155648244
79627770 749690324
79627770 735795291
79627770 705166653
79627770 56677286
79627770 395506302
79627770 683206554
79627770 449540172
79627770 800246832
79627770 546013718
79627770 203564400
79627770 661207256
155648244 297572525
155648244 790042190
155648244 744983681
155648244 528379986
155648244 449189814
155648244 40064183
155648244 258281041
155648244 50651589
155648244 528612444
155648244 833397188
155648244 833397015
155648244 163547178
155648244 795116187
155648244 677060822
155648244 24745765
155648244 653989468
155648244 97364009
155648244 159844013
155648244 834634771
155648244 159885374
155648244 298803975
155648244 126331983
155648244 448138331
155648244 79627770
155648244 50643061
155648244 93167581
155648244 447956196
155648244 749690324
155648244 834805884
155648244 189116934
155648244 735795291
155648244 705166653
155648244 56677286
155648244 683206554
155648244 449540172
155648244 800246832
1653623 790042190
1653623 40064183
1653623 258281041
1653623 50651589
1653623 528612444
1653623 49694696
1653623 1683649
1653623 163547178
1653623 653989468
1653623 97364009
1653623 298803975
1653623 160326829
1653623 50643061
1653623 298807800
1653623 93167581
1653623 741689992
1653623 705166653
1653623 683206554
1653623 203564400
1653623 661207256
749527943 528379986
749527943 189116934
749527943 683206554
800246832 297572525
800246832 836611267
800246832 52018446
800246832 744983681
800246832 528379986
800246832 449189814
800246832 686781229
800246832 40064183
800246832 258281041
800246832 50651589
800246832 528612444
800246832 833397015
800246832 163547178
800246832 677060822
800246832 298809826
800246832 24745765
800246832 653989468
800246832 97364009
800246832 159844013
800246832 159885374
800246832 298803975
800246832 126331983
800246832 448138331
800246832 79627770
800246832 160326829
800246832 50643061
800246832 93167581
800246832 155648244
800246832 447956196
800246832 749690324
800246832 834805884
800246832 189116934
800246832 735795291
800246832 705166653
800246832 683206554
800246832 449540172
800246832 203564400
800246832 661207256
97364009 297572525
97364009 836611267
97364009 744983681
97364009 528379986
97364009 449189814
97364009 686781229
97364009 40064183
97364009 258281041
97364009 50651589
97364009 528612444
97364009 49694696
97364009 833397188
97364009 1683649
97364009 795116187
97364009 677060822
97364009 298809826
97364009 24745765
97364009 653989468
97364009 159844013
97364009 159885374
97364009 144540388
97364009 298803975
97364009 126331983
97364009 448138331
97364009 160326829
97364009 50643061
97364009 93167581
97364009 155648244
97364009 741689992
97364009 749690324
97364009 834805884
97364009 735795291
97364009 705166653
97364009 56677286
97364009 395506302
97364009 683206554
97364009 800246832
97364009 1653623
97364009 546013718
97364009 661207256
97364009 203564400
834634771 136726748
834634771 24745765
834634771 79627770
834634771 93167581
834634771 155648244
52018446 40064183
52018446 159844013
52018446 126331983
52018446 93167581
52018446 395506302
52018446 449540172
52018446 800246832
52018446 203564400
1683649 686781229
1683649 40064183
1683649 528612444
1683649 49694696
1683649 163547178
1683649 97364009
1683649 159885374
1683649 448138331
1683649 160326829
1683649 93167581
1683649 705166653
1683649 395506302
1683649 683206554
1683649 1653623
1683649 546013718
1683649 661207256
159844013 297572525
159844013 52018446
159844013 136726748
159844013 744983681
159844013 528379986
159844013 449189814
159844013 686781229
159844013 40064183
159844013 258281041
159844013 50651589
159844013 528612444
159844013 833397015
159844013 163547178
159844013 677060822
159844013 24745765
159844013 653989468
159844013 97364009
159844013 13227567
159844013 159885374
159844013 298803975
159844013 448138331
159844013 50643061
159844013 93167581
159844013 155648244
159844013 749690324
159844013 834805884
159844013 189116934
159844013 735795291
159844013 705166653
159844013 56677286
159844013 395506302
159844013 683206554
159844013 449540172
159844013 800246832
159844013 661207256
159844013 203564400
298803975 297572525
298803975 790042190
298803975 136726748
298803975 744983681
298803975 528379986
298803975 449189814
298803975 258281041
298803975 50651589
298803975 528612444
298803975 833397188
298803975 795116187
298803975 677060822
298803975 298809826
298803975 24745765
298803975 653989468
298803975 97364009
298803975 159844013
298803975 13227567
298803975 159885374
298803975 144540388
298803975 754632962
298803975 126331983
298803975 79627770
298803975 160326829
298803975 50643061
298803975 93167581
298803975 155648244
298803975 749690324
298803975 189116934
298803975 735795291
298803975 705166653
298803975 56677286
298803975 395506302
298803975 683206554
298803975 449540172
298803975 800246832
298803975 1653623
298803975 546013718
298803975 661207256
298803975 203564400
152791782 653989468
152791782 159885374
152791782 298803975
152791782 93167581
152791782 735795291
306892795 159885374
306892795 50643061
306892795 705166653
306892795 661207256
833397015 297572525
833397015 790042190
833397015 136726748
833397015 744983681
833397015 528379986
833397015 258281041
833397015 50651589
833397015 833397188
833397015 203564400
833397015 661207256
833397015 800246832
833397015 683206554
833397015 56677286
833397015 705166653
833397015 735795291
833397015 155648244
833397015 93167581
833397015 160326829
833397015 79627770
833397015 126331983
833397015 298803975
833397015 144540388
833397015 159885374
833397015 159844013
833397015 653989468
833397015 24745765
833397015 298809826
833397015 795116187
126331983 297572525
126331983 52018446
126331983 136726748
126331983 744983681
126331983 686781229
126331983 40064183
126331983 258281041
126331983 50651589
126331983 528612444
126331983 49694696
126331983 833397188
126331983 833397015
126331983 163547178
126331983 795116187
126331983 677060822
126331983 298809826
126331983 24745765
126331983 653989468
126331983 97364009
126331983 159885374
126331983 144540388
126331983 298803975
126331983 448138331
126331983 79627770
126331983 160326829
126331983 93167581
126331983 155648244
126331983 749690324
126331983 735795291
126331983 705166653
126331983 56677286
126331983 395506302
126331983 683206554
126331983 449540172
126331983 800246832
126331983 546013718
126331983 661207256
126331983 203564400
447956196 297572525
447956196 677060822
447956196 298809826
447956196 24745765
447956196 653989468
447956196 448138331
447956196 155648244
447956196 189116934
447956196 705166653
447956196 395506302
447956196 683206554
447956196 800246832
790042190 449189814
790042190 528612444
790042190 448189306
790042190 833397188
790042190 790046667
790042190 833397015
790042190 795116187
790042190 546013718
790042190 1653623
790042190 683206554
790042190 395506302
790042190 705166653
790042190 735795291
790042190 749690324
790042190 155648244
790042190 93167581
790042190 160326829
790042190 298803975
790042190 144540388
790042190 298809826
834805884 744983681
834805884 528379986
834805884 449189814
834805884 50651589
834805884 528612444
834805884 163547178
834805884 677060822
834805884 24745765
834805884 653989468
834805884 800246832
834805884 449540172
834805884 683206554
834805884 705166653
834805884 189116934
834805884 749690324
834805884 155648244
834805884 93167581
834805884 448138331
834805884 159844013
834805884 97364009
50651589 297572525
50651589 136726748
50651589 744983681
50651589 528379986
50651589 449189814
50651589 686781229
50651589 40064183
50651589 258281041
50651589 528612444
50651589 833397188
50651589 833397015
50651589 795116187
50651589 298809826
50651589 24745765
50651589 653989468
50651589 97364009
50651589 159844013
50651589 159885374
50651589 144540388
50651589 298803975
50651589 126331983
50651589 79627770
50651589 160326829
50651589 50643061
50651589 93167581
50651589 155648244
50651589 749690324
50651589 834805884
50651589 735795291
50651589 705166653
50651589 56677286
50651589 395506302
50651589 683206554
50651589 800246832
50651589 1653623
50651589 546013718
50651589 661207256
50651589 203564400
546013718 297572525
546013718 790042190
546013718 449189814
546013718 686781229
546013718 258281041
546013718 50651589
546013718 528612444
546013718 49694696
546013718 833397188
546013718 1683649
546013718 677060822
546013718 298809826
546013718 24745765
546013718 653989468
546013718 97364009
546013718 159885374
546013718 298803975
546013718 126331983
546013718 448138331
546013718 79627770
546013718 160326829
546013718 93167581
546013718 749690324
546013718 735795291
546013718 705166653
546013718 56677286
546013718 395506302
546013718 683206554
546013718 449540172
546013718 800246832
546013718 203564400
546013718 661207256
834885387 144540388
834885387 203564400
56677286 297572525
56677286 136726748
56677286 686781229
56677286 40064183
56677286 258281041
56677286 50651589
56677286 528612444
56677286 49694696
56677286 833397188
56677286 833397015
56677286 163547178
56677286 795116187
56677286 677060822
56677286 298809826
56677286 24745765
56677286 653989468
56677286 97364009
56677286 159844013
56677286 159885374
56677286 144540388
56677286 298803975
56677286 185603288
56677286 126331983
56677286 448138331
56677286 79627770
56677286 160326829
56677286 50643061
56677286 93167581
56677286 155648244
56677286 749690324
56677286 735795291
56677286 395506302
56677286 683206554
56677286 661207256
56677286 203564400
298809826 297572525
298809826 790042190
298809826 136726748
298809826 528379986
298809826 449189814
298809826 686781229
298809826 40064183
298809826 258281041
298809826 50651589
298809826 528612444
298809826 833397188
298809826 790046667
298809826 833397015
298809826 677060822
298809826 24745765
298809826 653989468
298809826 97364009
298809826 159885374
298809826 144540388
298809826 298803975
298809826 126331983
298809826 79627770
298809826 160326829
298809826 50643061
298809826 93167581
298809826 447956196
298809826 749690324
298809826 735795291
298809826 705166653
298809826 56677286
298809826 683206554
298809826 800246832
298809826 546013718
298809826 661207256
298809826 350145612
298809826 203564400
741689992 163547178
741689992 97364009
741689992 1653623
741689992 165460518
741689992 159885374
40064183 297572525
40064183 52018446
40064183 744983681
40064183 528379986
40064183 449189814
40064183 686781229
40064183 258281041
40064183 50651589
40064183 528612444
40064183 49694696
40064183 1683649
40064183 163547178
40064183 677060822
40064183 298809826
40064183 24745765
40064183 653989468
40064183 97364009
40064183 159844013
40064183 159885374
40064183 144540388
40064183 126331983
40064183 448138331
40064183 79627770
40064183 160326829
40064183 50643061
40064183 93167581
40064183 155648244
40064183 749690324
40064183 189116934
40064183 735795291
40064183 705166653
40064183 395506302
40064183 683206554
40064183 449540172
40064183 800246832
40064183 1653623
40064183 661207256
40064183 203564400
40064183 350145612
449540172 52018446
449540172 744983681
449540172 528379986
449540172 449189814
449540172 686781229
449540172 40064183
449540172 258281041
449540172 528612444
449540172 163547178
449540172 795116187
449540172 677060822
449540172 24745765
449540172 653989468
449540172 159844013
449540172 159885374
449540172 298803975
449540172 126331983
449540172 448138331
449540172 79627770
449540172 160326829
449540172 50643061
449540172 93167581
449540172 155648244
449540172 749690324
449540172 834805884
449540172 189116934
449540172 735795291
449540172 705166653
449540172 683206554
449540172 800246832
449540172 546013718
449540172 203564400
449540172 661207256
449189814 297572525
449189814 790042190
449189814 744983681
449189814 528379986
449189814 40064183
449189814 50651589
449189814 528612444
449189814 833397188
449189814 163547178
449189814 677060822
449189814 298809826
449189814 24745765
449189814 653989468
449189814 97364009
449189814 159844013
449189814 159885374
449189814 298803975
449189814 448138331
449189814 79627770
449189814 546013718
449189814 800246832
449189814 449540172
449189814 683206554
449189814 395506302
449189814 705166653
449189814 735795291
449189814 189116934
449189814 834805884
449189814 749690324
449189814 155648244
449189814 93167581
449189814 50643061
833397188 297572525
833397188 790042190
833397188 136726748
833397188 744983681
833397188 528379986
833397188 449189814
833397188 686781229
833397188 258281041
833397188 50651589
833397188 528612444
833397188 833397015
833397188 795116187
833397188 298809826
833397188 24745765
833397188 653989468
833397188 97364009
833397188 159885374
833397188 203564400
833397188 661207256
833397188 546013718
833397188 683206554
833397188 395506302
833397188 56677286
833397188 735795291
833397188 189116934
833397188 749690324
833397188 155648244
833397188 93167581
833397188 160326829
833397188 79627770
833397188 126331983
833397188 298803975
144538733 203564400
686781229 744983681
686781229 528379986
686781229 40064183
686781229 258281041
686781229 50651589
686781229 528612444
686781229 49694696
686781229 1683649
686781229 795116187
686781229 298809826
686781229 24745765
686781229 653989468
686781229 97364009
686781229 159844013
686781229 159885374
686781229 126331983
686781229 448138331
686781229 50643061
686781229 93167581
686781229 749690324
686781229 735795291
686781229 705166653
686781229 56677286
686781229 395506302
686781229 683206554
686781229 449540172
686781229 800246832
686781229 546013718
686781229 297572525
686781229 160326829
686781229 661207256
686781229 203564400
536581737 298807800
536581737 59455977
93167581 297572525
93167581 790042190
93167581 52018446
93167581 136726748
93167581 744983681
93167581 528379986
93167581 449189814
93167581 686781229
93167581 40064183
93167581 50651589
93167581 528612444
93167581 833397188
93167581 1683649
93167581 790046667
93167581 163547178
93167581 236653586
93167581 795116187
93167581 677060822
93167581 298809826
93167581 24745765
93167581 653989468
93167581 97364009
93167581 159844013
93167581 834634771
93167581 159885374
93167581 144540388
93167581 298803975
93167581 126331983
93167581 448138331
93167581 79627770
93167581 160326829
93167581 50643061
93167581 155648244
93167581 749690324
93167581 834805884
93167581 189116934
93167581 735795291
93167581 705166653
93167581 56677286
93167581 395506302
93167581 683206554
93167581 449540172
93167581 800246832
93167581 1653623
93167581 546013718
93167581 661207256
93167581 203564400
136726748 297572525
136726748 50651589
136726748 833397188
136726748 833397015
136726748 677060822
136726748 298809826
136726748 203564400
136726748 661207256
136726748 683206554
136726748 56677286
136726748 735795291
136726748 93167581
136726748 79627770
136726748 126331983
136726748 298803975
136726748 159885374
136726748 834634771
136726748 159844013
136726748 653989468
136726748 24745765
790046667 203564400
790046667 93167581
790046667 50643061
790046667 160326829
790046667 79627770
790046667 163547178
790046667 790042190
653989468 297572525
653989468 136726748
653989468 744983681
653989468 528379986
653989468 449189814
653989468 686781229
653989468 40064183
653989468 258281041
653989468 50651589
653989468 528612444
653989468 49694696
653989468 833397188
653989468 749696263
653989468 833397015
653989468 163547178
653989468 795116187
653989468 298809826
653989468 24745765
653989468 97364009
653989468 159844013
653989468 834885387
653989468 159885374
653989468 298803975
653989468 126331983
653989468 448138331
653989468 152791782
653989468 79627770
653989468 160326829
653989468 93167581
653989468 155648244
653989468 749690324
653989468 834805884
653989468 735795291
653989468 705166653
653989468 56677286
653989468 395506302
653989468 683206554
653989468 449540172
653989468 800246832
653989468 1653623
653989468 546013718
653989468 661207256
653989468 203564400
653989468 350145612
395506302 297572525
395506302 790042190
395506302 52018446
395506302 744983681
395506302 528379986
395506302 449189814
395506302 686781229
395506302 40064183
395506302 50651589
395506302 528612444
395506302 49694696
395506302 833397188
395506302 1683649
395506302 236653586
395506302 795116187
395506302 677060822
395506302 24745765
395506302 97364009
395506302 159844013
395506302 13227567
395506302 159885374
395506302 298803975
395506302 126331983
395506302 448138331
395506302 79627770
395506302 160326829
395506302 93167581
395506302 749690324
395506302 735795291
395506302 705166653
395506302 56677286
395506302 683206554
395506302 546013718
395506302 661207256
395506302 203564400
705166653 297572525
705166653 836611267
705166653 790042190
705166653 744983681
705166653 528379986
705166653 449189814
705166653 686781229
705166653 40064183
705166653 258281041
705166653 50651589
705166653 528612444
705166653 49694696
705166653 1683649
705166653 833397015
705166653 833552533
705166653 163547178
705166653 795116187
705166653 677060822
705166653 298809826
705166653 24745765
705166653 653989468
705166653 97364009
705166653 159844013
705166653 13227567
705166653 159885374
705166653 298803975
705166653 126331983
705166653 448138331
705166653 79627770
705166653 160326829
705166653 93167581
705166653 155648244
705166653 447956196
705166653 306892795
705166653 749690324
705166653 834805884
705166653 189116934
705166653 735795291
705166653 395506302
705166653 683206554
705166653 449540172
705166653 800246832
705166653 1653623
705166653 546013718
705166653 661207256
705166653 203564400
705166653 350145612
754632962 298803975
754632962 160326829
448138331 744983681
448138331 528379986
448138331 449189814
448138331 686781229
448138331 40064183
448138331 528612444
448138331 49694696
448138331 1683649
448138331 163547178
448138331 677060822
448138331 24745765
448138331 653989468
448138331 97364009
448138331 159844013
448138331 126331983
448138331 661207256
448138331 546013718
448138331 800246832
448138331 683206554
448138331 395506302
448138331 705166653
448138331 189116934
448138331 834805884
448138331 749690324
448138331 447956196
448138331 155648244
448138331 93167581
448138331 50643061
448138331 160326829
749690324 297572525
749690324 790042190
749690324 744983681
749690324 528379986
749690324 449189814
749690324 686781229
749690324 40064183
749690324 258281041
749690324 50651589
749690324 528612444
749690324 833397188
749690324 833397015
749690324 163547178
749690324 677060822
749690324 298809826
749690324 24745765
749690324 653989468
749690324 97364009
749690324 159844013
749690324 159885374
749690324 298803975
749690324 126331983
749690324 448138331
749690324 79627770
749690324 160326829
749690324 50643061
749690324 93167581
749690324 155648244
749690324 834805884
749690324 189116934
749690324 735795291
749690324 705166653
749690324 56677286
749690324 395506302
749690324 683206554
749690324 449540172
749690324 800246832
749690324 546013718
749690324 661207256
749690324 203564400
350145612 298803975
350145612 683206554
350145612 528612444
350145612 56677286
350145612 203564400
350145612 735795291
350145612 40064183
350145612 50643061
350145612 126331983
350145612 160326829
350145612 93167581
350145612 24745765
350145612 705166653
350145612 159885374
350145612 49694696
350145612 297572525
350145612 653989468
350145612 528379986
350145612 50651589
350145612 744983681
735795291 297572525
735795291 790042190
735795291 136726748
735795291 744983681
735795291 528379986
735795291 449189814
735795291 686781229
735795291 40064183
735795291 258281041
735795291 50651589
735795291 833397188
735795291 833397015
735795291 795116187
735795291 677060822
735795291 298809826
735795291 24745765
735795291 653989468
735795291 97364009
735795291 159844013
735795291 159885374
735795291 144540388
735795291 298803975
735795291 126331983
735795291 79627770
735795291 160326829
735795291 93167581
735795291 155648244
735795291 749690324
735795291 705166653
735795291 56677286
735795291 395506302
735795291 683206554
735795291 449540172
735795291 800246832
735795291 661207256
735795291 203564400
744983681 297572525
744983681 836611267
744983681 528379986
744983681 449189814
744983681 686781229
744983681 40064183
744983681 50651589
744983681 528612444
744983681 49694696
744983681 833397188
744983681 833397015
744983681 163547178
744983681 795116187
744983681 677060822
744983681 24745765
744983681 653989468
744983681 97364009
744983681 159844013
744983681 159885374
744983681 298803975
744983681 126331983
744983681 448138331
744983681 160326829
744983681 50643061
744983681 93167581
744983681 155648244
744983681 749690324
744983681 834805884
744983681 189116934
744983681 735795291
744983681 705166653
744983681 395506302
744983681 683206554
744983681 449540172
744983681 800246832
744983681 661207256
744983681 350145612
744983681 203564400
165460518 159885374
165460518 741689992
165460518 661207256
144540388 297572525
144540388 790042190
144540388 528379986
144540388 40064183
144540388 258281041
144540388 50651589
144540388 833397015
144540388 163547178
144540388 795116187
144540388 298809826
144540388 24745765
144540388 653989468
144540388 97364009
144540388 834885387
144540388 159885374
144540388 298803975
144540388 126331983
144540388 79627770
144540388 160326829
144540388 93167581
144540388 189116934
144540388 735795291
144540388 56677286
144540388 683206554
144540388 203564400
144540388 661207256
