152574748 127166198
152574748 57648220
152733283 101696159
152733283 82651776
152733283 152592912
152733283 127166198
152733283 123959164
152733283 57648220
152733283 57479387
152733283 44758399
57479387 152733283
15058749 82553811
15058749 39578875
15058749 152592912
15058749 10004316
15058749 152905692
15058749 152448166
15058749 9065847
15058749 65267414
58147887 57658278
58147887 57648220
58147887 152684854
58147887 152669525
58147887 152671312
58147887 152897720
58147887 149532916
58147887 129107633
57609669 127166198
57609669 82553811
57609669 152897720
57658278 54495887
57658278 127166198
152628829 152678032
152628829 127166198
152628829 44758399
152631460 133343728
152631460 127166198
152933840 127166198
152669525 58147887
152669525 44758399
152693314 82553811
152693314 90537718
152693314 17200613
152693314 65267414
152671312 152897720
152622994 82651776
152622994 127166198
152878002 127166198
152878002 57479387
152926531 4823287
152926531 127166198
152896938 82553811
152896938 32880714
152896938 127166198
152896938 52389297
9065847 39578875
9065847 82651776
9065847 152678032
9065847 23854717
9065847 54495887
9065847 127166198
9065847 15058749
9065847 7453244
9065847 57648220
9065847 10004316
9065847 65267414
9065847 58288956
10004316 152725714
10004316 15058749
10004316 152905692
10004316 9065847
10004316 44758399
10004316 65267414
152957228 127166198
152957228 123959164
82553811 38830890
82553811 4823287
82553811 152693314
82553811 23854717
82553811 127166198
82553811 152932324
82553811 15058749
82553811 52389314
82553811 152896938
82553811 57651521
82553811 57609669
82553811 57648220
82553811 152684854
82553811 152574748
82553811 65267414
582763469 127166198
152692319 127166198
152678032 4823287
152678032 32880714
152678032 127166198
152678032 152628829
152678032 152448166
152678032 9065847
152678032 57648220
152678032 44758399
152678032 152897720
724592576 127166198
133343728 127166198
133343728 152631460
40228258 127166198
52389297 23854717
52389297 127166198
52389297 10004316
52389297 152896938
52389297 44758399
52389297 149532916
152906567 127166198
152906567 152926656
152906567 32880714
152681831 127166198
57651521 4823287
57651521 210191899
57651521 82553811
57651521 152592912
57651521 44758399
65267414 10004316
65267414 82553811
65267414 23854717
65267414 15058749
65267414 9065847
65267414 152905692
65267414 152693314
65267414 127166198
131196344 127166198
131196344 82553811
39578875 127166198
39578875 15058749
39578875 90537718
39578875 152897720
123959164 127166198
123959164 57648220
129107633 58147887
129107633 127166198
711778095 127166198
152725714 127166198
152725714 10004316
101696159 127166198
32880714 38830890
32880714 4823287
32880714 152678032
32880714 152896938
32880714 152906567
152941117 52389314
580873735 65267414
149532916 152448166
149532916 127166198
149532916 152938238
149532916 44758399
149532916 152891636
152932324 82553811
152932324 127166198
58288956 152905692
58288956 152897720
58288956 9065847
58288956 65385355
756498490 127166198
152448166 4823287
152448166 127166198
152448166 15058749
152448166 152897720
44758399 38830890
44758399 4823287
44758399 152733283
44758399 127166198
44758399 152628829
44758399 10004316
44758399 152669525
44758399 152657324
44758399 52389297
44758399 57651521
44758399 152678032
44758399 699149775
44758399 57648220
44758399 152684854
44758399 152670019
44758399 152913650
44758399 82651776
44758399 152592912
44758399 152622198
44758399 149532916
152938238 38830890
152938238 127166198
152938238 152622198
152938238 149532916
728441084 127166198
152684594 127166198
7453244 9065847
152622198 127166198
152622198 152891636
152622198 44758399
152622198 57648220
152622198 152938238
152622198 152678032
152622198 129107633
210191899 38830890
210191899 4823287
210191899 57651521
82651776 127166198
82651776 152622994
82651776 152448166
82651776 9065847
82651776 152657324
82651776 152896938
82651776 57648220
82651776 44758399
82651776 2520437
82651776 152622198
82651776 152899564
152670019 127166198
152670019 44758399
41265590 127166198
4823287 82553811
4823287 152926531
4823287 152678032
4823287 210191899
4823287 32880714
4823287 127166198
4823287 57648220
4823287 152448166
4823287 57651521
4823287 44758399
152913650 127166198
152913650 44758399
152631913 127166198
152631913 57648220
52389314 82553811
52389314 127166198
152592912 152733283
152592912 15058749
152592912 57651521
152592912 44758399
152592912 152899564
152684854 127166198
152684854 82553811
152684854 44758399
152897720 127166198
152926656 127166198
152926656 152906567
57648220 127166198
57648220 152631913
57648220 82553811
57648220 82651776
57648220 44758399
57648220 65385355
38830890 82553811
38830890 152938238
38830890 210191899
38830890 32880714
38830890 44758399
38830890 152899564
90537718 17200613
699149775 127166198
699149775 82651776
699149775 152678032
699149775 44758399
152899564 38830890
152899564 127166198
152899564 10004316
152899564 152592912
23854717 82553811
23854717 52389297
23854717 2520437
23854717 9065847
23854717 65267414
601869674 127166198
2520437 127166198
152906076 127166198
152657324 82651776
152657324 127166198
152657324 44758399
152905692 15058749
152905692 10004316
152905692 65267414
152905692 58288956
152907155 152897720
