199885129 130419770
198177014 235641361
235641361 198177014
93090321 122358568
699872643 836610965
82268636 130419770
364133840 225419233
98958753 138644760
166443109 136366282
138644760 144760898
836610965 699872643
506272924 225291686
123664969 122358568
123664969 544806668
159909055 130419770
741550767 198177014
104791341 198177014
127653075 93090321
136366282 166443109
122358568 93090321
122358568 123664969
544806668 123664969
225419233 364133840
55041606 152260506
49244033 544806668
144760898 138644760
225291686 506272924
