357609546 127237855
107660556 107670248
107660556 127237855
295904522 127237855
107661001 127237855
107661001 107670248
107661001 130086474
642489860 127237855
67521725 210191739
67521725 57650822
67521725 127237855
263301658 107670248
263301658 127237855
636939771 107670248
295267733 127237855
269263207 257886181
107672130 127237855
107672130 107670248
279767773 127237855
233039961 107670248
105488872 127237855
228632805 107670248
228632805 127237855
38608694 107670248
58250319 216782228
58250319 127237855
107669423 127237855
230400101 130086474
230400101 107670248
230400101 281222813
230400101 127237855
298663444 107670248
281222813 127237855
281222813 107670248
58362527 127237855
58362527 107670248
107658950 127237855
107658950 269263207
107658950 107670248
237783512 107670248
57598104 127237855
166794736 127237855
216782228 58250319
216782228 127237855
13724712 107670248
13724712 269263207
13724712 127237855
248711186 107670248
541479391 127237855
54303604 216782228
54303604 107670248
54303604 127237855
297727869 107674595
297727869 127237855
167608686 127237855
134060685 127237855
122281441 127237855
142794287 127237855
261908297 107670248
229621419 107670248
229621419 127237855
285374327 127237855
642482205 127237855
107674651 107670248
107674651 107674595
228958571 107670248
228958571 130086474
107670248 127237855
257886181 127237855
257886181 269263207
257886181 107670248
228315486 107670248
228315486 228632805
77578794 127237855
15116440 127237855
145678608 127237855
145678608 107670248
145678608 281222813
836048438 107670248
302343294 127237855
228751260 107670248
189174704 127237855
107674595 297727869
107674595 107661001
107674595 107674651
107674595 127237855
233592332 107670248
233592332 127237855
58273495 127237855
75286322 107674595
75286322 107670248
75286322 269263207
75286322 107674651
75286322 127237855
296520381 127237855
58182829 107670248
58182829 127237855
58182829 269263207
57650822 67521725
229199972 107670248
229199972 127237855
219831612 127237855
6135057 127237855
293920241 107670248
293920241 127237855
107671136 107670248
107671136 127237855
229056740 107670248
212794163 127237855
642485742 281222813
642485742 127237855
58121697 127237855
58121697 107670248
58121697 130086474
9882519 127237855
218100677 107670248
218100677 127237855
49335481 107670248
164373623 127237855
12096996 127237855
642481100 127237855
546101423 107670248
546101423 281222813
546101423 127237855
289836151 257886181
289836151 127237855
266769178 107670248
266769178 127237855
210191739 67521725
167818248 127237855
212824207 127237855
642478613 127237855
4090941 127237855
4090941 130086474
25448948 127237855
734075337 107670248
263425685 107670248
218989266 127237855
294326198 107670248
294326198 127237855
