29073605 134546131
45148279 8974234
35647310 35186388
54967937 306368739
54967937 128396427
54967937 55257519
54967937 54393642
54967937 133471202
54967937 8974234
684428483 8974234
306368739 55035762
306368739 54967937
136596435 8974234
55257519 54393642
55257519 54967937
54393642 55257519
54393642 55035762
54393642 54967937
55035762 306368739
55035762 54393642
55035762 287686894
55035762 54967937
35186388 35647310
128396427 8974234
128396427 54967937
22392251 8974234
134546131 8974234
134546131 29073605
287686894 55035762
