434093955 215757790
605119062 215757790
81378131 404501932
152808169 152941850
152713317 215757790
152713317 57856221
152713317 56907330
152713317 152545808
522436360 215757790
55227790 215757790
30213198 215757790
152941850 152808169
90075576 215757790
57856221 215757790
57856221 152581815
57856221 7674409
57856221 122856579
57856221 152545808
57856221 152953585
57856221 135295430
57856221 97137345
57856221 152713317
215757790 61306089
215757790 434093955
215757790 31343115
421683156 215757790
81377665 215757790
833332501 135295430
655654996 783320421
152545808 57856221
152545808 299246260
152545808 152713317
294282105 29508532
9023080 43968217
9023080 76157858
9023080 122856579
9023080 215757790
9023080 7674409
9023080 421529183
9023080 52450086
9023080 97137345
122856579 57856221
122856579 404501932
122856579 9023080
61306089 215757790
135295430 215757790
7674409 57856221
7674409 9023080
130092665 25351096
152953585 215757790
152953585 152920022
152953585 97137345
152504507 215757790
152504507 152677678
421529183 9023080
152677678 152504507
152677678 215757790
29508532 294282105
183751642 101173888
276213795 152581815
276213795 215757790
833336999 215757790
101173888 183751642
16672359 57856221
16672359 97137345
199840154 215757790
76157858 9023080
21259861 37078434
97137345 215757790
97137345 9023080
97137345 152953585
52450086 9023080
52450086 97137345
25351096 130092665
152920022 123922401
152920022 215757790
152920022 152953585
31343115 215757790
299246260 152545808
37078434 21259861
43968217 215757790
147920174 522436360
147920174 135295430
147920174 215757790
404501932 122856579
404501932 215757790
756513887 522436360
56907330 152713317
45035494 215757790
783320421 655654996
783320421 215757790
152581815 215757790
152581815 57856221
27992331 215757790
98022407 215757790
