152565134 57648979
152565134 19362934
21534606 19362934
21534606 81968445
21534606 107496103
21534606 92196675
21534606 57648979
21534606 64562913
50859648 124914994
50859648 57648979
50859648 19362934
134122344 57648979
134122344 16139661
134122344 19362934
134122344 421493521
134122344 9116942
45162005 54381944
45162005 58352306
45162005 29833763
45162005 45161236
45162005 57648979
45162005 176741194
45162005 128732460
45162005 69503363
45162005 16139661
45161236 57648979
45161236 16139661
45161236 421493521
29833763 16139661
29833763 92196675
29833763 152432918
29833763 69503363
29833763 11875775
29833763 57646959
29833763 45162005
29833763 9116942
107496103 57648979
107496103 16139661
107496103 152432918
107496103 128732460
107496103 21534606
251850259 69503363
6310043 58352306
6310043 310638778
6310043 57648979
6310043 52580295
6310043 69503363
6310043 152432918
6310043 58265013
6310043 421493521
44843235 421493521
44843235 57646959
44843235 61938168
44843235 16139661
44843235 57648979
44843235 176741194
69503363 57646959
69503363 16139661
69503363 6310043
69503363 57648979
69503363 92196675
69503363 52580295
69503363 58017031
69503363 205884938
69503363 152432918
69503363 128732460
69503363 29833763
69503363 19362934
69503363 45162005
69503363 251850259
81968445 16139661
9116942 107496103
9116942 64562913
9116942 29833763
9116942 57648979
9116942 61938168
9116942 134122344
128732460 107496103
128732460 16139661
128732460 45161236
128732460 52580295
128732460 54377023
128732460 57648979
128732460 58352306
128732460 69503363
128732460 29833763
128732460 3651689
128732460 421493521
128732460 176741194
310638778 6310043
310638778 57648979
30954595 58017031
30954595 57648979
30954595 152432918
30954595 19362934
10011542 64562913
10011542 16139661
158192794 52580295
158192794 16139661
152432918 92196675
152432918 107496103
152432918 310638778
152432918 167840892
152432918 58017031
152432918 58352306
152432918 57648979
152432918 6310043
152432918 45161236
152432918 30954595
152432918 54381944
152432918 205884938
152432918 69503363
152432918 64562913
152432918 128732460
152432918 29833763
152432918 541472906
152432918 421493521
152432918 9116942
152432918 176741194
298850845 57648979
298850845 16139661
65435754 58352306
65435754 16139661
65435754 57648979
65435754 19362934
65435754 421493521
609144664 57648979
609144664 19362934
609144664 58017031
167840892 11875775
167840892 57648979
167840892 61938168
167840892 176741194
167840892 58265013
167840892 152432918
54381944 58352306
54381944 57648979
54381944 16139661
54381944 52580295
54381944 152432918
3651689 128732460
541472906 152432918
541472906 57648979
12503546 45161236
12503546 16139661
12503546 57648979
12503546 58352306
12503546 128732460
12503546 81968445
12503546 251850259
11875775 58352306
11875775 57648979
11875775 16139661
11875775 167840892
11875775 35229367
11875775 29833763
11875775 19362934
11875775 176741194
54377023 58352306
54377023 107496103
54377023 128732460
54377023 421493521
16139661 54381944
16139661 45161236
16139661 107496103
16139661 92196675
16139661 58352306
16139661 57648979
16139661 205884938
16139661 134122344
16139661 58017031
16139661 57646959
16139661 61938168
16139661 65435754
16139661 12503546
16139661 45153697
16139661 52580295
16139661 11875775
16139661 69503363
16139661 205885135
16139661 64562913
16139661 35229367
16139661 128732460
16139661 10011542
16139661 29833763
16139661 45162005
16139661 158192794
16139661 81968445
16139661 298850845
16139661 58265013
16139661 176741194
16139661 421493521
16139661 44843235
57648979 107496103
57648979 134122344
57648979 6310043
57648979 58352306
57648979 310638778
57648979 45161236
57648979 16139661
57648979 58017031
57648979 30954595
57648979 57646959
57648979 152565134
57648979 61938168
57648979 65435754
57648979 12503546
57648979 45153697
57648979 11875775
57648979 167840892
57648979 69503363
57648979 205885135
57648979 58129557
57648979 57994033
57648979 50859648
57648979 64562913
57648979 35229367
57648979 128732460
57648979 19362934
57648979 609144664
57648979 45162005
57648979 298850845
57648979 21534606
57648979 58265013
57648979 176741194
57648979 9116942
57648979 421493521
57648979 44843235
61938168 58352306
61938168 57648979
61938168 16139661
61938168 58017031
61938168 167840892
61938168 19362934
61938168 58265013
61938168 176741194
61938168 9116942
61938168 421493521
61938168 44843235
57994033 57648979
57994033 19362934
35229367 57648979
35229367 16139661
124914994 50859648
64562913 107496103
64562913 152432918
64562913 57646959
64562913 58352306
64562913 16139661
64562913 57648979
64562913 45161236
64562913 10011542
64562913 176741194
64562913 9116942
58129557 57648979
58017031 16139661
58017031 57648979
58017031 58352306
58017031 30954595
58017031 54377023
58017031 61938168
58017031 52580295
58017031 69503363
58017031 152432918
58017031 609144664
58017031 44843235
58017031 58265013
178135435 19362934
205884938 69503363
205884938 16139661
205884938 58352306
205885135 16139661
205885135 45161236
205885135 57648979
205885135 58352306
205885135 19362934
205885135 421493521
205885135 176741194
57646959 107496103
57646959 16139661
57646959 57648979
57646959 69503363
57646959 29833763
57646959 19362934
57646959 44843235
57646959 176741194
19362934 50859648
19362934 57648979
19362934 30954595
19362934 65435754
19362934 57646959
19362934 205885135
19362934 11875775
19362934 69503363
19362934 61938168
19362934 134122344
19362934 152565134
19362934 57994033
19362934 58352306
19362934 609144664
19362934 178135435
19362934 21534606
19362934 58265013
19362934 421493521
52580295 58352306
52580295 92196675
52580295 61938168
52580295 45161236
52580295 57648979
52580295 58017031
52580295 16139661
52580295 6310043
52580295 107496103
52580295 54381944
52580295 45153697
52580295 69503363
52580295 152432918
52580295 128732460
52580295 609144664
52580295 158192794
52580295 58265013
52580295 421493521
421493521 16139661
421493521 58352306
421493521 205885135
421493521 107496103
421493521 19362934
421493521 57648979
421493521 54377023
421493521 6310043
421493521 92196675
421493521 52580295
421493521 45161236
421493521 65435754
421493521 152432918
421493521 176741194
421493521 134122344
421493521 128732460
421493521 44843235
58352306 205884938
58352306 54381944
58352306 6310043
58352306 45161236
58352306 57648979
58352306 16139661
58352306 58017031
58352306 57646959
58352306 54377023
58352306 65435754
58352306 52580295
58352306 11875775
58352306 205885135
58352306 35229367
58352306 128732460
58352306 19362934
58352306 58265013
92196675 58352306
92196675 45161236
92196675 16139661
92196675 45153697
92196675 52580295
92196675 69503363
92196675 152432918
92196675 128732460
92196675 29833763
92196675 21534606
92196675 421493521
45153697 92196675
45153697 16139661
45153697 57648979
45153697 52580295
45153697 35229367
45153697 128732460
45153697 45162005
45153697 176741194
58265013 61938168
58265013 57648979
58265013 58017031
58265013 19362934
58265013 6310043
58265013 58352306
58265013 16139661
58265013 54381944
58265013 167840892
58265013 45161236
176741194 45162005
176741194 107496103
176741194 11875775
176741194 57646959
176741194 16139661
176741194 205885135
176741194 64562913
176741194 61938168
176741194 57648979
176741194 45153697
176741194 128732460
176741194 152432918
176741194 167840892
176741194 421493521
176741194 44843235
