581309324 58441706
57652256 59202622
57652256 58441706
57652256 580992746
582628836 58441706
57649409 58441706
152858405 582072391
152858405 58441706
152858405 581158060
758012759 58441706
34073802 58441706
57647823 97087570
57647823 58441706
57647823 59202622
581682868 58441706
189169274 58441706
580988406 59202622
483305293 58441706
135951258 58441706
135951258 65498085
154855656 58441706
154855656 152680559
582153379 152543038
582153379 58441706
582153379 152939029
152914297 59202622
152914297 152932611
25383548 99912762
25383548 97087570
25383548 58441706
25383548 22605941
25383548 580992746
57647097 152931812
57647097 57608267
57647097 57648057
57647097 59202622
97087570 57647783
97087570 58314095
97087570 152939029
97087570 58441706
97087570 67818805
97087570 128215756
97087570 25383548
97087570 57647823
67818805 97087570
67818805 58441706
67818805 152954123
67818805 22605941
67818805 152932611
82609197 99912762
82609197 58441706
82609197 57608267
82609197 59202622
82609197 152680559
152503804 58441706
152954123 58441706
152954123 67818805
152680559 82609197
152680559 65498085
152680559 154855656
152680559 58441706
152680559 59202622
6961236 99912762
6961236 58441706
6961236 27786194
152931812 57647783
152931812 58441706
152931812 57647097
152931812 59202622
27786194 72548331
27786194 59202622
27786194 65498085
27786194 152920327
27786194 6961236
152939029 57647783
152939029 97087570
152939029 58441706
152939029 59202622
152939029 65498085
152939029 58085742
128215756 58441706
58259824 58441706
152797174 58441706
110696360 57647783
110696360 58441706
110696360 59202622
65487855 58441706
65487855 57608267
65487855 72548331
155846323 58441706
57608267 65487855
57608267 57647783
57608267 58441706
57608267 82609197
57608267 57647097
57608267 22605941
57608267 581158060
580992746 57646589
580992746 25383548
580992746 58441706
580992746 57652256
582206970 58441706
582206970 103530340
124768015 58441706
581639683 58441706
152692459 58441706
44758521 57647783
44758521 58441706
44758521 65498085
44758521 58085742
57646589 57647783
57646589 59202622
57646589 580992746
581158060 58441706
581158060 57608267
581158060 152858405
72548331 65487855
72548331 58441706
72548331 82609197
58314095 97087570
58314095 58441706
58314095 59202622
474504173 58441706
582075451 58441706
152703034 58441706
152932611 152914297
152932611 67818805
152677393 58441706
22605941 99912762
22605941 67818805
22605941 57608267
22605941 25383548
13078342 99912762
58419983 58441706
34747431 58441706
210195584 58441706
210195584 59202622
210195584 58085742
219643022 58441706
152592549 58441706
76422631 58441706
152543038 58441706
152543038 582153379
152543038 59202622
152920327 58441706
152920327 27786194
57647783 97087570
57647783 152931812
57647783 152939029
57647783 57608267
57647783 110696360
57647783 44758521
57647783 57646589
152890931 58441706
359367481 58441706
50901332 58441706
59202622 58314095
59202622 152931812
59202622 152543038
59202622 152939029
59202622 27786194
59202622 58441706
59202622 82609197
59202622 152914297
59202622 57647097
59202622 580988406
59202622 103530340
59202622 110696360
59202622 210195584
59202622 72548331
59202622 57647823
59202622 57646589
59202622 65498085
59202622 57652256
59202622 152680559
65498085 99912762
65498085 135951258
65498085 152939029
65498085 27786194
65498085 59202622
65498085 44758521
65498085 152680559
582072391 58441706
57648057 58441706
57648057 57647097
103530340 58441706
103530340 59202622
