32352586 16463792
72756466 16463792
22227387 16463792
55896531 16463792
106357936 36302652
106357936 33949245
106357936 16463792
55076756 6174861
55076756 54422553
55076756 16463792
33949245 106357936
33949245 16463792
127839627 79200242
127839627 16463792
36732604 16463792
735391142 16463792
677314041 6174861
677314041 16463792
52575091 16463792
52575091 54365650
52575091 58352306
56802069 16463792
16963962 16463792
199745964 16463792
304827758 16463792
33099148 16463792
15000776 54365650
73383223 6174861
73383223 16463792
73383223 54365650
36302652 6174861
36302652 106357936
36302652 16463792
836614923 16463792
777653880 16463792
37973354 16463792
29804326 16463792
29258109 16463792
176150567 79200242
176150567 16463792
6443453 16463792
21821798 16463792
236890918 16463792
145237557 16463792
142772668 16463792
54407379 58352306
54407379 16463792
54407379 6174861
58302875 16463792
6174861 32352586
6174861 45478504
6174861 55076756
6174861 36302652
6174861 9256432
6174861 677314041
6174861 58352306
6174861 118766281
6174861 54365650
6174861 52575091
6174861 73383223
54631367 127839627
54365650 6174861
54365650 15000776
54365650 58352306
54365650 52575091
54365650 73383223
56936255 16463792
70897807 38331936
79200242 176150567
79200242 16463792
118766281 6174861
118766281 16463792
118766281 52575091
118766281 127839627
55570749 16463792
54668945 16463792
299362322 16463792
147916816 16463792
55241075 16463792
116342475 16463792
45478504 54422553
45478504 16463792
54576871 16463792
836613681 16463792
19413497 16463792
147607540 16463792
9756089 16463792
38331936 70897807
38331936 16463792
54422553 6174861
54422553 55076756
54422553 58352306
54422553 16463792
54422553 118766281
39456769 16463792
9256432 6174861
9256432 16463792
49557117 16463792
115741321 16463792
11625670 16463792
58352306 16463792
58352306 54365650
58352306 54407379
58352306 52575091
259661034 16463792
