167259283 77516423
167259283 545051497
167259283 127788397
167259283 5284156
167259283 135982738
154945039 68002011
154945039 12468155
154945039 60081506
154945039 24837177
5284156 68002011
5284156 135982738
5284156 545051497
131262796 12468155
14266060 12468155
14266060 24837177
68002011 12468155
68002011 8412362
68002011 60081506
68002011 127353502
68002011 5284156
95535863 12468155
95535863 24837177
529236829 24837177
12468155 128722523
12468155 60081506
12468155 93760800
604317723 68002011
4613186 12468155
529104735 68002011
529104735 24837177
93760800 12468155
93760800 60081506
93760800 24837177
545053207 135982738
545053207 5284156
93402359 5284156
60337796 128722523
60337796 217181300
60337796 155783925
131305013 24837177
131305013 5284156
155678703 5284156
77516423 112243422
77516423 5284156
77516423 135982738
77516423 132692741
132692741 135982738
132692741 5284156
127353502 68002011
127353502 24837177
662834877 24837177
14691478 24837177
78344086 60337796
78344086 12468155
210981375 68002011
210981375 60081506
210981375 24837177
823922569 69353162
823922569 60081506
823922569 24837177
14987226 68002011
14987226 24837177
367046512 68002011
367046512 24837177
217181300 60337796
217181300 695073431
217181300 155783925
836614280 12468155
155783925 60337796
155783925 217181300
155783925 323070172
210445051 5284156
545051497 5284156
128588899 24837177
21707488 12468155
166546895 12468155
323070172 155783925
188985212 68002011
188985212 60081506
90578008 68002011
90578008 24837177
301741745 114476830
301741745 68002011
7770390 12468155
695073431 217181300
13456078 12468155
19435560 128722523
19435560 12468155
19435560 24837177
211604009 632628448
114476830 68002011
114476830 1578254
114476830 24837177
114476830 90578008
114476830 301741745
741693421 24837177
138560652 24837177
177365938 12468155
545053564 5284156
44724916 128722523
44724916 12468155
24837177 701266059
24837177 69353162
24837177 12468155
24837177 1578254
24837177 60081506
24837177 128588899
24837177 1570247
24837177 138560652
24837177 449526679
24837177 127353502
24837177 93475847
24837177 102820667
24837177 5284156
8412362 68002011
8412362 60081506
499770539 24837177
142918794 68002011
142918794 60081506
142918794 24837177
449526679 68002011
449526679 24837177
142443152 135982738
142443152 5284156
112243422 77516423
112243422 545100456
112243422 135982738
112243422 5284156
72863826 12468155
545100456 112243422
545100456 135982738
545100456 5284156
60081506 68002011
60081506 69353162
60081506 12468155
60081506 8412362
60081506 823922569
177037776 60081506
177037776 24837177
761040380 68002011
761040380 24837177
49285056 5284156
3951212 112243422
36449980 68002011
4786745 128722523
4786745 193265702
38533871 135982738
93475847 68002011
93475847 12468155
93475847 24837177
193265702 12468155
193265702 4786745
69353162 24837177
69353162 823922569
69353162 60081506
55261602 12468155
55261602 323070172
170032048 5284156
128722523 12468155
1578254 114476830
1570247 68002011
1570247 24837177
1570247 60081506
545032466 5284156
685434580 68002011
401202897 24837177
137005929 620809603
137005929 68002011
127788397 24837177
127788397 5284156
135982738 77516423
135982738 132692741
135982738 38533871
135982738 5284156
