155125362 127180465
155125362 127221354
10442912 127180465
10442912 169553846
10442912 127221354
31821935 127180465
31821935 127221354
82652868 127180465
82652868 138612490
82652868 127221354
836613050 127180465
37835703 127221354
218158219 127180465
218158219 127221354
218105094 127180465
218105094 127221354
38257696 127221354
38257696 127180465
56616601 127180465
387171620 62173179
387171620 39798404
54991994 62173179
218152691 127180465
218152691 127221354
512615668 127221354
58028688 127180465
58028688 127221354
58013947 127180465
58013947 127221354
110693962 127180465
110693962 127221354
110693962 127750787
7459207 218109581
7459207 127221354
7459207 152541746
218110763 127180465
218110763 127221354
757717471 127180465
144777258 23793185
144777258 127180465
144777258 127221354
58095797 127180465
128605253 98681378
58016130 127221354
98681378 128605253
203226578 37545051
607455186 127180465
635881017 127180465
213633262 127180465
213633262 127221354
85978075 127180465
108278778 23793185
108278778 56845143
108278778 127180465
108278778 58079051
108278778 127221354
152922014 32109397
56845143 127180465
56845143 127221354
32109397 152922014
131221844 127180465
90922486 127221354
193483726 127221354
56464634 127180465
56464634 127221354
218109581 127180465
218109581 127221354
218104622 127180465
218104622 127221354
169553846 127221354
169553846 127180465
218116463 127180465
152820143 127180465
127750787 127221354
128104441 127180465
728638001 127221354
82768139 218110763
82768139 127180465
82768139 127221354
49268658 37545051
49268658 23793185
49268658 127180465
49268658 127221354
218110099 127180465
218110099 127221354
30194732 127180465
30194732 127221354
31594353 127221354
37545051 203226578
37545051 127180465
724186734 127221354
127180465 138612490
127180465 127221354
127221354 56845143
127221354 218110763
127221354 127180465
127221354 23875839
58252304 127180465
58252304 127221354
103147977 127221354
98814059 127180465
98814059 127221354
128807751 127221354
218101195 127180465
218101195 127221354
44253968 127180465
218104940 127180465
152541746 127180465
152541746 127221354
124316618 127180465
23875839 127180465
23875839 138612490
23875839 127221354
23875839 58252304
23875839 127750787
129417419 127180465
46946320 127180465
46946320 127221354
58079051 23793185
58079051 127180465
58079051 108278778
58079051 127221354
218145126 127180465
218145126 127221354
148166412 127221354
138612490 127180465
138612490 127221354
138612490 23875839
56877301 127221354
23793185 127180465
23793185 58079051
23793185 127221354
