806271933 152797069
806271933 128325446
806271933 152477329
128325446 152921777
128325446 57652788
128325446 148201018
128325446 37275385
128325446 139708540
128325446 806271933
128325446 107478886
128325446 152602162
128325446 79323868
128325446 4673854
128325446 580882565
128325446 152658583
128325446 57644350
128325446 44760154
128325446 57651219
128325446 34840314
128325446 58050461
128325446 57600278
128325446 152819220
128325446 132449158
128325446 152735104
128325446 152808517
128325446 152626909
128325446 152578056
128325446 152954990
128325446 14218142
128325446 152732494
128325446 9493076
128325446 152920585
128325446 152603924
128325446 152477329
128325446 152898675
128325446 10406155
68787761 152621050
68787761 4673854
68787761 152477329
139708540 128325446
139708540 4673854
139708540 57647722
139708540 152477329
47833888 4673854
152845182 152477329
445868998 812506545
152602162 152731503
152602162 57651219
152602162 128325446
152602162 4673854
152602162 83118580
152602162 152954990
152602162 152477329
152931225 36895440
152931225 4673854
152931225 152622715
152931225 152477329
152931225 152956833
152529948 152658583
152529948 148201018
152529948 152622715
152529948 36895440
152529948 310642001
152529948 152477329
152529948 4673854
152529948 812506545
58445282 14218142
58445282 152529948
58445282 152477329
107478886 128325446
107478886 36895440
107478886 4673854
107478886 152477329
52575091 152477329
4465660 127591540
4465660 37275385
4465660 4673854
85826419 310642001
85826419 58050461
85826419 152626909
85826419 152477329
4673854 152921777
4673854 57652788
4673854 148201018
4673854 127591540
4673854 37275385
4673854 152626909
4673854 68787761
4673854 85826419
4673854 152602162
4673854 128325446
4673854 79323868
4673854 83118580
4673854 152808517
4673854 44760154
4673854 36895440
4673854 57651219
4673854 57644350
4673854 34840314
4673854 58050461
4673854 152797069
4673854 57600278
4673854 42108036
4673854 152700738
4673854 152819220
4673854 132449158
4673854 152735104
4673854 57647722
4673854 73034629
4673854 58445282
4673854 139708540
4673854 152731503
4673854 152797191
4673854 152931225
4673854 152954990
4673854 152931192
4673854 14218142
4673854 152732494
4673854 9493076
4673854 152920585
4673854 4465660
4673854 152603924
4673854 36216431
4673854 152477329
4673854 152956833
4673854 133788828
4673854 47833888
4673854 10406155
37275385 132449158
37275385 57647722
37275385 128325446
37275385 4673854
37275385 57644350
37275385 14218142
37275385 4465660
37275385 36216431
37275385 152477329
152731503 152602162
152731503 57644350
152731503 4673854
152731503 152477329
152731503 152529948
152808517 128325446
42108036 152626909
42108036 4673854
42108036 152931192
42108036 152477329
700813358 58050461
700813358 152477329
152819220 4673854
152819220 128325446
152819220 152477329
152954990 152602162
152954990 57644350
152954990 57600278
152954990 128325446
152954990 36895440
152954990 4673854
152954990 534420385
152954990 14218142
152954990 152477329
152898675 128325446
152898675 14218142
152898675 152622715
152898675 152477329
10406155 4673854
10406155 128325446
10406155 44760154
10406155 152477329
812563636 55570749
501373319 152603924
152477329 4673854
152477329 68787761
152477329 152797191
152477329 152954990
152477329 14218142
152477329 806271933
152477329 152673946
152477329 152797069
152477329 37275385
152477329 152735104
152477329 310642001
152477329 85826419
152477329 127591540
152477329 128325446
152477329 152502935
152477329 58050461
152477329 36895440
152477329 152622715
152477329 152674646
152477329 58445282
152477329 758047932
152477329 152819220
152477329 58023425
152477329 55570749
152477329 152808517
152477329 633988155
152477329 152602162
152477329 152920585
152477329 9493076
152477329 152545677
152477329 152833227
152477329 152575199
152477329 812506545
152477329 152732494
152477329 52575091
152477329 152731503
152477329 580882565
152477329 152700738
152477329 139708540
152477329 152486141
152477329 152602612
152477329 152626909
152477329 152724745
152477329 152603924
152477329 152898675
152477329 152956833
152477329 133788828
152477329 152529948
36216431 57651219
36216431 4673854
36216431 34840314
36216431 37275385
36216431 152477329
812506545 152529948
812506545 152477329
633988155 152477329
34840314 58425188
34840314 4673854
34840314 152934239
34840314 57651219
34840314 128325446
34840314 152735104
34840314 14218142
34840314 36216431
34840314 152477329
34840314 152956833
152578056 128325446
152578056 14218142
152578056 152732494
152578056 152477329
36895440 152833227
36895440 57644350
36895440 4673854
36895440 132449158
36895440 152622715
36895440 152626909
36895440 152477329
36895440 152529948
152700738 4673854
152700738 73034629
152700738 36895440
152700738 152477329
152622715 4673854
152622715 152931225
152622715 36895440
152622715 152931192
152622715 14218142
152622715 152732494
152622715 152477329
152622715 152898675
152622715 152529948
580882565 128325446
580882565 152477329
57647722 127591540
57647722 37275385
57647722 44760154
57647722 57644350
57647722 4673854
57647722 132449158
57647722 139708540
57647722 4465660
83118580 152602162
83118580 4673854
152602612 152477329
152626909 152930231
152626909 127591540
152626909 42108036
152626909 4673854
152626909 57644350
152626909 44760154
152626909 36895440
152626909 57651219
152626909 128325446
152626909 58050461
152626909 85826419
152626909 152735104
152626909 14218142
152626909 9493076
152626909 152477329
152486141 152477329
44760154 152921777
44760154 152797069
44760154 132449158
44760154 152626909
44760154 57647722
44760154 128325446
44760154 4673854
44760154 14218142
44760154 10406155
79323868 128325446
79323868 4673854
152797069 44760154
152797069 152731503
152797069 152603924
152797069 152477329
152445579 152477329
152566221 4673854
9493076 4673854
9493076 128325446
9493076 57644350
9493076 14218142
9493076 152797191
9493076 152626909
9493076 152735104
9493076 58050461
9493076 152477329
152920585 128325446
152920585 36895440
152920585 57644350
152920585 4673854
152920585 152954990
152920585 152732494
152920585 152477329
132449158 37275385
132449158 44760154
132449158 57644350
132449158 4673854
132449158 57647722
132449158 152934239
132449158 139708540
132449158 57651219
132449158 128325446
132449158 34840314
132449158 152735104
132449158 152731503
132449158 152931192
132449158 14218142
132449158 152732494
57651219 152602162
57651219 4673854
57651219 152934239
57651219 128325446
57651219 34840314
57651219 58050461
57651219 132449158
57651219 152626909
57651219 14218142
57651219 36216431
57651219 152477329
152621050 57652788
152621050 68787761
152621050 42108036
152621050 4673854
58023425 4673854
58023425 152833227
58023425 152477329
152658583 152735104
152658583 42108036
152658583 152724745
152658583 152502935
152658583 128325446
152658583 4673854
152658583 152954990
152658583 14218142
152658583 152477329
152658583 152529948
55570749 152931192
55570749 152477329
152674646 4673854
152674646 152477329
152728069 152477329
152956833 57644350
152956833 34840314
152956833 4673854
152956833 133788828
152502935 152658583
152502935 152477329
57600278 57652788
57600278 57644350
57600278 4673854
57600278 139708540
57600278 128325446
57600278 152819220
57600278 152735104
57600278 14218142
152934239 57651219
152934239 57644350
152934239 34840314
152934239 132449158
152934239 152732494
152934239 152603924
310642001 85826419
310642001 152477329
310642001 152529948
152732494 4673854
152732494 152622715
152732494 14218142
152732494 57652788
152732494 128325446
152732494 152797191
152732494 132449158
152732494 152578056
152732494 152934239
152732494 152920585
152732494 152477329
152732494 152956833
152833227 36895440
152833227 57600278
152833227 73034629
152833227 152602612
152833227 4673854
152833227 152819220
152833227 58023425
152833227 152931192
152833227 14218142
152833227 152477329
152833227 152956833
152833227 47833888
152735104 152658583
152735104 57644350
152735104 4673854
152735104 128325446
152735104 34840314
152735104 57600278
152735104 132449158
152735104 152626909
152735104 14218142
152735104 9493076
152735104 152477329
152931192 73034629
152931192 152954990
152931192 55570749
152931192 42108036
152931192 57644350
152931192 152819220
152931192 4673854
152931192 152956833
58425188 34840314
58425188 152728069
58425188 152797191
58425188 57644350
58425188 152931192
58425188 152477329
58050461 4673854
58050461 57651219
58050461 128325446
58050461 85826419
58050461 152626909
58050461 9493076
58050461 152477329
148201018 128325446
148201018 4673854
148201018 152477329
148201018 152529948
758047932 152477329
152921777 128325446
152921777 4673854
152921777 44760154
152573135 36895440
152573135 42108036
152573135 152819220
152573135 152477329
127591540 152626909
127591540 57647722
127591540 4673854
127591540 14218142
127591540 4465660
127591540 152477329
57644350 37275385
57644350 152626909
57644350 128325446
57644350 58425188
57644350 36895440
57644350 57651219
57644350 4673854
57644350 57600278
57644350 152819220
57644350 132449158
57644350 152735104
57644350 57647722
57644350 152934239
57644350 139708540
57644350 152731503
57644350 152954990
57644350 152931192
57644350 14218142
57644350 9493076
57644350 152920585
57644350 152956833
57644350 133788828
57644350 10406155
57652788 57600278
57652788 152621050
57652788 128325446
57652788 4673854
57652788 152732494
57652788 152477329
14218142 152954990
14218142 152626909
14218142 152735104
14218142 128325446
14218142 4673854
14218142 37275385
14218142 57644350
14218142 152797191
14218142 34840314
14218142 152833227
14218142 57651219
14218142 57600278
14218142 127591540
14218142 44760154
14218142 152658583
14218142 58445282
14218142 152724745
14218142 152575199
14218142 152622715
14218142 152578056
14218142 68787761
14218142 152731503
14218142 152673946
14218142 132449158
14218142 152732494
14218142 9493076
14218142 152603924
14218142 152477329
14218142 152898675
580893613 34840314
580893613 4673854
580893613 152477329
152724745 152658583
152724745 4673854
152724745 14218142
152724745 152477329
152896343 152477329
152797191 58425188
152797191 812506545
152797191 4673854
152797191 152954990
152797191 14218142
152797191 9493076
152797191 152477329
152575199 14218142
152575199 152477329
152545677 152797069
152545677 152477329
152603924 152797069
152603924 14218142
152603924 4673854
152603924 128325446
152603924 152934239
152603924 812506545
152603924 152477329
152603924 501373319
133788828 4673854
133788828 152956833
133788828 152477329
