758020621 21506417
152564200 21506417
152815238 21506417
152815238 57490288
75359772 21506417
812495638 21506417
812495638 152602968
152730380 21506417
57648659 23667571
57648659 21506417
57648659 57644480
57648659 128732467
57648659 58337082
152564196 21506417
152693279 21506417
152619940 44758996
152619940 21506417
152619940 210263899
152619940 58488829
580970532 21506417
581374641 21506417
756496042 21506417
756496042 57490288
581615841 21506417
152785223 21506417
41451162 21506417
35649483 128732467
35649483 21506417
35649483 82002547
152621872 21506417
34124750 21506417
580940597 21506417
152929810 21506417
152929810 136411308
152541383 21506417
85703672 21506417
85703672 152620436
85703672 58488829
152620200 21506417
152857858 21506417
45542775 58156103
45542775 21506417
45542775 152939127
45542775 57644480
45542775 152930886
152800905 21506417
152800905 58156103
581309029 21506417
152851083 58337082
152851083 44758996
152851083 152620436
152677326 21506417
152571816 21506417
152797432 21506417
57490288 152815238
57490288 44758996
57490288 21506417
57490288 136411308
57490288 756496042
581753441 21506417
633993587 21506417
798660858 21506417
58181310 21506417
58488829 34124750
58488829 21506417
58488829 152619940
152914209 21506417
152914209 136411308
44758996 152619940
44758996 21506417
44758996 152851083
44758996 152930886
44758996 57490288
152577339 21506417
152899949 21506417
152899949 136411308
152657664 21506417
152657664 152620436
72130980 21506417
152937826 21506417
152702542 21506417
136411308 152899949
136411308 21506417
136411308 152914209
128732467 21506417
128732467 210263899
128732467 152919415
128732467 57648659
152622990 21506417
152622990 57644480
57643417 58337082
57643417 21506417
581857985 21506417
215754321 21506417
152939127 44758996
152939127 21506417
152939127 45542775
58156103 21506417
58156103 45542775
58156103 152800905
152620436 21506417
152620436 152657664
152620436 210263899
152620436 85703672
152620436 152851083
152620436 152602968
152622198 21506417
152622198 581774026
152622198 152919415
152897759 21506417
210263899 152619940
210263899 128732467
210263899 152620436
581774026 21506417
581774026 152622198
49735686 21506417
152919415 21506417
152919415 58337082
152919415 128732467
152919415 298850852
152919415 152622198
58055964 21506417
57644480 21506417
57644480 23667571
57644480 152622990
57644480 57648659
152503068 21506417
298850852 21506417
152604084 21506417
57652978 21506417
152499419 21506417
23667571 21506417
23667571 152939127
23667571 82002547
23667571 57644480
23667571 57648659
135545903 21506417
152519800 21506417
152519800 152733277
82002547 152619940
82002547 35649483
82002547 58337082
82002547 21506417
82002547 23667571
152573212 21506417
152934951 21506417
229048970 21506417
634002227 21506417
152602968 21506417
152602968 152620436
152602968 812495638
152515376 21506417
152851188 21506417
152724299 21506417
152930886 44758996
152930886 21506417
152955774 21506417
95573539 21506417
152520924 21506417
21506417 152619940
21506417 58156103
21506417 152934951
21506417 35649483
21506417 72130980
21506417 128732467
21506417 152499419
21506417 44758996
21506417 152520924
21506417 152939127
21506417 152733277
21506417 152800905
21506417 152897759
21506417 136411308
21506417 152919415
21506417 152955774
21506417 57644480
21506417 75359772
21506417 23667571
21506417 152930886
21506417 58181310
21506417 34124750
21506417 133788828
21506417 57490288
21506417 57648659
21506417 152851188
21506417 58488829
152733277 21506417
152733277 152519800
152733277 58337082
580910283 21506417
421528163 21506417
58337082 57643417
58337082 21506417
58337082 152851083
58337082 82002547
58337082 152733277
58337082 152919415
58337082 57648659
133788828 21506417
133788828 35649483
