152941925 24283960
152941925 130009431
152941925 15859590
152941925 21923199
152941925 92009848
152941925 57647942
152876585 44761382
152876585 130009431
152876585 57645314
152876585 57648240
152876585 806320571
129990827 24283960
152581440 24283960
152581440 152504072
152581440 37576708
152581440 22181667
152581440 57652091
152581440 152671246
152581440 57648401
152581440 91671374
152581440 57645744
152581440 32201072
152581440 57648725
152581440 57236990
152581440 57645314
152581440 152921020
152581440 57647361
152581440 92009848
152581440 57647942
152581440 57648240
152921968 24283960
152921968 44761382
152921968 57236990
152921968 57645314
152921968 57647942
49266755 24283960
49266755 44761382
49266755 52129303
49266755 15859590
49266755 57648725
49266755 57645314
49266755 57647324
229006973 57647324
112968525 24283960
112968525 152504072
112968525 22918177
112968525 210230565
112968525 6188397
112968525 91671374
112968525 32201072
112968525 15859590
112968525 152732714
112968525 92009848
112968525 152939628
112968525 57647942
175151639 24283960
175151639 37576708
175151639 57645744
175151639 57645314
175151639 92009848
175151639 57647942
175151639 57648240
52129303 49266755
57648401 24283960
57648401 22181667
57648401 44754961
57648401 91671374
57648401 57645744
57648401 57645314
57648401 152581440
57648401 92009848
57648401 57647942
57648401 57647324
44396651 24283960
152713359 24283960
582444076 24283960
582444076 92009848
677153093 58267936
152931817 152596679
152931817 120394128
152931817 57645314
152931817 21923199
152504072 152432040
152504072 37576708
152504072 44754961
152504072 57645744
152504072 57236990
152504072 57645314
152504072 92009848
152504072 152581440
152504072 112968525
152504072 57647942
91671374 24283960
91671374 44761382
91671374 37576708
91671374 6188397
91671374 210208601
91671374 130009431
91671374 22181667
91671374 57652091
91671374 210228145
91671374 57648401
91671374 32145609
91671374 57645744
91671374 152728588
91671374 32201072
91671374 15859590
91671374 57648725
91671374 152732714
91671374 57645314
91671374 152921020
91671374 57647361
91671374 92009848
91671374 152581440
91671374 112968525
91671374 57647942
91671374 57648240
91671374 57647324
91671374 35799163
299371135 24283960
152619822 24283960
152939628 112968525
152939628 24283960
57647324 57645744
57647324 24283960
57647324 57647942
57647324 57645314
57647324 57652091
57647324 44761382
57647324 57648240
57647324 6188397
57647324 130009431
57647324 37576708
57647324 49266755
57647324 152732714
57647324 57648401
57647324 210208601
57647324 91671374
57647324 152671246
57647324 152696256
57647324 229006973
57647324 92009848
57647324 57236990
57647324 57648725
57647324 152596679
57647324 32201072
57647324 22181667
57647324 44754961
57647324 758765936
35799163 57648240
35799163 57647942
35799163 758765936
35799163 21923199
35799163 24283960
35799163 91671374
152432040 152504072
152432040 152728588
37576708 24283960
37576708 22918177
37576708 152889129
37576708 6188397
37576708 22181667
37576708 152696256
37576708 44754961
37576708 57652091
37576708 210228145
37576708 91671374
37576708 57645744
37576708 758765936
37576708 32201072
37576708 15859590
37576708 152732714
37576708 57645314
37576708 175151639
37576708 57647361
37576708 581419983
37576708 92009848
37576708 152581440
37576708 57647942
37576708 57647324
22181667 24283960
22181667 37576708
22181667 57648401
22181667 91671374
22181667 57645744
22181667 758765936
22181667 57645314
22181667 152581440
22181667 57647942
22181667 57648240
22181667 152850155
22181667 57647324
226141670 24283960
17195256 24283960
17195256 32201072
17195256 57645314
17195256 21923199
44754961 24283960
44754961 152504072
44754961 6188397
44754961 57648401
44754961 57645314
44754961 57647942
44754961 57648240
44754961 57647324
581419983 24283960
581419983 37576708
581419983 28718807
581419983 57652091
581419983 57645744
581419983 57645314
581419983 92009848
21923199 24283960
21923199 210230565
21923199 6188397
21923199 152941925
21923199 572788130
21923199 758765936
21923199 120394128
21923199 32201072
21923199 57648725
21923199 152732714
21923199 82655746
21923199 57648240
21923199 35799163
210228145 24283960
210228145 152889129
210228145 37576708
210228145 22181667
210228145 152596679
210228145 57652091
210228145 91671374
210228145 32201072
210228145 57645314
57236990 152504072
57236990 152921968
57236990 152581440
57236990 152620936
57236990 57647324
152687569 57645314
152687569 152545190
152687569 152544557
806320571 24283960
130009431 24283960
130009431 6188397
130009431 152941925
130009431 57652091
130009431 152671246
130009431 91671374
130009431 152933431
130009431 120394128
130009431 152732714
130009431 57645314
130009431 152921020
130009431 28718807
130009431 44761382
130009431 131186678
130009431 92009848
130009431 57648725
130009431 57647942
130009431 57647324
758765936 210230565
758765936 22181667
758765936 152671246
758765936 572788130
758765936 32201072
758765936 21923199
758765936 57647942
758765936 57648240
758765936 57647324
15859590 24283960
15859590 37576708
15859590 152941925
15859590 49266755
15859590 91671374
15859590 92009848
15859590 112968525
15859590 742865741
15859590 57647942
15859590 57648240
152889129 37576708
152889129 210228145
57647361 24283960
57647361 44761382
57647361 210230565
57647361 37576708
57647361 57652091
57647361 91671374
57647361 57645744
57647361 32201072
57647361 57645314
57647361 152581440
57647361 57647942
152835094 24283960
152835094 210208601
152596679 44761382
152596679 152931817
152596679 210228145
152596679 32201072
152596679 57647942
152596679 57648240
152596679 57647324
152544557 58267936
152544557 152687569
6188397 24283960
6188397 44761382
6188397 37576708
6188397 210208601
6188397 130009431
6188397 44754961
6188397 57652091
6188397 91671374
6188397 57645744
6188397 152732714
6188397 57645314
6188397 21923199
6188397 92009848
6188397 112968525
6188397 57647942
6188397 57648240
6188397 57647324
742865741 15859590
58267936 677153093
58267936 152544557
210208601 24283960
210208601 6188397
210208601 57652091
210208601 91671374
210208601 57645744
210208601 152835094
210208601 57645314
210208601 57647942
210208601 57647324
155864482 24283960
155864482 32201072
155864482 57645314
155864482 57648240
155815421 581676621
155815421 130237343
57652091 24283960
57652091 44761382
57652091 581676621
57652091 37576708
57652091 6188397
57652091 28718807
57652091 210208601
57652091 130009431
57652091 210228145
57652091 91671374
57652091 57645744
57652091 152732714
57652091 57645314
57652091 57647361
57652091 581419983
57652091 92009848
57652091 152581440
57652091 57647942
57652091 57648240
57652091 152850155
57652091 806320571
57652091 57647324
152850155 57652091
152850155 32201072
152620936 24283960
152620936 152596679
152620936 57236990
152620936 44761382
152620936 92009848
152732714 24283960
152732714 44761382
152732714 37576708
152732714 6188397
152732714 130009431
152732714 152847038
152732714 57652091
152732714 91671374
152732714 57645744
152732714 57645314
152732714 21923199
152732714 112968525
152732714 57647942
152732714 57648240
152732714 57647324
57645744 24283960
57645744 152504072
57645744 44761382
57645744 210230565
57645744 152505527
57645744 37576708
57645744 6188397
57645744 210208601
57645744 22181667
57645744 57652091
57645744 57648401
57645744 91671374
57645744 32201072
57645744 57648725
57645744 152732714
57645744 57645314
57645744 152921020
57645744 175151639
57645744 57647361
57645744 581419983
57645744 92009848
57645744 152581440
57645744 57647942
57645744 57647324
152671246 24283960
152671246 210230565
152671246 130009431
152671246 44754961
152671246 758765936
152671246 32201072
152671246 152581440
152671246 57647942
152671246 57648240
152671246 57647324
28718807 57652091
28718807 120394128
28718807 57645314
28718807 581419983
28718807 44761382
28718807 130009431
581214961 24283960
24283960 22918177
24283960 44761382
24283960 155864482
24283960 131186678
24283960 210230565
24283960 581676621
24283960 226141670
24283960 152477831
24283960 37576708
24283960 152921968
24283960 140321412
24283960 152620936
24283960 58099046
24283960 6188397
24283960 28718807
24283960 210208601
24283960 85054122
24283960 582444076
24283960 130009431
24283960 129990827
24283960 152941925
24283960 22181667
24283960 152847038
24283960 152696256
24283960 44754961
24283960 299371135
24283960 152619822
24283960 49266755
24283960 710871591
24283960 57652091
24283960 52228669
24283960 152671246
24283960 210228145
24283960 57648401
24283960 32145609
24283960 91671374
24283960 581214961
24283960 57645744
24283960 152728588
24283960 152933431
24283960 120394128
24283960 32201072
24283960 152889324
24283960 15859590
24283960 152835094
24283960 44396651
24283960 57648725
24283960 17195256
24283960 152732714
24283960 581908345
24283960 57645314
24283960 152921020
24283960 175151639
24283960 21923199
24283960 152713359
24283960 57647361
24283960 581419983
24283960 92009848
24283960 152581440
24283960 112968525
24283960 152939628
24283960 57647942
24283960 57648240
24283960 806320571
24283960 57647324
24283960 35799163
572788130 210230565
572788130 758765936
572788130 32201072
572788130 21923199
572788130 57648240
131186678 57645314
131186678 130009431
32145609 24283960
32145609 91671374
32145609 32201072
32145609 57647942
32145609 57648240
57647942 152941925
57647942 24283960
57647942 92009848
57647942 112968525
57647942 37576708
57647942 6188397
57647942 152933431
57647942 152732714
57647942 44761382
57647942 57652091
57647942 130009431
57647942 57645314
57647942 57647361
57647942 57645744
57647942 175151639
57647942 91671374
57647942 15859590
57647942 152581440
57647942 710871591
57647942 32145609
57647942 152847038
57647942 57648725
57647942 210230565
57647942 152596679
57647942 32201072
57647942 152921968
57647942 152504072
57647942 152505527
57647942 152477831
57647942 758765936
57647942 210208601
57647942 57648401
57647942 57648240
57647942 57647324
710871591 24283960
710871591 57647942
44761382 24283960
44761382 210230565
44761382 152921968
44761382 6188397
44761382 49266755
44761382 57652091
44761382 91671374
44761382 57645744
44761382 152732714
44761382 57645314
44761382 57647361
44761382 28718807
44761382 92009848
44761382 130009431
44761382 57648725
44761382 57647942
44761382 57647324
57648725 24283960
57648725 49266755
57648725 91671374
57648725 57645744
57648725 32201072
57648725 17195256
57648725 57645314
57648725 21923199
57648725 152581440
57648725 44761382
57648725 92009848
57648725 130009431
57648725 57647942
57648725 57648240
57648725 57647324
152847038 24283960
152847038 152889324
152847038 152732714
140321412 24283960
140321412 57648240
581676621 24283960
581676621 57652091
581676621 57647942
210230565 24283960
210230565 44761382
210230565 57645744
210230565 572788130
210230565 152933431
210230565 758765936
210230565 32201072
210230565 57645314
210230565 21923199
210230565 57647361
210230565 112968525
210230565 57647942
210230565 57648240
152696256 24283960
152696256 37576708
152696256 57647942
152696256 57647324
152921020 24283960
152921020 130009431
152921020 91671374
152921020 57645744
152921020 57645314
152921020 152581440
57648240 6188397
57648240 57645314
57648240 32145609
57648240 24283960
57648240 155864482
57648240 57647942
57648240 91671374
57648240 152732714
57648240 152933431
57648240 32201072
57648240 21923199
57648240 175151639
57648240 57648725
57648240 152596679
57648240 210230565
57648240 152581440
57648240 57652091
57648240 92009848
57648240 44755117
57648240 226141670
57648240 22918177
57648240 44754961
57648240 140321412
57648240 152671246
57648240 22181667
57648240 758765936
57648240 15859590
57648240 57647324
57648240 35799163
22918177 24283960
22918177 112968525
92009848 24283960
92009848 152504072
92009848 37576708
92009848 6188397
92009848 582444076
92009848 152941925
92009848 57652091
92009848 91671374
92009848 57645744
92009848 15859590
92009848 57645314
92009848 581419983
92009848 152581440
92009848 112968525
92009848 44761382
92009848 175151639
92009848 57648401
92009848 130009431
92009848 57648725
92009848 152620936
92009848 57647942
92009848 57648240
92009848 57647324
581908345 24283960
57645314 24283960
57645314 152504072
57645314 44761382
57645314 155864482
57645314 131186678
57645314 152876585
57645314 210230565
57645314 37576708
57645314 152921968
57645314 58099046
57645314 6188397
57645314 28718807
57645314 210208601
57645314 130009431
57645314 44754961
57645314 299371135
57645314 152687569
57645314 49266755
57645314 152931817
57645314 57652091
57645314 210228145
57645314 57648401
57645314 91671374
57645314 57645744
57645314 152728588
57645314 152933431
57645314 32201072
57645314 57648725
57645314 17195256
57645314 152732714
57645314 152921020
57645314 175151639
57645314 57647361
57645314 581419983
57645314 92009848
57645314 152581440
57645314 57647942
57645314 57648240
57645314 57647324
52228669 24283960
120394128 24283960
120394128 28718807
120394128 130009431
120394128 21923199
152545190 152687569
152728588 24283960
152728588 152432040
152728588 91671374
152728588 758765936
152728588 57645314
152477831 24283960
152477831 32201072
32201072 24283960
32201072 155864482
32201072 210230565
32201072 152477831
32201072 37576708
32201072 152596679
32201072 32145609
32201072 91671374
32201072 57645744
32201072 572788130
32201072 152933431
32201072 758765936
32201072 57648725
32201072 17195256
32201072 57645314
32201072 21923199
32201072 152581440
32201072 112968525
32201072 57647942
32201072 57648240
32201072 57647324
152505527 57645744
152505527 32201072
152505527 57647942
82655746 21923199
58099046 24283960
58099046 57645314
58099046 57647942
58099046 57648240
152933431 24283960
152933431 210230565
152933431 130009431
152933431 32201072
152933431 57645314
152933431 57647942
152933431 57648240
85054122 24283960
152889324 24283960
152889324 152847038
