10492494 28368926
10492494 44043330
10492494 152505492
10492494 57649103
10492494 57650214
10492494 57643506
10492494 581951618
10492494 18639558
10492494 57647401
10492494 57644785
10492494 82563283
10492494 152955820
10492494 101698349
11847222 28368926
11847222 18639558
11847222 48383968
11847222 57643506
11847222 9290135
11847222 57651138
11847222 82563283
11847222 57647401
11847222 57646171
11847222 57649103
11847222 61947904
49412042 44043330
49412042 57649103
49412042 57588199
49412042 57643506
49412042 57645861
49412042 18639558
49412042 152955820
152726376 57643506
152726376 28368926
152726376 82563283
152726376 57649103
152726376 44043330
152726376 57647401
152726376 152955820
50890172 28368926
50890172 44043330
50890172 57649103
50890172 57652628
50890172 82563283
50890172 85978964
18375118 57649103
82644668 57643506
82644668 9290135
82644668 44759586
82644668 57649103
82644668 28841327
82644668 82563283
82644668 44043330
550417484 57649103
550417484 57588199
57647401 73030384
57647401 28368926
57647401 142800019
57647401 48383968
57647401 152576650
57647401 44043330
57647401 65309720
57647401 9290135
57647401 144702002
57647401 57649103
57647401 210208204
57647401 57646388
57647401 14639837
57647401 57650214
57647401 57653253
57647401 57643506
57647401 581951618
57647401 65479265
57647401 50850819
57647401 581302929
57647401 210195597
57647401 210187401
57647401 152904553
57647401 72446265
57647401 18639558
57647401 57651138
57647401 52584625
57647401 57645861
57647401 10492494
57647401 57588199
57647401 57652628
57647401 152674411
57647401 57644785
57647401 9429598
57647401 82563283
57647401 44759586
57647401 57650568
57647401 152726376
57647401 85978964
57647401 11847222
57647401 101698349
57647401 61947904
152593984 73030384
152593984 57649103
152593984 57646388
152593984 57643506
152593984 581951618
152593984 57645861
152593984 57588199
152593984 57644785
152593984 82563283
152576650 44043330
152576650 57649103
152576650 82563283
65479265 152674411
65479265 57588199
65479265 57644785
65479265 57647401
65479265 82563283
581829298 57649103
581829298 82563283
152435106 57649103
152435106 201131630
152435106 82563283
50625865 57649103
152574148 44043330
152574148 57649103
152574148 152576980
57643506 52584625
57643506 73030384
57643506 10492494
57643506 28368926
57643506 142800019
57643506 152674411
57643506 48383968
57643506 44043330
57643506 57649640
57643506 152543038
57643506 65309720
57643506 39578875
57643506 210185403
57643506 57648783
57643506 38631889
57643506 152702900
57643506 9290135
57643506 144702002
57643506 581639339
57643506 57649103
57643506 152567064
57643506 57588199
57643506 57652628
57643506 152593984
57643506 228992769
57643506 49412042
57643506 163829967
57643506 152808623
57643506 130096045
57643506 210208204
57643506 57644785
57643506 57646171
57643506 57646388
57643506 14639837
57643506 9429598
57643506 57650214
57643506 57653253
57643506 57647401
57643506 57645861
57643506 581951618
57643506 28841327
57643506 142536376
57643506 58147252
57643506 57461873
57643506 58088020
57643506 152905486
57643506 50850819
57643506 152504430
57643506 57652390
57643506 201131630
57643506 210195597
57643506 210187401
57643506 72446265
57643506 212284125
57643506 18639558
57643506 57651138
57643506 82563283
57643506 175152197
57643506 210249140
57643506 44759586
57643506 57650568
57643506 152726376
57643506 152955820
57643506 85978964
57643506 82644668
57643506 11847222
57643506 101698349
57643506 61947904
210195597 28368926
210195597 57649103
210195597 57588199
210195597 57644785
210195597 57643506
210195597 57647401
210195597 82563283
152955820 144702002
152955820 49412042
152955820 48383968
152955820 9290135
152955820 57644785
152955820 57650214
152955820 14639837
152955820 152808623
152955820 57645861
152955820 57643506
152955820 10492494
152955820 57588199
152955820 82563283
152955820 152576980
152955820 28368926
152955820 44043330
152955820 73030384
152955820 57649103
152955820 57647401
152955820 85978964
152955820 82644668
152955820 61947904
634291191 57649103
581951618 10492494
581951618 28368926
581951618 38631889
581951618 57649103
581951618 57588199
581951618 152593984
581951618 57644785
581951618 57643506
581951618 57647401
581951618 82563283
14639837 52584625
14639837 28368926
14639837 44043330
14639837 65309720
14639837 9290135
14639837 57649103
14639837 57588199
14639837 163829967
14639837 57644785
14639837 57646388
14639837 57650214
14639837 57643506
14639837 57647401
14639837 57645861
14639837 57652390
14639837 82563283
14639837 210249140
14639837 152955820
14639837 85978964
57649103 52584625
57649103 73030384
57649103 50625865
57649103 581829298
57649103 10492494
57649103 28368926
57649103 142800019
57649103 152674411
57649103 48383968
57649103 152576650
57649103 44043330
57649103 152574148
57649103 57649640
57649103 152543038
57649103 65309720
57649103 39578875
57649103 152505492
57649103 210185403
57649103 57648783
57649103 38631889
57649103 152702900
57649103 9290135
57649103 550417484
57649103 144702002
57649103 581639339
57649103 152567064
57649103 57588199
57649103 57652628
57649103 152593984
57649103 228992769
57649103 49412042
57649103 163829967
57649103 130096045
57649103 210208204
57649103 57644785
57649103 57646171
57649103 57646388
57649103 14639837
57649103 9429598
57649103 57650214
57649103 57653253
57649103 634291191
57649103 50890172
57649103 57643506
57649103 57647401
57649103 57645861
57649103 152577682
57649103 581951618
57649103 28841327
57649103 142536376
57649103 207070017
57649103 49848927
57649103 18375118
57649103 58147252
57649103 210185519
57649103 57461873
57649103 210201818
57649103 58088020
57649103 152905486
57649103 50850819
57649103 152504430
57649103 57652390
57649103 210195597
57649103 210187401
57649103 152904553
57649103 72446265
57649103 212284125
57649103 18639558
57649103 57651138
57649103 82563283
57649103 152435106
57649103 175152197
57649103 44759586
57649103 57650568
57649103 152726376
57649103 152955820
57649103 85978964
57649103 82644668
57649103 11847222
57649103 101698349
57649103 61947904
152576980 152931123
152576980 152955820
152504430 28368926
152504430 44043330
152504430 57649103
152504430 57643506
152504430 82563283
57646171 28368926
57646171 48383968
57646171 9290135
57646171 57649103
57646171 57652628
57646171 152808623
57646171 57644785
57646171 57653253
57646171 57643506
57646171 57645861
57646171 57461873
57646171 210187401
57646171 18639558
57646171 82563283
57646171 175152197
57646171 85978964
57646171 11847222
57646171 61947904
212284125 44043330
212284125 57649103
212284125 57643506
210185403 28368926
210185403 44043330
210185403 57649103
210185403 210208204
210185403 57644785
210185403 57643506
210185403 57461873
210185403 82563283
130096045 28368926
130096045 57649103
130096045 152808623
130096045 57643506
130096045 58147252
152674411 73030384
152674411 28368926
152674411 44043330
152674411 152543038
152674411 57649103
152674411 57646388
152674411 57643506
152674411 201131630
152674411 18639558
152674411 57651138
152674411 57647401
152674411 57588199
152674411 57644785
152674411 82563283
152674411 39578875
57644785 73030384
57644785 28368926
57644785 142800019
57644785 48383968
57644785 44043330
57644785 65309720
57644785 210185403
57644785 57648783
57644785 152702900
57644785 9290135
57644785 144702002
57644785 57649103
57644785 210208204
57644785 57646171
57644785 57646388
57644785 14639837
57644785 57650214
57644785 57653253
57644785 57643506
57644785 581951618
57644785 28841327
57644785 207070017
57644785 65479265
57644785 58147252
57644785 57461873
57644785 210201818
57644785 58088020
57644785 50850819
57644785 210195597
57644785 18639558
57644785 57651138
57644785 52584625
57644785 57647401
57644785 57645861
57644785 10492494
57644785 57588199
57644785 57652628
57644785 152593984
57644785 152674411
57644785 9429598
57644785 82563283
57644785 44759586
57644785 57650568
57644785 152955820
57644785 85978964
57644785 61947904
152931123 39578875
57653253 28368926
57653253 57649103
57653253 57588199
57653253 57644785
57653253 57646171
57653253 57650214
57653253 57643506
57653253 57645861
57653253 57651138
57653253 82563283
57653253 44759586
57652628 57648783
57652628 57649103
57652628 57646171
57652628 57646388
57652628 50890172
57652628 57643506
57652628 58147252
57652628 152905486
57652628 50850819
57652628 201131630
57652628 18639558
57652628 57651138
57652628 52584625
57652628 57647401
57652628 57645861
57652628 57588199
57652628 57644785
57652628 9429598
57652628 82563283
57652628 57650568
57652628 85978964
39578875 28368926
39578875 142800019
39578875 65309720
39578875 57649103
39578875 57643506
39578875 152931123
39578875 152674411
31352901 18639558
210187401 44043330
210187401 57649103
210187401 57646171
210187401 57643506
210187401 57647401
210187401 82563283
57646388 28368926
57646388 152674411
57646388 48383968
57646388 65309720
57646388 57649103
57646388 57588199
57646388 57652628
57646388 57644785
57646388 14639837
57646388 57650214
57646388 57643506
57646388 57647401
57646388 57645861
57646388 210201818
57646388 57651138
57646388 82563283
57646388 57650568
57646388 82644668
57648783 73030384
57648783 28368926
57648783 57649103
57648783 57588199
57648783 57652628
57648783 57644785
57648783 57650214
57648783 57643506
57648783 57645861
57648783 82563283
210208204 73030384
210208204 210185403
210208204 57649103
210208204 57644785
210208204 57643506
210208204 57647401
210208204 57645861
210208204 58147252
210208204 57651138
210208204 85978964
57649640 28368926
57649640 144702002
57649640 57649103
57649640 57643506
57649640 52584625
63445037 28368926
52584625 28368926
52584625 48383968
52584625 38631889
52584625 57649103
52584625 14639837
52584625 57643506
52584625 57651138
52584625 57647401
52584625 57588199
52584625 57652628
52584625 57644785
52584625 57649640
52584625 82563283
210201818 44043330
210201818 57649103
210201818 57644785
210201818 57646388
210201818 82563283
210201818 85978964
85978964 14639837
85978964 144702002
85978964 57645861
85978964 28368926
85978964 57643506
85978964 57649103
85978964 152955820
85978964 57644785
85978964 82563283
85978964 44043330
85978964 57647401
85978964 57646171
85978964 57652628
85978964 210208204
85978964 152543038
85978964 152567064
85978964 50890172
581639339 57649103
581639339 57643506
9290135 73030384
9290135 28368926
9290135 57649103
9290135 57588199
9290135 57644785
9290135 57646171
9290135 14639837
9290135 57643506
9290135 57647401
9290135 57645861
9290135 57651138
9290135 82563283
9290135 152955820
9290135 82644668
9290135 11847222
163829967 44043330
163829967 57649103
163829967 14639837
163829967 57643506
163829967 57651138
163829967 210249140
9429598 57649103
9429598 57643506
9429598 57644785
18639558 10492494
18639558 28368926
18639558 152674411
18639558 48383968
18639558 31352901
18639558 38631889
18639558 57649103
18639558 57588199
18639558 57652628
18639558 49412042
18639558 57644785
18639558 57646171
18639558 57643506
18639558 57647401
18639558 57645861
18639558 28841327
18639558 82563283
18639558 11847222
18639558 61947904
58147252 65309720
58147252 38631889
58147252 57649103
58147252 57652628
58147252 130096045
58147252 210208204
58147252 57644785
58147252 57650214
58147252 57643506
58147252 57645861
175152197 57649103
175152197 57646171
175152197 57643506
210185519 57649103
82563283 73030384
82563283 28368926
82563283 142800019
82563283 48383968
82563283 44043330
82563283 65309720
82563283 210185403
82563283 9290135
82563283 144702002
82563283 57649103
82563283 210208204
82563283 57646171
82563283 57646388
82563283 14639837
82563283 57643506
82563283 152577682
82563283 581951618
82563283 28841327
82563283 207070017
82563283 65479265
82563283 57461873
82563283 210201818
82563283 58088020
82563283 152905486
82563283 152504430
82563283 201131630
82563283 210195597
82563283 18639558
82563283 57651138
82563283 52584625
82563283 57647401
82563283 57645861
82563283 10492494
82563283 57588199
82563283 57652628
82563283 152593984
82563283 57652390
82563283 152674411
82563283 57644785
82563283 152435106
82563283 44759586
82563283 57650568
82563283 152726376
82563283 152955820
82563283 85978964
82563283 82644668
82563283 11847222
82563283 101698349
82563283 61947904
57652390 73030384
57652390 28368926
57652390 152702900
57652390 57649103
57652390 14639837
57652390 57643506
57652390 210249140
57652390 57645861
57652390 82563283
57652390 57650568
101698349 57647401
101698349 10492494
101698349 57588199
101698349 44043330
101698349 82563283
101698349 57643506
61947904 57644785
61947904 49412042
61947904 152955820
61947904 18639558
61947904 11847222
61947904 57645861
61947904 152808623
61947904 57646171
61947904 57643506
61947904 57651138
61947904 57588199
61947904 57649103
61947904 73030384
61947904 82563283
61947904 152904553
61947904 57647401
61947904 44043330
152904553 57649103
152904553 57647401
50850819 44043330
50850819 57649103
50850819 57588199
50850819 57652628
50850819 57644785
50850819 57643506
50850819 57647401
50850819 57651138
28841327 73030384
28841327 28368926
28841327 142800019
28841327 57649103
28841327 57588199
28841327 57644785
28841327 57643506
28841327 57647401
28841327 57645861
28841327 18639558
28841327 82563283
28841327 57650568
28841327 82644668
72446265 57649103
72446265 57643506
72446265 57647401
72446265 28841327
28368926 52584625
28368926 73030384
28368926 10492494
28368926 152674411
28368926 63445037
28368926 48383968
28368926 44043330
28368926 57649640
28368926 65309720
28368926 39578875
28368926 210185403
28368926 57648783
28368926 38631889
28368926 152702900
28368926 9290135
28368926 144702002
28368926 57649103
28368926 57588199
28368926 228992769
28368926 130096045
28368926 57644785
28368926 57646171
28368926 57646388
28368926 14639837
28368926 57650214
28368926 57653253
28368926 50890172
28368926 57643506
28368926 57647401
28368926 57645861
28368926 152577682
28368926 581951618
28368926 28841327
28368926 207070017
28368926 58088020
28368926 152504430
28368926 57652390
28368926 210195597
28368926 18639558
28368926 57651138
28368926 82563283
28368926 44759586
28368926 57650568
28368926 152726376
28368926 152955820
28368926 85978964
28368926 11847222
210249140 163829967
210249140 14639837
210249140 57643506
210249140 57652390
210249140 152955820
152505492 10492494
152505492 57649103
152505492 82563283
57588199 73030384
57588199 28368926
57588199 48383968
57588199 44043330
57588199 65309720
57588199 38631889
57588199 9290135
57588199 144702002
57588199 57649103
57588199 57646388
57588199 14639837
57588199 57643506
57588199 28841327
57588199 50850819
57588199 581302929
57588199 18639558
57588199 57651138
57588199 52584625
57588199 57647401
57588199 57645861
57588199 57652628
57588199 152674411
57588199 57644785
57588199 101698349
49848927 57649103
142800019 48383968
142800019 57649103
142800019 57644785
142800019 57643506
142800019 57647401
142800019 57645861
142800019 57651138
142800019 82563283
57645861 73030384
57645861 28368926
57645861 142800019
57645861 48383968
57645861 44043330
57645861 65309720
57645861 57648783
57645861 38631889
57645861 152702900
57645861 9290135
57645861 144702002
57645861 57649103
57645861 49412042
57645861 210208204
57645861 57646171
57645861 57646388
57645861 14639837
57645861 57650214
57645861 57653253
57645861 57643506
57645861 28841327
57645861 58147252
57645861 57461873
57645861 152905486
57645861 18639558
57645861 57651138
57645861 57647401
57645861 57588199
57645861 57652628
57645861 152593984
57645861 57652390
57645861 57644785
57645861 82563283
57645861 57650568
57645861 152955820
57645861 85978964
57645861 61947904
58088020 28368926
58088020 57649103
58088020 57644785
58088020 57643506
58088020 82563283
152808623 73030384
152808623 57646171
152808623 57650214
152808623 57643506
152808623 57651138
152808623 152955820
152808623 61947904
44759586 28368926
44759586 44043330
44759586 144702002
44759586 57649103
44759586 57653253
44759586 57643506
44759586 57647401
44759586 57644785
44759586 82563283
44759586 57650568
44759586 82644668
65309720 28368926
65309720 44043330
65309720 152543038
65309720 39578875
65309720 57649103
65309720 152567064
65309720 57588199
65309720 57644785
65309720 57646388
65309720 14639837
65309720 57650214
65309720 57643506
65309720 57647401
65309720 57645861
65309720 58147252
65309720 82563283
144702002 28368926
144702002 57649640
144702002 57649103
144702002 57588199
144702002 49412042
144702002 57644785
144702002 57643506
144702002 57647401
144702002 57645861
144702002 210201818
144702002 57651138
144702002 82563283
144702002 44759586
144702002 152955820
144702002 85978964
144702002 82644668
152905486 57649103
152905486 57652628
152905486 57643506
152905486 57645861
152905486 82563283
73030384 28368926
73030384 152674411
73030384 57648783
73030384 9290135
73030384 57649103
73030384 57588199
73030384 152808623
73030384 210208204
73030384 57644785
73030384 57650214
73030384 57643506
73030384 57647401
73030384 57645861
73030384 28841327
73030384 58088020
73030384 57652390
73030384 57651138
73030384 82563283
73030384 44759586
73030384 57650568
73030384 152955820
57650568 57646388
57650568 144702002
57650568 57645861
57650568 57644785
57650568 28841327
57650568 28368926
57650568 57652390
57650568 57643506
57650568 82563283
57650568 44759586
57650568 57649103
57650568 73030384
57650568 57652628
57650214 73030384
57650214 10492494
57650214 28368926
57650214 65309720
57650214 57648783
57650214 57649103
57650214 152808623
57650214 57644785
57650214 57646388
57650214 14639837
57650214 57653253
57650214 57643506
57650214 57647401
57650214 57645861
57650214 58147252
57650214 152955820
201131630 152674411
201131630 44043330
201131630 38631889
201131630 57652628
201131630 57643506
201131630 82563283
201131630 152435106
142536376 57649103
142536376 57643506
152543038 152674411
152543038 44043330
152543038 65309720
152543038 57649103
152543038 152567064
152543038 57643506
152543038 85978964
152567064 44043330
152567064 152543038
152567064 65309720
152567064 57649103
152567064 57643506
152567064 82563283
152567064 85978964
38631889 52584625
38631889 28368926
38631889 152674411
38631889 44043330
38631889 57648783
38631889 57649103
38631889 57588199
38631889 57643506
38631889 57645861
38631889 581951618
38631889 58147252
38631889 201131630
38631889 18639558
38631889 57651138
152702900 28368926
152702900 44043330
152702900 57649103
152702900 57644785
152702900 57643506
152702900 57645861
152702900 57652390
152702900 57651138
44043330 28368926
44043330 152674411
44043330 152576650
44043330 152543038
44043330 210185403
44043330 57649103
44043330 57588199
44043330 163829967
44043330 57644785
44043330 14639837
44043330 57643506
44043330 57647401
44043330 57645861
44043330 28841327
44043330 201131630
44043330 210195597
44043330 57651138
44043330 82563283
44043330 61947904
57651138 52584625
57651138 73030384
57651138 28368926
57651138 142800019
57651138 152674411
57651138 48383968
57651138 44043330
57651138 57649640
57651138 38631889
57651138 152702900
57651138 9290135
57651138 144702002
57651138 57649103
57651138 57588199
57651138 57652628
57651138 152808623
57651138 210208204
57651138 57644785
57651138 57646388
57651138 57653253
57651138 57643506
57651138 57647401
57651138 57645861
57651138 82563283
57651138 11847222
57651138 61947904
152577682 57649103
152577682 82563283
228992769 57649103
228992769 57643506
228992769 82563283
207070017 28368926
207070017 57649103
207070017 57644785
207070017 82563283
48383968 52584625
48383968 28368926
48383968 142800019
48383968 44043330
48383968 39578875
48383968 57649103
48383968 57588199
48383968 57644785
48383968 57646171
48383968 57646388
48383968 57643506
48383968 57647401
48383968 57645861
48383968 18639558
48383968 57651138
48383968 82563283
48383968 152955820
48383968 11847222
57461873 210185403
57461873 57649103
57461873 57644785
57461873 57646171
57461873 57643506
57461873 57645861
57461873 82563283
