54405912 133686392
58024661 133686392
58024661 25691623
58024661 130439209
31823224 127720974
27789842 123971899
27789842 127720974
24368051 127720974
62398676 133686392
62398676 25691623
212814812 127720974
4449957 133686392
4449957 25691623
2412272 127720974
2412272 34485670
22556594 127720974
20797868 127720974
169529336 31021822
12321635 130439209
12321635 133686392
12321635 25691623
12321635 127720974
818167 25691623
67082610 127720974
72557417 132483501
123971899 127720974
123971899 34555648
57579630 58118934
57579630 133686392
57579630 25691623
57579630 127720974
164394944 155630710
50664314 127720974
34555648 34485670
34555648 123971899
34555648 127720974
34555648 130855704
25691623 818167
25691623 127720974
20824817 127720974
155630710 164394944
155630710 127720974
57194174 130439209
57194174 127720974
70021837 128814879
127720974 123971899
128814879 70021837
31021822 169529336
57783006 127720974
158166581 127720974
39349538 127720974
39349538 17682217
39349538 67234319
132446530 127720974
17682217 127720974
52013188 123971899
57493069 130439209
133686392 135772287
133686392 127720974
133686392 4449957
4600515 127720974
142741415 127720974
56154840 634925062
56154840 133686392
56154840 127720974
67234319 130439209
67234319 25691623
67234319 127720974
67234319 48752994
132483501 72557417
132483501 127720974
48882464 127720974
34485670 123971899
34485670 127720974
34485670 34555648
130855704 127720974
130855704 17682217
130855704 34555648
155065615 127720974
54682697 127720974
54682697 17682217
634925062 56154840
130439209 127720974
107762696 34555648
107762696 127720974
107762696 123971899
107762696 34485670
54345259 127720974
54345259 25691623
