384128767 609890618
78687920 48699220
78687920 448147355
35420613 130212719
216071938 139682179
216071938 364822911
6817459 130212719
383714019 667132994
15785306 130212719
44683363 48699220
44683363 132374963
44683363 84002333
44683363 130212719
44683363 304786836
44683363 78691355
487878490 130212719
833667745 165045739
35590809 130212719
384163301 165045739
384163301 139682179
139648403 211286393
155613182 130212719
699553788 130212719
211286393 139648403
449956043 48699220
434656559 130212719
139682179 384163301
139682179 216071938
148007011 48699220
165045739 384163301
165045739 833667745
680816044 130212719
731991297 130212719
451419342 130212719
454850485 130212719
364822911 216071938
38308137 48699220
54224229 130212719
48699220 84002333
48699220 38308137
48699220 148007011
48699220 78687920
48699220 130212719
48699220 667132994
48699220 304786836
48699220 78691355
48699220 449956043
48699220 44683363
579132056 130212719
696357168 130212719
57339743 130212719
448147355 578774856
448147355 78687920
78691355 44683363
78691355 130212719
78691355 48699220
835804407 130212719
