67434899 142720879
58266644 65320985
58266644 37428107
58266644 154950761
58266644 833298038
154950761 58266644
154950761 421581436
154950761 833298038
49730211 522436091
30160137 37428107
173576894 142720879
52149776 142720879
733999859 142720879
37428107 142720879
349767457 37428107
184704099 37428107
522436091 49730211
152688556 37428107
27657244 45230917
27657244 226017171
14245982 69370865
128264820 76022498
421581436 154950761
631360129 37428107
833298038 122856598
833298038 154950761
833298038 65320985
76022498 142720879
76022498 128264820
772327954 65320985
772327954 23272512
97087516 142720879
97087516 76022498
154931360 65320985
58381473 142720879
58381473 127470567
65320985 154931360
65320985 58266644
65320985 833298038
65320985 772327954
57274230 23272512
69370865 142720879
36466694 142720879
55057397 44174708
226017171 27657244
23272512 37428107
23272512 57274230
23272512 122856598
23272512 421581436
23272512 772327954
167868417 142720879
77681103 142720879
604138533 142720879
45230917 27657244
