152934407 152941039
152934407 695140819
152934407 58467848
152934407 99559498
152933548 152921530
152933548 152914130
152933548 152661540
152933548 58467848
152933548 110771162
9649754 152919818
9649754 152661540
9649754 152571408
9649754 58467848
50849917 58467848
152821695 57647876
152821695 152920063
152821695 58467848
152523452 58467848
152913559 152919818
152913559 58467848
152687867 58467848
152919818 9649754
152919818 22201791
152919818 152921530
152919818 152940906
152919818 152920063
152919818 152929231
152919818 152661540
152919818 58467848
152919818 110771162
152670659 69081317
152670659 152920063
152670659 152919818
152670659 152820212
152670659 58467848
152670659 82643211
152670659 32429766
582039578 152919551
582039578 58467848
421496721 58467848
45544604 130228454
45544604 152941762
45544604 58259455
45544604 58467848
133375637 58467848
152941039 58467848
152920063 152919818
152541191 58467848
152892052 58467848
152931697 58467848
152878897 152700154
152878897 152920063
152878897 37137216
152878897 58467848
604715809 57647876
604715809 58467848
152921530 152919818
152921530 57647876
152921530 58467848
581147699 152661540
152620350 58467848
32429766 57647876
32429766 152921329
32429766 58259455
32429766 58467848
32429766 99559498
32429766 110771162
152722968 152661540
152722968 58467848
114746747 152941762
114746747 69081317
114746747 58467848
152712757 58467848
812518450 58467848
31921083 152899603
31921083 152661540
31921083 58467848
152820212 152661540
152820212 58467848
152820212 152670659
152956445 57647876
152956445 152919818
152956445 58467848
152956445 695140819
152956445 152661540
152956445 152620043
152956445 152670659
152896746 58467848
152678895 58467848
37137216 57647876
37137216 152661540
37137216 57305916
37137216 134260187
37137216 58467848
37137216 99559498
152940906 152919818
152940906 58467848
58467848 57647876
58467848 152921530
58467848 37137216
58467848 604715809
58467848 152820212
58467848 152571408
58467848 152933548
58467848 152694818
58467848 152941108
58467848 58259455
58467848 152941762
58467848 152620043
58467848 152727468
58467848 152929231
58467848 152687867
58467848 32429766
58467848 152620350
58467848 695140819
58467848 152478564
58467848 152700154
58467848 545890548
58467848 152891475
58467848 114746747
58467848 152892052
58467848 69081317
58467848 152821695
58467848 152878897
58467848 99559498
58467848 152956445
58467848 110771162
58467848 152700575
152661961 58467848
69081317 114746747
69081317 152661540
69081317 58467848
69081317 152670659
695140819 58467848
152700575 152905266
152700575 57647876
152700575 58467848
152602870 58467848
152602870 152661540
152715189 58467848
152479668 31743932
57647552 130228454
152700154 152919818
152700154 152478564
152700154 57647876
152700154 152878897
152700154 152661540
152700154 58467848
110771162 152620043
110771162 152933548
110771162 152919818
110771162 58467848
110771162 99559498
110771162 32429766
110771162 152661540
110771162 152905266
6557757 82643211
152727468 58467848
152686365 58467848
152620043 152941762
152620043 152571408
152620043 31743932
152620043 110771162
152620043 58467848
152620043 99559498
152620043 152956445
134260187 152919818
134260187 37137216
134260187 58467848
52577515 58467848
58259455 57647876
58259455 152920063
58259455 32429766
58259455 15818306
58259455 45544604
58259455 152878897
58259455 58467848
310975615 58467848
152478564 152700154
152478564 58467848
152478564 99559498
152905266 58467848
152905266 110771162
152905266 152700575
130228454 57647552
130228454 152661540
130228454 45544604
152661540 9649754
152661540 152899603
152661540 152571408
152661540 152620635
152661540 152892052
152661540 69081317
152661540 37137216
152661540 421460052
152661540 134260187
152661540 152727468
152661540 152914130
152661540 152700154
152661540 152821695
152661540 152694818
152661540 152919551
152661540 152820212
152661540 152687867
152661540 581147699
152661540 130228454
152661540 152715189
152661540 31743932
152661540 152858375
152661540 152712757
152661540 152722968
152661540 58467848
152661540 99559498
152661540 152956445
152661540 110771162
152661540 152670659
152891042 152571408
152891042 58467848
325007625 58467848
15818306 58467848
152914130 152933548
152914130 152661540
99559498 152921530
99559498 82643211
99559498 152941762
99559498 37137216
99559498 57647876
99559498 58467848
99559498 152919818
99559498 152620043
99559498 152661540
99559498 152478564
99559498 32429766
99559498 57305916
99559498 110771162
152941108 152919551
152941108 58467848
152899603 31921083
152899603 152661540
152620635 152919818
152620635 152891475
152620635 152933548
152620635 152661540
152620635 152920063
152620635 58467848
17706219 58467848
82643211 6557757
82643211 58467848
82643211 99559498
82643211 152670659
57647876 152941762
57647876 32429766
57647876 152921530
57647876 604715809
57647876 37137216
57647876 58259455
57647876 152727468
57647876 152700154
57647876 152821695
57647876 152694818
57647876 152929231
57647876 58467848
57647876 99559498
57647876 152956445
57647876 152700575
192273652 58467848
92790837 58467848
59879389 152933548
59879389 58467848
152941690 152941039
152941690 110771162
31743932 152620043
31743932 421460052
31743932 152661540
31743932 152479668
31743932 58467848
152941762 114746747
152941762 152919818
152941762 50849917
152941762 152620043
152941762 57647876
152941762 31921083
152941762 45544604
152941762 152919551
152941762 58467848
152941762 99559498
152797683 58467848
152921329 152919818
152921329 32429766
152921329 152921530
152921329 152941039
152921329 58467848
45813460 58467848
22201791 58467848
152571408 152891042
152571408 152620043
152571408 152661540
152571408 9649754
152571408 58467848
152571408 152700575
57305916 37137216
57305916 58467848
57305916 99559498
152523906 152661540
152523906 58467848
152694818 152919818
152694818 57647876
152694818 58467848
152734462 58467848
152734462 152919818
545890548 58467848
152929231 152919818
152929231 57647876
152929231 152921530
152929231 152920063
152929231 58467848
421460052 31743932
421460052 32429766
459311820 58467848
152891475 58467848
152891475 110771162
152858375 152661540
152919551 152919818
152919551 152941108
152919551 152661540
152919551 582039578
152919551 152921530
152919551 58467848
