54438781 71565358
54438781 168251953
54438781 54967986
54438781 111418455
54438781 52034879
54438781 54300843
54438781 56160848
164050617 19885051
36141928 12871774
36141928 8067874
36141928 168251953
54300843 12871774
54300843 19885051
54300843 17871397
54300843 148508555
54300843 81377505
54300843 81377403
54300843 168251953
54300843 33092135
54300843 54438781
133961885 114835611
49031271 62295709
51919520 62295709
158137800 148508555
111418455 7402336
111418455 82738140
111418455 71565358
111418455 104819392
111418455 52034879
111418455 168251953
111418455 54967986
111418455 54438781
168251953 31507523
168251953 7402336
168251953 54439131
168251953 139467295
168251953 530618792
168251953 82738140
168251953 50615030
168251953 111418455
168251953 54300843
168251953 71565358
168251953 56160848
168251953 208434261
168251953 128001754
168251953 104819392
168251953 52034879
168251953 833808785
168251953 36141928
168251953 89964517
168251953 55004549
168251953 54218325
168251953 54967986
168251953 54438781
825276405 71565358
121336507 62295709
208434261 168251953
530618792 168251953
530618792 81377403
530618792 530480621
306368739 148508555
37445786 111418455
128001754 168251953
148508555 306368739
148508555 54300843
148508555 71565358
148508555 146963241
12871774 54300843
12871774 17871397
12871774 530480621
12871774 148508555
12871774 36141928
12871774 60076473
12871774 54439131
12871774 230913689
12871774 52034879
12871774 8067874
12871774 33092135
12871774 54967986
60076473 12871774
60076473 62295709
120896810 657411267
17871397 54300843
17871397 12871774
17871397 71565358
17871397 81377505
17871397 33092135
17871397 54967986
139467295 71565358
139467295 168251953
31507523 71565358
31507523 62295709
31507523 168251953
54439131 62295709
54439131 56160848
54439131 104819392
54439131 168251953
54439131 12871774
54439131 71565358
54439131 52034879
52034879 111418455
52034879 104819392
52034879 168251953
52034879 12871774
52034879 54439131
52034879 54438781
54967986 82738140
54967986 168251953
54967986 12871774
54967986 19885051
54967986 111418455
54967986 17871397
33092135 81377505
33092135 17871397
33092135 19885051
33092135 62295709
33092135 54300843
33092135 71565358
33092135 12871774
33092135 230913689
33092135 54967986
89964517 168251953
56160848 168251953
152940558 58422602
54218325 168251953
530480621 530618792
530480621 12871774
530480621 81377403
19985462 19885051
19985462 81377403
104819392 54439131
104819392 82738140
104819392 111418455
104819392 148508555
104819392 52034879
104819392 8067874
104819392 168251953
114835611 133961885
7751824 81377505
7751824 81377403
833808785 168251953
81377403 530618792
81377403 54300843
81377403 19885051
81377403 7751824
81377403 530480621
81377403 81377505
81377403 19985462
7402336 111418455
7402336 168251953
421465006 69278442
146963241 148508555
50615030 168251953
758013545 58422602
152714126 58422602
71565358 139467295
71565358 82738140
71565358 111418455
71565358 62295709
71565358 148508555
71565358 168251953
71565358 825276405
71565358 54439131
575625319 62295709
230913689 62295709
230913689 530480621
230913689 12871774
230913689 54967986
82738140 111418455
82738140 71565358
82738140 62295709
82738140 104819392
82738140 168251953
81377505 54300843
81377505 19885051
81377505 7751824
81377505 17871397
81377505 81377403
81377505 33092135
8067874 62295709
8067874 104819392
8067874 36141928
8067874 12871774
19885051 81377505
19885051 81377403
55004549 62295709
55004549 168251953
