18195089 29518468
18195089 9643984
27159597 9643984
27159597 23753254
27159597 113420261
23276673 49402942
23276673 9643984
454604550 9643984
710754654 9643984
76721590 504898574
516101836 9643984
49218057 9643984
85913533 9643984
241758334 9643984
130087854 80032901
368732210 9643984
113420261 170897454
23753254 27159597
23753254 9946889
42458586 9643984
357713964 9643984
498321580 144754010
498321580 65400741
57372259 9643984
162087625 9643984
80032901 130087854
51037025 9643984
74473480 9643984
60326509 9643984
80885395 2321559
352234997 9643984
130186534 9643984
49230460 9643984
15554632 9643984
72546435 9643984
144754010 498321580
144754010 637201065
144754010 65400741
2321559 91082856
2321559 29518468
2321559 80885395
2321559 9643984
199994171 9643984
130186293 215485505
637201065 144754010
637201065 65400741
91082856 9643984
695663136 13551877
4877630 9643984
80895182 13551877
80895182 9643984
67553297 9643984
30459361 49402942
349382621 9643984
16695012 9643984
565525303 9643984
13551877 695663136
13551877 80895182
274992310 9643984
22211195 9643984
350120463 9643984
170897454 113420261
303176788 9643984
130430061 9643984
100480230 9643984
29518468 8239190
29518468 18195089
65400741 144754010
65400741 498321580
65400741 637201065
42014726 9643984
49402942 30459361
49402942 23276673
9946889 23753254
8239190 29518468
