677199744 127255034
52537936 127255034
57645628 58007281
57645628 6992488
57645628 45162162
57645628 39305801
57645628 56896421
57645628 58117978
57645628 58034155
57645628 668730768
57645628 58257005
57645628 45161796
57645628 58024661
57645628 205885491
57645628 58395599
57645628 127255034
45162077 315265672
45162077 74614241
45162077 58383912
45162077 142569510
45162077 177128246
45162077 39305801
45162077 5438898
45162077 54375929
45162077 58131520
45162077 58117978
45162077 677314041
45162077 154894965
45162077 58034155
45162077 52576164
45162077 129864381
45162077 45161796
45162077 54417133
45162077 299415497
45162077 205885491
45162077 58017903
45162077 133788709
45162077 127255034
58024661 37518135
58024661 127255034
45161746 29417782
45161746 177128246
45161746 39305801
45161746 67794662
45161746 205885185
45161746 952584
45161746 52576164
45161746 45161796
45161746 58395599
45161746 58017903
45161746 127255034
261541795 127255034
298863632 57605529
298863632 6992488
298863632 5438898
298863632 127255034
298863632 58129557
58172664 127255034
677314041 45162077
677314041 127255034
52576164 45162077
52576164 127255034
58366838 127255034
299415497 45162077
299415497 127255034
58007281 58397703
58007281 67794662
58007281 127255034
57605529 298863632
57605529 158153319
57605529 114420911
57605529 67794662
57605529 45161746
57605529 45161796
57605529 154894965
57605529 6992488
57605529 127255034
205885491 39305801
205885491 45162077
205885491 52576164
205885491 57645628
205885491 158153319
205885491 45161796
205885491 127255034
6992488 298863632
6992488 29417782
6992488 74614241
6992488 58383912
6992488 59865855
6992488 131680654
6992488 39305801
6992488 114420911
6992488 67794662
6992488 78385038
6992488 2349936
6992488 58034155
6992488 57645628
6992488 58257005
6992488 45161796
6992488 952584
6992488 57605529
6992488 5438898
6992488 56896421
6992488 58395599
6992488 133788709
6992488 127255034
677164808 127255034
58257005 6992488
58257005 58383912
58257005 300711573
58257005 39305801
58257005 56896421
58257005 67794662
58257005 58131520
58257005 58034155
58257005 57645628
58257005 45161796
58257005 74614241
58257005 58395599
58257005 127255034
398350649 127255034
45162162 57645628
45162162 45161796
134155332 127255034
205885185 39305801
205885185 58397703
205885185 67794662
205885185 2349936
205885185 45161746
205885185 5438898
205885185 52576164
205885185 58017903
205885185 133788709
20797868 65288508
20797868 127255034
158153319 57605529
158153319 39305801
158153319 58117978
158153319 127255034
158153319 205885491
164007851 39305801
164007851 67794662
164007851 127255034
952584 12452104
952584 58007281
952584 29417782
952584 74614241
952584 101050828
952584 114420911
952584 58131520
952584 58117978
952584 2349936
952584 45161746
952584 58257005
952584 264543935
952584 5438898
952584 6992488
952584 58017903
952584 127255034
668730768 39305801
668730768 127255034
668730768 57645628
56612437 127255034
129864381 39305801
129864381 45162077
129864381 57645628
264543935 952584
264543935 127255034
58383912 29417782
58383912 58267528
58383912 677261600
58383912 6992488
58383912 74614241
58383912 39305801
58383912 114420911
58383912 45162077
58383912 58397703
58383912 58257005
58383912 127255034
58131520 6992488
58131520 142569510
58131520 39305801
58131520 56896421
58131520 45162077
58131520 67794662
58131520 952584
58131520 58257005
58131520 58017903
58131520 127255034
58054026 114420911
58054026 127255034
5438898 12452104
5438898 29417782
5438898 59865855
5438898 45162077
5438898 67794662
5438898 78385038
5438898 58117978
5438898 2349936
5438898 45161796
5438898 952584
5438898 56896421
5438898 6992488
5438898 205885185
5438898 58395599
5438898 58017903
5438898 127255034
15721690 127255034
8874408 127255034
101050828 952584
101050828 127255034
300711573 39305801
300711573 58257005
58267528 39305801
58267528 127255034
677261600 127255034
133788709 58034155
133788709 45162162
133788709 56896421
133788709 205885185
133788709 59865855
133788709 6992488
133788709 45161796
133788709 45162077
133788709 127255034
114420911 29417782
114420911 37518135
114420911 74614241
114420911 59865855
114420911 15122903
114420911 127255034
119144427 58172664
119144427 677314041
119144427 127255034
50577983 127255034
58034155 58007281
58034155 6992488
58034155 39305801
58034155 5438898
58034155 56896421
58034155 114420911
58034155 45162077
58034155 67794662
58034155 154894965
58034155 57645628
58034155 58257005
58034155 45161796
58034155 58017903
58034155 58129557
58034155 133788709
58034155 127255034
299486139 127255034
58017903 952584
58017903 5438898
58017903 58034155
58017903 45162077
58017903 58395599
58017903 78385038
58017903 205885185
58017903 74614241
58017903 56896421
58017903 58397703
58017903 45161746
58017903 45161796
58017903 127255034
58029210 65330146
58029210 39305801
58029210 114420911
58029210 67794662
58029210 58117978
58029210 6992488
58029210 58024661
58029210 133788709
58029210 127255034
59865855 29417782
59865855 6992488
59865855 74614241
59865855 65288508
59865855 39305801
59865855 114420911
59865855 67794662
59865855 78385038
59865855 58117978
59865855 52576164
59865855 133788709
59865855 127255034
57138436 29417782
57138436 127255034
172680773 127255034
65330146 58029210
65288508 67794662
58111701 29417782
58111701 127255034
67794662 57605529
67794662 315265672
67794662 58007281
67794662 29417782
67794662 37518135
67794662 58267528
67794662 6992488
67794662 58029210
67794662 59865855
67794662 65288508
67794662 20797868
67794662 131680654
67794662 39305801
67794662 5438898
67794662 114420911
67794662 78385038
67794662 58117978
67794662 2349936
67794662 164007851
67794662 58034155
67794662 45161746
67794662 58257005
67794662 58395599
67794662 127255034
677183533 127255034
37518135 29417782
37518135 114420911
37518135 67794662
37518135 78385038
37518135 127255034
56896421 29417782
56896421 39305801
56896421 114420911
56896421 58117978
56896421 2349936
56896421 58034155
56896421 57645628
56896421 58257005
56896421 45161796
56896421 5438898
56896421 45162162
56896421 6992488
56896421 58017903
56896421 133788709
56896421 127255034
131680654 6992488
131680654 67794662
131680654 127255034
58373948 37518135
58373948 127255034
55912987 57138436
54417133 127255034
29417782 12452104
29417782 6992488
29417782 58383912
29417782 57138436
29417782 59865855
29417782 114420911
29417782 67794662
29417782 71256501
29417782 45161746
29417782 127255034
58006764 127255034
58397703 315265672
58397703 58007281
58397703 205885185
58397703 127255034
58397703 58017903
58117978 58029210
58117978 158153319
58117978 59865855
58117978 39305801
58117978 5438898
58117978 45162077
58117978 67794662
58117978 952584
58117978 57645628
58117978 127255034
39305801 12452104
39305801 833353699
39305801 58267528
39305801 6992488
39305801 58029210
39305801 158153319
39305801 58383912
39305801 59865855
39305801 300711573
39305801 142569510
39305801 56896421
39305801 114420911
39305801 67794662
39305801 78385038
39305801 58131520
39305801 58117978
39305801 205885185
39305801 164007851
39305801 58034155
39305801 45161746
39305801 129864381
39305801 57645628
39305801 668730768
39305801 58257005
39305801 45161796
39305801 205885491
39305801 58395599
39305801 127255034
5525039 127255034
58129557 58034155
58129557 127255034
58421660 127255034
12452104 127255034
165404498 127255034
142569510 39305801
142569510 45162077
142569510 127255034
154894965 45162077
154894965 58034155
154894965 45161796
154894965 57605529
154894965 127255034
71256501 29417782
71256501 127255034
45161796 57605529
45161796 833353699
45161796 6992488
45161796 45162162
45161796 39305801
45161796 5438898
45161796 56896421
45161796 45162077
45161796 2349936
45161796 154894965
45161796 58034155
45161796 45161746
45161796 57645628
45161796 58257005
45161796 205885491
45161796 58395599
45161796 58017903
45161796 133788709
45161796 127255034
58395599 45161796
58395599 39305801
58395599 6992488
58395599 134155332
58395599 58257005
58395599 2349936
58395599 67794662
58395599 57645628
58395599 37518135
58395599 29417782
58395599 45161746
58395599 5438898
58395599 56896421
58395599 58007281
58395599 58034155
58395599 58017903
58395599 133788709
58395599 127255034
315265672 29417782
315265672 45162077
315265672 58397703
315265672 67794662
315265672 127255034
78385038 29417782
78385038 37518135
78385038 6992488
78385038 59865855
78385038 39305801
78385038 5438898
78385038 114420911
78385038 67794662
78385038 127255034
78385038 58017903
833353699 39305801
833353699 45161796
74614241 6992488
74614241 58383912
74614241 59865855
74614241 58257005
74614241 58017903
74614241 127255034
54375929 127255034
2349936 6992488
2349936 5438898
2349936 56896421
2349936 67794662
2349936 205885185
2349936 952584
2349936 45161796
2349936 58395599
2349936 127255034
