289173741 295639446
289173741 289192137
289173741 298809382
289173741 144735930
289192547 144735930
77121404 25445665
77121404 144735930
175121322 301263738
175121322 161108081
175121322 5249281
175121322 22706250
175121322 156212936
5249281 67922642
5249281 175121322
14965294 161108081
797967387 144735930
454158405 22706250
447343206 289173741
447343206 144735930
131283820 833827765
131283820 144735930
289192137 289173741
161108081 298808155
161108081 175121322
833827765 131283820
384812845 67922642
368440792 144735930
159903449 383224548
54477101 175519321
54477101 3177220
578747452 175519321
295639446 289173741
295639446 263333279
253524302 175519321
253524302 25445665
276984699 144735930
25445665 77121404
25445665 298808155
25445665 253524302
25445665 526563899
25445665 449124365
25445665 156212936
526563899 25445665
263333279 295639446
263333279 144735930
298809382 289173741
298809382 766171866
59699770 175519321
144735930 289173741
144735930 77121404
144735930 29935976
144735930 298808155
144735930 155569144
144735930 383224548
144735930 131283820
144735930 289192547
144735930 447343206
144735930 797967387
144735930 30780183
144735930 15405556
144735930 263333279
156212936 25445665
156212936 175121322
742723705 14759291
301263738 67922642
301263738 175121322
301263738 298808155
22706250 67922642
22706250 454158405
22706250 175121322
22706250 144735930
22706250 155842223
766171866 298809382
449124365 25445665
166949957 67922642
67922642 22706250
67922642 384812845
67922642 166949957
67922642 301263738
129775976 183447115
29935976 144735930
14759291 742723705
15405556 144735930
15405556 448498719
159909573 175519321
298808155 301263738
298808155 144735930
298808155 25445665
3177220 54477101
175519321 578747452
175519321 155782139
175519321 253524302
175519321 144735930
175519321 159909573
175519321 59699770
175519321 54477101
155842223 22706250
155569144 144735930
30780183 144735930
155782139 175519321
448498719 15405556
233133332 383224548
383224548 159903449
383224548 144735930
383224548 233133332
