104340651 124615995
104340651 127330926
509105570 127330926
229353863 127330926
20143554 124604770
20143554 127330926
501159008 127330926
295143538 127330926
124615995 127330926
124615995 104340651
228202809 127330926
138574772 127330926
57185663 127330926
71256574 124604770
71256574 127330926
57192453 104340651
174303639 104340651
288281120 127330926
425652143 127330926
82903750 127330926
229213014 127330926
229213014 124604770
243640265 127330926
169478447 127330926
72107746 127330926
144794799 127330926
279608006 127330926
6959408 124604770
6959408 104340651
6959408 127330926
634966877 127330926
228761125 127330926
167403641 127330926
328223480 138574772
328223480 127330926
32858345 124604770
278584074 127330926
286843528 127330926
295443598 127330926
252427179 127330926
124604770 127330926
78714983 73173898
78714983 129166097
78714983 127330926
230567633 127330926
230567633 129166097
141325566 127330926
57192508 59202328
57192508 124604770
57192508 127330926
24351866 127330926
258034455 127330926
229158994 127330926
17389001 127330926
298140929 127330926
58387663 127330926
38164514 73173898
38164514 127330926
541276597 127330926
239022299 127330926
16649493 127330926
245213158 127330926
279739359 127330926
242354340 127330926
92587391 127330926
294682053 124604770
294682053 127330926
59202328 57192508
59202328 127330926
167856282 127330926
2176286 127330926
167114925 127330926
217134901 127330926
295355133 127330926
49254975 127330926
17768831 127330926
228793584 127330926
107673912 127330926
231002483 127330926
231002483 124604770
199983500 124604770
129166097 127330926
28095471 129166097
231382734 124604770
231382734 127330926
107661964 124604770
107661964 127330926
44868636 127330926
297752906 127330926
54231790 127330926
646991015 127330926
57188502 124604770
57188502 127330926
73173898 127330926
