133686444 8923485
133686444 152932166
836612007 58525902
389597848 58525902
169922624 58525902
49335845 58525902
29161996 58525902
58097984 58525902
45482235 58525902
147418755 58525902
836612498 58525902
205066390 58525902
836612655 58525902
57649781 58525902
57649781 50645741
833380043 58525902
128310173 58525902
45498491 58525902
50645741 57649781
50645741 58525902
302572883 58525902
152816632 58525902
152932166 5110652
152932166 58525902
152932166 133686444
57068237 58525902
565291537 58525902
6754390 58525902
282925052 58525902
156968766 58525902
320788928 58525902
324447335 58525902
407169882 128310173
26956140 58525902
26956140 515986392
836612895 58525902
57188051 58525902
34483745 58525902
54972929 58525902
148049003 58525902
328278654 58525902
349480252 58525902
58162203 58525902
685328428 58525902
558646819 58525902
40167875 58525902
230047635 58525902
52553336 58525902
358175257 58525902
57612216 58525902
77980360 58525902
8923485 133686444
8923485 58525902
86284351 58525902
131100528 58525902
299217190 58525902
634784185 58525902
58364782 58525902
6886247 58525902
128502361 58525902
836614040 58525902
244949781 58525902
836221755 58525902
200062703 58525902
27382702 58525902
115980644 58525902
507177439 58525902
5110652 58525902
5110652 152932166
58171507 58525902
659062613 58525902
152684039 58525902
515986392 58525902
515986392 26956140
75880348 58525902
57326504 58525902
747091090 58525902
601948818 58525902
68175859 58525902
630781279 58525902
269528718 58525902
111704794 58525902
836614660 58525902
9027495 58525902
35839639 58525902
604319798 58525902
