52571543 58090993
58394702 364437032
58394702 58090993
154898131 58090993
130455695 58090993
52576707 58090993
130598905 58090993
134155332 58090993
12712972 205890886
12712972 134155332
12712972 98857329
12712972 27919728
162895150 130598905
30932664 58090993
30932664 668733761
58269940 58090993
677151324 58383912
677151324 58090993
9753960 58090993
668733761 205884892
668733761 30932664
57580043 205884892
57580043 58090993
58383912 677151324
58383912 58090993
152818271 58090993
836613593 130598905
18821961 9753960
207661766 58090993
12724778 58090993
145682615 130598905
205884892 57611124
205884892 61759145
205884892 57585641
205884892 57580043
205884892 58090993
205884892 98857329
205884892 668733761
205884892 9753960
162784372 130598905
57611124 58090993
57611124 205884892
58090993 130598905
57610412 58090993
152592125 58090993
57585641 58090993
98857329 58090993
98857329 12712972
98857329 205884892
52574870 58090993
233694454 130598905
205890886 58090993
364437032 58394702
364437032 58090993
128502637 58090993
58326836 58090993
61759145 58090993
61759145 9753960
298834845 58090993
581401688 58090993
736563581 58090993
541449378 58090993
45339798 52576131
45339798 58090993
52576131 45339798
52576131 57580043
52576131 58090993
52576131 98857329
52576131 9753960
80888101 130598905
833823709 130598905
