32839577 35957400
32839577 82159040
127945808 32839577
166810549 604357588
69323079 54146132
44735906 604357588
604357588 166810549
21786868 301970776
44963461 604357588
48458814 127945808
96199885 20548765
130497007 69075773
54259986 138989303
45514789 162801222
20548765 127945808
20548765 64374133
20548765 96199885
134118697 604357588
162801222 45514789
34215719 61526831
34215719 82159040
301970776 48711938
301970776 21786868
301970776 130474607
138989303 54259986
65306321 69075637
57371704 130474607
57371704 69075637
48711938 301970776
69075773 130497007
69075773 130474607
69075773 96199885
35957400 32839577
35957400 75381893
54190374 44504854
47104042 604357588
82264877 49054036
130474607 30915281
130474607 69075773
130474607 301970776
130474607 57371704
130474607 217172570
130474607 604357588
130474607 44756145
82159040 32839577
82159040 34215719
54146132 69323079
64374133 20548765
75381893 35957400
69075637 65306321
