534788705 152820536
534788705 58186802
52570711 39195731
52570711 21632698
52570711 58061214
52570711 65469600
134608694 152820536
49058868 58186802
49058868 25528057
49058868 58061214
49058868 65469600
49058868 55562699
49058868 58030538
49058868 29952341
49058868 57332146
49058868 535189203
49058868 58189171
49058868 152820536
52583175 58186802
52583175 58061214
52583175 65469600
52583175 58010365
52583175 534799019
52583175 152820536
155069236 58186802
155069236 534788515
155069236 58061214
155069236 65469600
155069236 58010365
155069236 152486536
155069236 50652048
155069236 58030538
155069236 152820536
833409988 152820536
50652048 39195731
50652048 52582481
50652048 199956116
50652048 127348443
50652048 58186802
50652048 152578600
50652048 12287333
50652048 21632698
50652048 58061214
50652048 155069236
50652048 298851027
50652048 630662031
50652048 58010365
50652048 57648217
50652048 152797981
50652048 58030538
50652048 646936349
50652048 756510630
50652048 58105738
50652048 131681241
50652048 534799019
50652048 265400685
50652048 535189203
50652048 581719946
50652048 564236453
50652048 31418329
50652048 421456590
50652048 152820536
687018926 39195731
754543820 58061214
535189203 39195731
535189203 21632698
535189203 58061214
535189203 757858960
535189203 65469600
535189203 630662031
535189203 152486536
535189203 50652048
535189203 58140553
535189203 49058868
535189203 131681241
535189203 152820536
25528057 58260321
25528057 29952341
833345008 152820536
833345008 65469600
833345008 58186802
65469600 39195731
65469600 199956116
65469600 58186802
65469600 58252901
65469600 155069236
65469600 298851027
65469600 52570711
65469600 630662031
65469600 58010365
65469600 58140553
65469600 5141186
65469600 29952341
65469600 534799019
65469600 535189203
65469600 152820536
127348443 152797981
127348443 50652048
127348443 152820536
601707865 58186802
601707865 58061214
108568715 39195731
108568715 58186802
108568715 25528057
108568715 21632698
108568715 58061214
108568715 65469600
108568715 630662031
108568715 57648217
108568715 535189203
108568715 152820536
58105738 534851954
58105738 127348443
58105738 58186802
58105738 52583175
58105738 534788515
58105738 25528057
58105738 21632698
58105738 58061214
58105738 155069236
58105738 65469600
58105738 630662031
58105738 58010365
58105738 57648217
58105738 152486536
58105738 50652048
58105738 58030538
58105738 58140553
58105738 29952341
58105738 265400685
58105738 57329238
58105738 152820536
39195731 534989860
39195731 687018926
39195731 58186802
39195731 57435995
39195731 21632698
39195731 58061214
39195731 52570711
39195731 58260321
39195731 630662031
39195731 90888311
39195731 58010365
39195731 147011765
39195731 152486536
39195731 50652048
39195731 58140553
39195731 58253916
39195731 535189203
39195731 57465044
58039493 58061214
152797981 127348443
152797981 65469600
152797981 58010365
152797981 50652048
152797981 265400685
152797981 152820536
90889255 561271593
90889255 58186802
90889255 58061214
90889255 65469600
90889255 29952341
630662031 39195731
630662031 58186802
630662031 25528057
630662031 108568715
630662031 21632698
630662031 58061214
630662031 65469600
630662031 57648217
630662031 50652048
630662031 58140553
630662031 29952341
630662031 58105738
630662031 535189203
630662031 152820536
756510630 58186802
756510630 58252901
756510630 152820536
756510630 534799019
756510630 58140553
756510630 50652048
756510630 65469600
756510630 58061214
635307335 152820536
421456590 127348443
421456590 534788515
421456590 50652048
421456590 58140553
421456590 31418329
421456590 58186802
90887866 534775454
757858960 535189203
757858960 55562699
757858960 58061214
757858960 58252901
298851027 58186802
298851027 65469600
298851027 58010365
298851027 152486536
298851027 50652048
298851027 29952341
298851027 152820536
90888311 39195731
90888311 65469600
265400685 52582481
265400685 58186802
265400685 25528057
265400685 12287333
265400685 58061214
265400685 65469600
265400685 57648217
265400685 152797981
265400685 50652048
265400685 58030538
265400685 58105738
265400685 58253916
265400685 152820536
90892601 39195731
22798054 25528057
22798054 58260321
58010365 39195731
58010365 199956116
58010365 58186802
58010365 58252901
58010365 534788515
58010365 12287333
58010365 21632698
58010365 58061214
58010365 155069236
58010365 298851027
58010365 65469600
58010365 55562699
58010365 630662031
58010365 57648217
58010365 152486536
58010365 152797981
58010365 50652048
58010365 58105738
58010365 131681241
58010365 534788705
646936349 50652048
646936349 65469600
58253916 39195731
58253916 58186802
58253916 58252901
58253916 58061214
58253916 65469600
58253916 58010365
58253916 152486536
58253916 534799019
58253916 265400685
58253916 57465044
5141186 58186802
5141186 58061214
5141186 65469600
5141186 152820536
217132239 58186802
217132239 58061214
217132239 152820536
139708530 152820536
139708530 58186802
199956116 52582481
199956116 58186802
199956116 58252901
199956116 58061214
199956116 65469600
199956116 630662031
199956116 58010365
199956116 152486536
199956116 50652048
199956116 58030538
199956116 131681241
199956116 534799019
199956116 564236453
199956116 152820536
131606940 25528057
131606940 21632698
131606940 152820536
564236453 65469600
564236453 58186802
564236453 58061214
564236453 152820536
534799019 199956116
534799019 58186802
534799019 25528057
534799019 58061214
534799019 65469600
534799019 630662031
534799019 57648217
534799019 152486536
534799019 50652048
534799019 58140553
534799019 29952341
534799019 58253916
534799019 31418329
534799019 152820536
57465044 39195731
57465044 58186802
57465044 58061214
57465044 65469600
57465044 152820536
31418329 635307335
31418329 58010365
31418329 58061214
31418329 155069236
31418329 322647644
31418329 57465044
31418329 52570711
31418329 65469600
31418329 58140553
31418329 152619393
31418329 50652048
31418329 152486536
31418329 630662031
31418329 534799019
31418329 58186802
31418329 152820536
561271593 199956116
561271593 58186802
561271593 58061214
561271593 90889255
561271593 65469600
561271593 57648217
561271593 152486536
561271593 58140553
561271593 152820536
58030538 199956116
58030538 58186802
58030538 52583175
58030538 58061214
58030538 155069236
58030538 58010365
58030538 57648217
58030538 152486536
58030538 50652048
58030538 58140553
58030538 29952341
58030538 49058868
58030538 58105738
58030538 265400685
58030538 152820536
29952341 58186802
29952341 25528057
29952341 12287333
29952341 58061214
29952341 298851027
29952341 90889255
29952341 65469600
29952341 630662031
29952341 152486536
29952341 58030538
29952341 58140553
29952341 49058868
29952341 58105738
29952341 131681241
29952341 534799019
29952341 152820536
534788515 58186802
534788515 58061214
534788515 155069236
534788515 65469600
534788515 534799019
534788515 58140553
534752887 58061214
131681241 199956116
131681241 58186802
131681241 12287333
131681241 55562699
131681241 58010365
131681241 50652048
131681241 29952341
131681241 535189203
131681241 152820536
152578600 58186802
152578600 58061214
152578600 65469600
152578600 50652048
152578600 58140553
58260321 25528057
58260321 22798054
58260321 39195731
58140553 39195731
58140553 58186802
58140553 534788515
58140553 25528057
58140553 58061214
58140553 52570711
58140553 65469600
58140553 630662031
58140553 57648217
58140553 152486536
58140553 58030538
58140553 29952341
481493550 534799019
481493550 58140553
481493550 65469600
481493550 58061214
481493550 58186802
534989860 25528057
57435995 39195731
57435995 58186802
152820536 58252901
152820536 131606940
152820536 535189203
152820536 29952341
152820536 155069236
152820536 12287333
152820536 58030538
152820536 58061214
152820536 21632698
152820536 298851027
152820536 134608694
152820536 65469600
152820536 58186802
152820536 55562699
152820536 534788705
152820536 58105738
152820536 131681241
152820536 50652048
152820536 57648217
152820536 630662031
152820536 265400685
152820536 108568715
152820536 534799019
152820536 561271593
152820536 127348443
152820536 31418329
152820536 833409988
152820536 5141186
152820536 147011765
152820536 152486536
152820536 58010365
152820536 756510630
152820536 620442284
152820536 635307335
152820536 52583175
152820536 49058868
152820536 747179631
152820536 217132239
152820536 57465044
152820536 152797981
152820536 199956116
152820536 564236453
152820536 833345008
322647644 31418329
322647644 58061214
58186802 561271593
58186802 39195731
58186802 534851954
58186802 199956116
58186802 152619393
58186802 152578600
58186802 52583175
58186802 58252901
58186802 534788515
58186802 57435995
58186802 534766436
58186802 25528057
58186802 108568715
58186802 12287333
58186802 21632698
58186802 58061214
58186802 155069236
58186802 298851027
58186802 90889255
58186802 65469600
58186802 55562699
58186802 630662031
58186802 601707865
58186802 534775454
58186802 58010365
58186802 57648217
58186802 152486536
58186802 50652048
58186802 58030538
58186802 58140553
58186802 747179631
58186802 5141186
58186802 29952341
58186802 49058868
58186802 756510630
58186802 58105738
58186802 131681241
58186802 534799019
58186802 265400685
58186802 139708530
58186802 481493550
58186802 164956785
58186802 58253916
58186802 534788705
58186802 57465044
58186802 217132239
58186802 564236453
58186802 31418329
58186802 421456590
58186802 152820536
58186802 833345008
534775454 58186802
534775454 90887866
55562699 58186802
55562699 757858960
55562699 65469600
55562699 58010365
55562699 49058868
55562699 131681241
55562699 152820536
12287333 58186802
12287333 21632698
12287333 65469600
12287333 58010365
12287333 57648217
12287333 152486536
12287333 50652048
12287333 29952341
12287333 131681241
12287333 265400685
12287333 57465044
12287333 152820536
147011765 39195731
147011765 58061214
147011765 152820536
57329238 58039493
58252901 58186802
58252901 58061214
58252901 65469600
58252901 152820536
543971936 534788515
543971936 58061214
57648217 561271593
57648217 39195731
57648217 58186802
57648217 25528057
57648217 108568715
57648217 12287333
57648217 58061214
57648217 65469600
57648217 630662031
57648217 58010365
57648217 152486536
57648217 50652048
57648217 58140553
57648217 534799019
57648217 265400685
57648217 152820536
152486536 39195731
152486536 52582481
152486536 199956116
152486536 58186802
152486536 52583175
152486536 534788515
152486536 12287333
152486536 21632698
152486536 58061214
152486536 155069236
152486536 298851027
152486536 52570711
152486536 65469600
152486536 57648217
152486536 58030538
152486536 58140553
152486536 29952341
152486536 534799019
152486536 535189203
152486536 31418329
152486536 152820536
164956785 58186802
164956785 25528057
52582481 561271593
52582481 58061214
52582481 152486536
52582481 50652048
534851954 58105738
534851954 58186802
21632698 131606940
21632698 39195731
21632698 534989860
21632698 58186802
21632698 25528057
21632698 108568715
21632698 12287333
21632698 58061214
21632698 52570711
21632698 65469600
21632698 630662031
21632698 58010365
21632698 152486536
21632698 50652048
21632698 58140553
21632698 58105738
21632698 535189203
21632698 152820536
152619393 58186802
152619393 58061214
152619393 65469600
152619393 152486536
152619393 534799019
152619393 52583175
152619393 31418329
747179631 152820536
702057382 25528057
581719946 65469600
581719946 50652048
534766436 58186802
58189171 65469600
58189171 58061214
58189171 49058868
58189171 833321047
57332146 25528057
