54438781 127572818
54438781 7471989
54438781 127581624
155862065 182454561
155862065 16523641
155862065 127572818
155862065 127581624
45487487 127572818
152932384 127581624
528832674 127572818
7471989 54438781
7471989 72843371
7471989 45161747
7471989 29715716
7471989 16523641
7471989 127581624
7471989 12415559
7471989 23300100
23300100 127581624
23300100 127572818
128389230 58484202
112858867 127572818
800365840 127572818
362982185 58000716
362982185 16523641
362982185 127581624
362982185 12415559
12415559 127581624
12415559 16523641
12415559 127572818
12415559 72843371
12415559 7471989
638162161 127581624
638162161 127572818
152520064 127581624
152520064 127572818
723733225 127581624
57608056 29715716
57608056 127572818
57608056 127581624
37963158 127572818
136258602 127581624
112339978 127572818
421537987 127572818
421537987 127581624
57403723 127572818
29715716 421505281
29715716 23313358
29715716 164374513
29715716 132711494
29715716 127572818
29715716 16523641
29715716 127581624
58381287 45161747
421488900 127572818
52448839 127581624
52448839 127572818
163896293 127581624
182454561 127581624
182454561 127572818
21402323 127572818
21402323 16523641
21402323 127581624
72843371 127581624
72843371 16523641
72843371 127572818
72843371 17854300
72843371 7471989
72843371 57334945
72843371 12415559
57334945 127581624
57334945 72843371
57334945 127572818
57334945 16523641
255005230 127581624
58000716 362982185
58000716 127572818
58000716 127581624
189168236 127572818
128947986 127572818
155865035 127581624
155865035 127572818
685598747 127572818
13349275 127581624
33133772 127572818
17854300 23313358
17854300 127572818
17854300 72843371
17854300 127581624
30853601 127581624
30853601 127572818
31251016 182454561
31251016 127581624
164374513 238984433
164374513 29715716
164374513 127572818
164374513 16523641
164374513 127581624
164374513 32898294
164374513 9917729
323729850 127572818
185140610 9917729
185140610 127581624
421505281 421464893
421505281 29715716
421505281 127581624
25973974 127572818
25973974 127581624
152928440 127572818
152928440 16523641
152928440 127581624
152928440 23300100
152501816 127572818
58484202 128389230
601865168 127581624
133817209 127572818
133817209 127581624
421505842 127581624
421505842 127572818
421464893 238984433
421464893 421505281
421464893 182454561
421464893 127572818
421464893 16523641
421464893 127581624
238984433 164374513
238984433 127581624
136798932 127581624
136798932 127572818
601651334 127572818
127581624 127572818
127581624 12415559
456672771 127572818
456672771 127581624
16523641 29715716
16523641 21402323
16523641 362982185
16523641 723733225
16523641 164374513
16523641 421505281
16523641 152928440
16523641 127572818
16523641 155862065
16523641 45487487
16523641 127581624
16523641 72843371
16523641 7471989
16523641 57334945
16523641 12415559
9917729 127581624
9917729 127572818
9917729 185140610
127572818 29715716
127572818 127581624
32898294 16523641
32898294 164374513
32898294 238984433
32898294 127581624
32898294 127572818
32898294 23300100
45161747 58381287
45161747 7471989
45161747 23300100
