32879817 661169194
32879817 104952980
32879817 324538263
32879817 497341352
32879817 24090596
32879817 299363092
32879817 163895113
324538263 104952980
324538263 497341352
324538263 24090596
324538263 299363092
7914543 26506610
758028308 104952980
700937466 104952980
700937466 299363092
26506610 7914543
205529181 104952980
205529181 299363092
661169194 299363092
661169194 33990394
661169194 800308598
661169194 104952980
661169194 32879817
661169194 51846839
155616480 104952980
144798676 299363092
144798676 104952980
299363092 24090596
299363092 497341352
299363092 324538263
299363092 104952980
299363092 661169194
299363092 144798676
225401119 104952980
225401119 299363092
121735425 38737135
24090596 104952980
24090596 324538263
24090596 299363092
51846839 661169194
51846839 31595087
51846839 104952980
51846839 299363092
51846839 800308598
104952980 32879817
104952980 661169194
104952980 324538263
104952980 299363092
104952980 24090596
104952980 497341352
19079108 104952980
163895113 299363092
163895113 104952980
31595087 51846839
31595087 104952980
38737135 121735425
38737135 33990394
38737135 299363092
269054182 104952980
269054182 497341352
269054182 299363092
33990394 661169194
33990394 104952980
33990394 38737135
497341352 104952980
497341352 299363092
800308598 661169194
800308598 104952980
800308598 24090596
69406375 104952980
69406375 299363092
741414474 104952980
