152912208 56400982
152912208 57646892
152912208 18695679
152912208 152929934
152912208 57652548
152912208 57650316
152912208 149533794
14151067 17986634
14151067 149533794
152710222 57652548
152710222 152954990
152710222 149533794
152800918 57652548
152800918 57650316
152800918 149533794
152930365 581006377
152930365 149533794
152677333 57652548
152677333 18695679
152677333 149533794
152502024 152502893
152502024 152603182
152502024 149533794
152502024 57650316
152919901 152954990
152919901 149533794
42168789 18695679
42168789 149533794
8073988 149533794
152954990 152919901
152954990 149533794
152851323 152628126
152851323 57650316
152851323 149533794
152851323 28058172
152933065 149533794
152927936 149533794
181213533 57652548
181213533 42168789
181213533 149533794
17986634 149533794
13695405 152578058
13695405 149533794
581006377 152930365
581006377 149533794
152694946 28058172
152694946 149533794
65368430 149533794
18695679 57650186
18695679 152502893
18695679 152628726
18695679 57652548
18695679 38597536
18695679 152677333
18695679 152628126
18695679 57646892
18695679 29112692
18695679 152912208
18695679 57650316
18695679 57643529
18695679 42168789
18695679 149533794
149533794 57646892
149533794 18695679
149533794 57650316
149533794 152800918
149533794 152933065
149533794 152954990
149533794 42168789
149533794 152628126
149533794 17986634
149533794 152912208
149533794 152919901
149533794 152532759
149533794 152927936
149533794 57650186
149533794 152677333
149533794 154914557
149533794 152620293
149533794 152851323
149533794 152941317
149533794 232446347
149533794 57643529
149533794 57652548
149533794 181213533
149533794 13695405
149533794 8073988
149533794 152571947
149533794 54317043
149533794 152710222
149533794 152502024
149533794 581006377
149533794 29112692
149533794 152623263
149533794 28058172
152628126 18695679
152628126 38597536
152628126 152603182
152628126 152628726
152628126 152851323
152628126 57650316
152628126 149533794
152628126 28058172
6852339 152929934
28058172 149533794
28058172 152628126
28058172 152851323
28058172 152694946
152929934 152912208
152929934 6852339
152929934 149533794
57646892 18695679
57646892 152912208
57646892 149533794
154914557 149533794
152502893 18695679
152502893 152502024
152502893 152851323
152502893 149533794
57652548 57650186
57652548 18695679
57652548 152677333
57652548 152710222
57652548 152628726
57652548 38597536
57652548 152800918
57652548 181213533
57652548 152912208
57652548 57650316
57652548 57643529
57652548 149533794
152620293 152578058
152620293 149533794
57643529 18695679
57643529 57650316
57643529 57652548
57643529 149533794
152532759 149533794
210191375 57650186
56400982 152912208
152578058 152620293
152578058 13695405
57650186 210191375
57650186 18695679
57650186 152628726
57650186 57652548
57650186 57650316
57650186 149533794
54317043 149533794
152941317 149533794
232446347 149533794
57650316 18695679
57650316 29112692
57650316 152912208
57650316 152851323
57650316 152628126
57650316 57650186
57650316 152603182
57650316 57652548
57650316 152502024
57650316 152623263
57650316 152800918
57650316 57643529
57650316 149533794
152628726 57650186
152628726 18695679
152628726 57652548
152628726 152628126
152603182 152502024
152603182 152628126
152603182 57650316
38597536 18695679
38597536 57652548
38597536 152628126
152571947 149533794
29112692 18695679
29112692 57650316
29112692 149533794
