33689603 10849707
33689603 73198614
15948916 57959458
15948916 73198614
58369229 73198614
58369229 57959458
83255129 57959458
10849707 33689603
10849707 18108921
10849707 57959458
10849707 73198614
252043380 18108921
252043380 57959458
252043380 73198614
65401855 18108921
18108921 252043380
18108921 67812752
18108921 10849707
73198614 15948916
73198614 33689603
73198614 58369229
73198614 57959458
73198614 10849707
73198614 17212193
73198614 252043380
72158939 18108921
81378128 57959458
129107633 15948916
129107633 57959458
57959458 45514054
57959458 15948916
57959458 81378128
57959458 4801210
57959458 129107633
57959458 58369229
57959458 83255129
57959458 18108921
57959458 10849707
57959458 73198614
57959458 17212193
57959458 252043380
57959458 54490296
37606280 15948916
67812752 18108921
231446358 18108921
133654885 17212193
45514054 57959458
45514054 73198614
45514054 67812752
364191578 45514054
364191578 72158939
364191578 18108921
364191578 67812752
364191578 57959458
4801210 57959458
17212193 57959458
17212193 15948916
17212193 73198614
17212193 133654885
