39854061 32450392
39854061 127201159
129609051 14007983
129609051 38660558
129609051 127201159
233274161 127201159
54438281 45379339
54438281 127201159
38448036 26078350
54972227 32450392
54972227 127201159
54972227 128386216
54972227 127447086
642596269 183270007
210991481 3582773
210991481 127201159
182206293 38660558
182206293 127201159
155645477 129609051
155645477 127201159
155645477 13827434
155645477 127447086
499818894 127201159
249630145 144538026
249630145 127201159
13827434 127201159
13827434 127447086
4100126 548434894
4100126 38660558
4100126 127201159
4100126 127447086
3582773 14007983
3582773 210991481
3582773 129609051
3582773 38660558
3582773 127201159
211002902 14007983
211002902 127447086
211002902 127201159
211002902 38660558
528350534 127201159
701051950 127201159
351481159 127201159
82765649 127201159
182121733 127201159
161487062 129609051
161487062 127201159
364533921 127201159
23694299 127201159
10285057 127201159
134907495 127201159
134907495 13827434
528398629 128386216
528398629 32450392
528398629 210991481
528398629 14007983
528398629 129609051
528398629 127201159
528398629 127447086
30575690 127201159
32450392 29682273
32450392 14007983
32450392 83819622
32450392 144538026
32450392 129609051
32450392 54972227
32450392 38660558
32450392 127201159
32450392 13827434
32450392 128386216
32450392 528398629
32450392 127447086
45226895 127201159
129786659 127201159
405616371 127201159
144538026 50628987
144538026 249630145
144538026 32450392
50628987 183270007
50628987 144538026
50628987 127201159
528362737 127201159
604124693 127201159
130188218 127201159
183270007 50628987
183270007 83819622
183270007 144538026
183270007 642596269
183270007 127447086
528774746 127201159
48658701 127201159
836613867 127201159
129747190 14007983
129747190 127201159
129747190 604900061
129747190 129609051
32537628 38660558
32537628 127201159
2046282 127201159
311940974 32450392
311940974 127201159
210989251 127201159
639380816 127201159
528995053 127201159
29682273 127201159
28843832 210991481
28843832 130188218
28843832 127201159
28843832 127447086
131959265 127201159
14007983 129609051
14007983 38660558
14007983 127201159
14007983 35653220
200081436 127201159
133010478 99158636
245321919 127201159
45379339 54438281
83819622 14007983
83819622 129609051
83819622 32450392
83819622 38660558
83819622 127201159
99158636 133010478
99158636 127201159
127447086 127201159
127447086 14007983
127447086 128386216
127447086 38660558
127447086 129609051
176071561 129609051
176071561 127201159
604900061 127201159
604900061 129747190
701222626 127201159
528769975 127201159
24651836 127201159
35653220 127201159
300645579 127447086
190497352 127201159
9756089 127201159
38660558 3582773
38660558 14007983
38660558 129609051
38660558 32537628
38660558 127201159
38660558 127447086
368711252 127447086
368711252 127201159
538416958 127201159
11356410 127201159
127201159 127447086
44960241 14007983
44960241 129609051
44960241 38660558
44960241 127201159
44960241 127447086
649700400 127201159
136944726 127201159
74313604 127201159
528844940 129609051
528844940 127201159
396653792 127201159
