135700198 19852708
135700198 162765539
21945240 35973773
516229364 162765539
516229364 772342750
516229364 772346290
516229364 772342831
516229364 90200875
516229364 128023425
516229364 163113038
501525046 772342831
501525046 162765539
501525046 128023425
149586463 90200875
149586463 97386659
149586463 284380826
149586463 128023425
772346878 128023425
772342750 128023425
13355477 35973773
163069930 15967982
747580883 15967982
834148511 128023425
401860215 128023425
737747261 15967982
140146102 15967982
44871619 128023425
97386659 162765539
97386659 93896714
97386659 163053585
97386659 566033023
97386659 772342831
97386659 90200875
97386659 89085822
97386659 300773238
97386659 284380826
97386659 82411376
97386659 149586463
97386659 128023425
377283476 35973773
773264589 128023425
15967982 140146102
15967982 128023425
19852708 135700198
153522403 128023425
82411376 97386659
82411376 10765500
82411376 90200875
82411376 89085822
82411376 516229364
82411376 163113038
82411376 772342831
82411376 163053585
82411376 162765539
82411376 93896714
82411376 128023425
651545004 128023425
300773238 10765500
300773238 97386659
300773238 90200875
300773238 128023425
655736461 10765500
655736461 772346878
655736461 128023425
35973773 45161979
35973773 135000375
35973773 13355477
35973773 377283476
35973773 31343115
35973773 21945240
772346705 128023425
834148065 128023425
424139906 21259861
772337541 772342831
772337541 516229364
772337541 128023425
219683185 128023425
162781684 128023425
674307465 15967982
163061638 128023425
163053585 93896714
163053585 10765500
163053585 97386659
163053585 772342831
163053585 90200875
163053585 89085822
163053585 128023425
163053585 516229364
90200875 162765539
90200875 834148511
90200875 163053585
90200875 10765500
90200875 128023425
90200875 149586463
90200875 82411376
90200875 163113038
90200875 516229364
90200875 300773238
90200875 89085822
90200875 772342750
90200875 772342831
90200875 97386659
47048544 128023425
47048544 15967982
45161979 128023425
45161979 35973773
82138793 21259861
162765539 135700198
162765539 93896714
162765539 10765500
162765539 97386659
162765539 772342831
162765539 90200875
162765539 516229364
162765539 163113038
162765539 82411376
162765539 128023425
772342831 97386659
772342831 516229364
772342831 128023425
834148197 128023425
834148197 15967982
506427814 128023425
21259861 82138793
21259861 424139906
21259861 37078434
163188222 10765500
163188222 128023425
536347896 128023425
833629940 15967982
89085822 90200875
89085822 97386659
89085822 93896714
89085822 162765539
89085822 163053585
89085822 772342831
89085822 516229364
89085822 163113038
89085822 128023425
31343115 35973773
163981431 15967982
37078434 21259861
566033023 10765500
566033023 97386659
566033023 128023425
162825384 15967982
162825384 128023425
772344963 128023425
163136349 128023425
10765500 655736461
10765500 162765539
10765500 93896714
10765500 163053585
10765500 566033023
10765500 772346290
10765500 90200875
10765500 89085822
10765500 300773238
10765500 516229364
10765500 284380826
10765500 163113038
10765500 163188222
10765500 15967982
10765500 128023425
97409082 15967982
93896714 162765539
93896714 163053585
93896714 10765500
93896714 97386659
93896714 89085822
93896714 516229364
93896714 163113038
93896714 128023425
163113038 516229364
163113038 655736461
163113038 93896714
163113038 10765500
163113038 90200875
163113038 128023425
604250880 128023425
772346290 516229364
83527315 128023425
123376318 15967982
135000375 35973773
