13211327 90009139
35330582 90009139
201368698 322646672
201368698 163799869
201368698 529380555
201368698 90009139
278908891 90009139
529488087 163799869
529488087 90009139
230141671 90009139
57462184 90009139
57462184 322646672
57462184 130187194
528432761 90009139
528432761 163799869
167578898 90009139
167578898 163799869
754534607 23080330
528445388 163799869
528445388 90009139
637505357 322646672
637505357 90009139
637505357 130187194
637505357 163799869
637505357 450186744
637505357 207666860
637505357 201368698
90009139 23080330
90009139 162801798
90009139 497201242
90009139 211009804
90009139 371548224
90009139 230141671
90009139 57462184
90009139 322891094
90009139 529380555
90009139 322646672
90009139 163799869
90009139 130187194
90009139 637505357
90009139 201368698
322891094 90009139
163799869 90009139
163799869 371548224
163799869 162801798
163799869 322646672
163799869 450186744
163799869 154991163
163799869 130187194
163799869 637505357
163799869 201368698
163799869 207666860
504355880 90009139
130187194 162801798
130187194 90009139
130187194 163799869
130187194 57462184
130187194 322646672
130187194 371548224
529380555 90009139
529380555 162801798
529380555 201368698
529380555 163799869
207666860 90009139
207666860 637505357
207666860 163799869
207666860 322646672
207666860 371548224
371548224 90009139
371548224 269342654
371548224 207666860
371548224 130187194
371548224 163799869
371548224 322646672
68412603 90009139
68412603 154991163
68412603 163799869
345900682 90009139
497201242 90009139
154991163 90009139
154991163 68412603
154991163 163799869
154991163 322646672
163836954 90009139
23080330 754534607
23080330 90009139
421460155 163799869
421460155 322646672
421460155 57462184
421460155 90009139
322646672 450186744
322646672 90009139
322646672 154991163
322646672 57462184
322646672 162801798
322646672 371548224
322646672 421460155
322646672 163799869
322646672 130187194
322646672 637505357
322646672 207666860
322646672 201368698
162801798 450186744
162801798 130187194
162801798 163799869
162801798 322646672
162801798 529380555
162801798 90009139
450186744 163799869
450186744 322646672
450186744 90009139
211009804 90009139
269342654 211009804
269342654 371548224
269342654 163799869
162828576 90009139
528797499 90009139
