57659707 80778261
701849568 80778261
3378264 80778261
210191032 80778261
58034855 80778261
25872411 80778261
570103199 80778261
85903155 80778261
152920591 80778261
653438507 80778261
29675209 80778261
174309148 80778261
177174128 80778261
154956216 80778261
17278551 80778261
112014919 80778261
36648013 80778261
12530877 36648013
12530877 34652433
599395888 80778261
186834849 80778261
54632390 80778261
130533103 80778261
533341356 80778261
152593566 80778261
12995937 80778261
582843253 80778261
125008947 80778261
125008947 36976271
352483121 80778261
26250630 80778261
12269755 80778261
298857999 80778261
818143736 80778261
85176492 80778261
246650317 80778261
214156229 80778261
57593040 80778261
57593040 26956140
303002542 80778261
805531890 80778261
34652433 80778261
34652433 71590914
103027659 80778261
57596681 80778261
152734456 80778261
298837847 80778261
836611096 80778261
321523799 80778261
582030430 80778261
41117498 49083898
659223233 80778261
310639079 80778261
299452728 80778261
298836280 80778261
699100906 701849568
582196592 80778261
599338248 80778261
152541923 298857999
152541923 80778261
66839194 80778261
212794247 80778261
294854053 80778261
36976271 125008947
553255 80778261
58345663 80778261
788884594 80778261
152542704 80778261
58375417 80778261
77159845 80778261
