60521600 129358008
60521600 60289742
60521600 64684989
60521600 26897159
14700021 442617989
14700021 60289742
14700021 442618045
60289742 442618045
60289742 14700021
60289742 224641678
60289742 442617989
60289742 60521600
144580700 129358008
81488466 129358008
81488466 82724334
12384260 14700021
12384260 442618045
172720850 82724334
693753699 166279275
693753699 694552679
50863356 14700021
127727203 82724334
35221935 82724334
35221935 25037197
54654998 129358008
54654998 82724334
54654998 224641678
54654998 14700021
54654998 57648448
530429414 694552679
129358008 60521600
48179902 82724334
61065321 129358008
61065321 27341017
442617989 60289742
442617989 14700021
442617989 442618045
54257520 82724334
54257520 230946050
54257520 49343706
54257520 131467714
17559142 129358008
17559142 150333387
48753661 129358008
231459659 49343706
231459659 25037197
179934805 14700021
179934805 506814480
177280136 82724334
11033737 82724334
69366894 129358008
57363887 82724334
230946050 129358008
230946050 54257520
18152989 129358008
18152989 60289742
18152989 442618045
210198077 82724334
210198077 57648448
138620585 129358008
57445937 82724334
45059601 82724334
82528293 129358008
82528293 14700021
36676114 14700021
36676114 442618045
694552679 530429414
694552679 693753699
96469042 82724334
155818531 82724334
11393293 129358008
150333387 17559142
49919614 14700021
164021583 60289742
164021583 14700021
127409733 60289742
127409733 14700021
442618045 442617989
442618045 60289742
442618045 14700021
166279275 693753699
44076184 82724334
57478997 129358008
136313530 129358008
136313530 82724334
136313530 836612424
171669833 442618045
171669833 14700021
171669833 60289742
506814480 179934805
506814480 14700021
678603366 82724334
14895966 14700021
27341017 129358008
57648448 82724334
57648448 210198077
26897159 60521600
25251319 129358008
25251319 82724334
25251319 14700021
131467714 129358008
131467714 49343706
131467714 54257520
131467714 509015276
555168 82724334
25037197 82724334
25037197 49343706
25037197 231459659
25037197 127727203
25037197 35221935
166606619 129358008
49343706 129358008
49343706 82724334
49343706 231459659
49343706 25037197
49343706 54257520
49343706 131467714
49343706 17559142
642195406 82724334
509015276 82724334
57410463 129358008
7690379 82724334
64684989 129358008
64684989 60521600
34043132 14700021
213249084 82724334
