52218093 518159292
836610517 518159292
150403593 518159292
836610877 273889535
836610788 518159292
152501690 518159292
695037863 518159292
42570255 518159292
726417065 518159292
728503743 518159292
58153207 518159292
210187710 3814968
23143816 132710876
23143816 134283061
23143816 518159292
224536275 518159292
8664574 273889535
8664574 49812508
8664574 298835518
71673499 518159292
7801309 518159292
57647560 19618574
57647560 518159292
152534218 518159292
30053109 518159292
30053109 24187278
61306089 518159292
582315628 518159292
582315628 563242953
756515786 518159292
19618574 57647560
19618574 37258801
215374780 518159292
30732878 518159292
3814968 210187710
3814968 49812508
3814968 518159292
75299051 518159292
37258801 19618574
37258801 518159292
758003863 518159292
39428520 518159292
833477492 518159292
549283016 518159292
224322763 518159292
132710876 518159292
128204179 273889535
128204179 518159292
134283061 23143816
131493232 518159292
152817987 518159292
680061777 518159292
680061777 563242953
680061777 49812508
680061777 806261681
680061777 580926771
812457166 518159292
305222787 518159292
24187278 518159292
24187278 30053109
413626332 518159292
58246036 518159292
57490482 128204179
57490482 518159292
57490482 563242953
49812508 8664574
49812508 273889535
49812508 680061777
49812508 806261681
49812508 3814968
49812508 563242953
49812508 518159292
218104277 518159292
44983245 518159292
298835518 8664574
298835518 518159292
806261681 518159292
806261681 563242953
806261681 49812508
806261681 580926771
806261681 680061777
806261681 273889535
155875135 518159292
563242953 680061777
563242953 273889535
580926771 273889535
580926771 680061777
580926771 518159292
580926771 563242953
580926771 806261681
273889535 8664574
273889535 580926771
273889535 836610877
273889535 806261681
273889535 49812508
273889535 563242953
273889535 518159292
273889535 128204179
