31696576 152899871
582378605 31696576
582378605 152899871
582378605 603192947
152928487 31696576
152928487 152797864
152928487 152899871
152928487 57650380
115751208 45544540
115751208 152899871
115751208 152593913
115751208 152479486
115751208 69642916
115751208 152579234
152501488 152899871
210249021 152629878
210249021 31696576
152620008 12488683
12437431 152899871
12437431 57643427
12437431 118124221
12437431 152622198
12437431 57650380
12437431 50645982
152579234 152629302
152579234 12488683
152579234 152899871
152579234 490443142
152579234 582378605
152579234 45544540
152579234 152677309
152579234 35275745
152579234 152819340
152579234 115751208
152579234 152797864
152579234 152929907
152579234 57643427
152579234 581857047
152579234 118124221
152579234 31696576
152579234 152912548
601609761 152899871
152929907 31696576
152929907 603192947
152929907 12488683
152929907 152579234
806378605 152899871
152729129 31696576
152729129 152899871
581213654 57650380
152724470 152788985
152724470 118124221
152724470 57647644
152724470 31696576
152724470 152899871
152724470 57650380
152926662 152899871
152922006 31696576
152922006 152899871
58004992 69642916
58004992 152899871
152939628 152899871
152939628 152629878
35275745 50625903
35275745 152899871
35275745 31696576
35275745 152579234
152847366 152899871
152474865 152899871
152474865 152858911
152474865 601603509
152474865 31696576
712461337 152724470
712461337 50625903
712461337 812488005
152603601 152629878
152603601 45544540
152603601 152899871
152603601 152956811
152603601 31696576
210196020 152479486
152919562 31696576
152919562 152899871
152687256 31696576
152687256 152899871
152687256 12488683
581857047 152899871
581857047 45544540
152858911 152899871
152661609 490443142
152479486 31696576
152479486 152899871
152479486 152735823
152479486 210196020
152479486 57652784
152479486 115751208
152479486 152819340
152876452 152899871
152619309 152897720
152619309 152629302
152629878 152939628
152629878 57650380
152629878 57649555
152629878 152601938
152629878 57652784
152629878 107495876
152629878 152501488
152629878 490439341
152629878 210249021
152629878 152603601
152788985 152724470
152788985 31696576
152788985 152657339
152788985 152629302
152788985 152899871
152788985 152904664
152899871 152953628
152899871 45544540
152899871 152797864
152899871 152796482
152899871 57644930
152899871 31696576
152899871 152897720
152899871 152929907
152899871 152912548
152899871 57647644
152899871 152788985
152899871 582378605
152899871 152687256
152899871 152564083
152899871 490439341
152899871 152876452
152899871 152928898
152899871 152724470
152899871 490439507
152899871 57648321
152899871 152677309
152899871 152499714
152899871 152730810
152899871 152517259
152899871 152735823
152899871 152919069
152899871 152877298
152899871 58004992
152899871 69642916
152899871 152593913
152899871 152571402
152899871 30340414
152899871 152620853
152899871 152601938
152899871 118124221
152899871 152674266
152899871 152501488
152899871 152657339
152899871 107495876
152899871 152858911
152899871 57643427
152899871 152919562
152899871 152728159
152899871 601609761
152899871 152479486
152899871 152928487
152899871 57652784
152899871 12437431
152899871 152922006
152899871 210208597
152899871 57649555
152899871 115751208
152899871 806378605
152899871 581857047
152899871 54480361
152899871 601603509
152899871 152939628
152899871 152660877
152899871 603192947
152899871 12488683
152899871 35275745
152899871 152819340
152899871 152816809
152899871 67638817
152899871 152735601
152899871 152896722
152899871 152904664
152899871 50645982
152899871 152847366
152899871 152729129
152899871 152956811
152899871 490443142
152899871 152579234
152899871 152603601
152571402 31696576
152571402 152899871
152730810 152899871
152730810 31696576
152782882 45544540
152782882 57643427
152782882 57650380
45544540 152782882
45544540 152912548
45544540 582378605
45544540 152735823
45544540 57647644
45544540 152897720
45544540 57646892
45544540 152622198
45544540 31696576
45544540 152899871
45544540 57652784
45544540 115751208
45544540 581857047
45544540 12488683
45544540 490443142
45544540 152579234
45544540 152603601
152601938 152899871
152601938 152629878
30340414 152899871
118124221 152620853
118124221 152724470
118124221 152517259
118124221 152564083
118124221 102066159
118124221 152899871
118124221 57650380
118124221 12437431
118124221 152735601
118124221 152896722
118124221 152904664
118124221 50645982
118124221 490443142
118124221 152579234
152593913 152499714
152593913 152735823
152593913 152899871
152593913 57650380
152593913 115751208
12488683 31696576
12488683 152899871
12488683 45544540
12488683 57643427
12488683 152953628
12488683 152687256
12488683 582378605
12488683 152629302
12488683 152620008
12488683 152674266
12488683 152724470
12488683 152517259
12488683 210208597
12488683 152929907
12488683 152797864
12488683 152816809
12488683 490443142
12488683 152579234
152953628 57648321
152953628 152796482
152953628 12488683
152953628 152629878
50645982 152899871
50645982 118124221
50645982 12437431
57644930 107495876
57644930 152899871
57644930 57643427
57644930 57650380
107495876 57644930
107495876 152899871
107495876 152629878
152816809 152899871
152657339 152899871
490443142 152819340
490443142 152904664
490443142 152912548
490443142 57648321
490443142 152899871
490443142 152674266
490443142 582378605
490443142 57647644
490443142 152925285
490443142 118124221
490443142 152796482
490443142 31696576
490443142 152579234
152912548 31696576
152912548 45544540
152912548 152899871
152912548 54480361
152912548 603192947
152912548 12488683
152912548 152579234
152912548 490443142
57646892 57648321
57646892 57647644
57646892 45544540
57646892 152899871
57646892 57650380
152728159 582378605
152728159 152899871
67638817 152899871
57648321 152724470
57648321 152953628
57648321 152899871
57648321 490443142
152896722 152899871
152896722 118124221
152622198 152788985
152622198 152674266
152622198 31696576
152622198 152929907
152622198 152899871
152622198 57652784
152622198 12437431
152622198 806378605
152622198 490443142
490439341 152629878
490439341 152899871
490439341 31696576
57649555 152899871
57649555 152629878
210208597 152796482
210208597 152899871
210208597 12488683
152928898 152899871
152928898 31696576
152735823 152517259
152735823 152593913
152735823 45544540
152735823 152899871
152735823 152479486
152735823 152474865
812488005 712461337
812488005 152897720
152629302 152788985
152629302 152899871
152629302 57650380
152629302 12488683
152629302 152619309
152629302 152579234
490439507 54480361
490439507 152899871
152564083 118124221
152564083 152899871
152564083 57650380
152564083 152904664
57652784 152899871
57652784 45544540
57652784 31696576
57652784 57643427
57652784 152674266
57652784 57647644
57652784 152629878
57652784 152956811
152677309 152674266
152677309 152579234
152677309 152899871
603192947 490439188
603192947 152899871
50625903 712461337
50625903 35275745
152517259 152899871
152897720 152899871
152796482 152953628
152796482 152899871
152796482 210208597
152796482 603192947
152796482 35275745
152796482 490443142
152919069 152899871
601603509 152899871
601603509 152499714
152877298 152899871
152819340 152899871
152819340 490443142
152620853 118124221
152620853 31696576
152620853 152899871
152925285 152899871
152925285 490443142
152674266 152622198
152674266 152677309
152674266 152797864
152674266 152899871
152674266 57650380
152674266 57652784
152674266 12488683
152674266 490443142
152660877 152899871
152956811 152629878
152956811 152899871
152956811 57652784
152956811 152603601
102066159 118124221
102066159 152899871
69642916 58004992
69642916 31696576
69642916 152899871
69642916 115751208
57647644 152724470
57647644 152499714
57647644 31696576
57647644 45544540
57647644 152899871
57647644 57650380
57647644 57652784
57647644 490443142
57647644 152579234
57643427 31696576
57643427 57644930
57643427 152782882
57643427 152897720
57643427 152899871
57643427 57652784
57643427 12437431
57643427 12488683
57643427 152579234
152797864 31696576
152797864 152674266
152797864 152899871
152797864 152928487
152797864 12488683
152797864 152579234
490439188 603192947
54480361 152912548
54480361 152899871
54480361 67638817
57650380 152928487
57650380 152724470
57650380 57646892
57650380 152782882
57650380 118124221
57650380 152629302
57650380 57644930
57650380 57647644
57650380 152564083
57650380 152674266
57650380 581213654
57650380 152593913
57650380 45544540
57650380 12437431
57650380 152629878
152904664 118124221
152904664 152899871
152904664 152788985
152904664 152564083
152904664 490443142
298834567 31696576
152499714 152593913
152499714 152899871
152499714 601603509
152735601 152899871
152735601 118124221
