52599827 54166616
58072078 54166616
152938116 54166616
152728716 108352676
152728716 123004332
152728716 54166616
57856221 54166616
57856221 421501883
57856221 129985323
152681000 152816678
36216431 54166616
4572375 54166616
45063984 152816678
45063984 57856221
152689004 152669761
152816678 152669761
152816678 152681000
152816678 45063984
152816678 123004332
152816678 54166616
421501883 58092012
421501883 316745572
421501883 54166616
421501883 57856221
421501883 685613836
54166616 152938116
54166616 421499245
54166616 58092012
54166616 58072078
54166616 129985323
58092012 421501883
58092012 54166616
152850922 52599827
108352676 152728716
108352676 123004332
108352676 643624755
108352676 129985323
643624755 54166616
129985323 108352676
129985323 643624755
129985323 54166616
129985323 57856221
316745572 421501883
9501017 54166616
421499245 54166616
152669761 152816678
152669761 152689004
685613836 421501883
27960204 54166616
123004332 152728716
123004332 152816678
123004332 54166616
