696947111 58519792
65490572 58519792
312586301 58519792
241487251 58519792
57643870 58519792
24570206 24462430
24570206 6490448
24570206 58519792
24570206 25295006
155815817 58519792
210192084 58519792
210192084 6490448
210192084 536092548
210192084 25295006
210192084 31415083
210192084 152696089
676774354 58519792
645720576 58519792
517274841 58519792
96297660 58519792
559156181 58519792
481429752 58519792
65396524 58519792
483863052 58519792
298830332 58519792
174711953 58519792
460080485 58519792
581271399 58519792
22006149 58519792
22006149 6490448
22006149 128242491
59806644 58519792
210230035 58519792
210230035 57848967
582203525 58519792
25295006 30732878
25295006 152713657
25295006 581879236
25295006 58104267
25295006 24570206
25295006 152567327
25295006 58519792
25295006 210191116
25295006 582843554
25295006 31415083
25295006 210192084
25295006 58151223
25295006 57848967
25295006 57609942
239349923 58519792
58104267 58519792
58104267 25295006
58104267 57848967
602021733 58519792
712461337 536092548
712461337 58519792
108087075 58519792
114354741 58519792
812500780 58519792
58151223 58519792
58151223 25295006
65385180 79281315
65385180 58519792
65385180 7191564
533700334 58519792
440255925 58519792
758009772 58519792
114475816 58519792
152567327 58519792
152567327 25295006
152567327 580915610
152567327 31415083
152567327 57848967
152567327 152953585
210191116 58519792
210191116 25295006
806267912 58519792
152953585 24462430
152953585 58519792
152953585 152567327
30732878 58519792
30732878 25295006
60694187 58519792
152816955 580915610
152816955 58519792
152713657 6490448
152713657 58519792
152713657 31415083
45354176 58519792
582000766 58519792
168619532 58519792
836613840 58519792
57848967 58519792
57848967 25295006
57848967 210230035
57848967 57743196
57848967 31415083
57848967 152567327
57848967 58104267
57848967 57609942
42088973 6490448
42088973 58519792
42088973 31415083
580915610 152816955
580915610 152567327
580915610 58519792
580915610 22006149
580915610 7191564
152696089 58519792
152696089 79281315
152696089 210192084
152696089 57743196
152696089 22006149
24462430 6490448
24462430 58519792
24462430 152953585
413933308 58519792
139473457 58519792
581272318 58519792
7191564 58519792
7191564 65385180
582843554 58519792
582843554 25295006
756511448 219362828
756511448 58519792
351386558 58519792
57609942 6490448
57609942 58519792
57609942 25295006
57609942 31415083
536092548 58519792
536092548 31415083
536092548 210192084
536092548 712461337
6490448 58519792
833658470 31415083
31415083 152713657
31415083 42088973
31415083 152567327
31415083 58519792
31415083 536092548
31415083 25295006
31415083 210192084
31415083 833658470
31415083 57848967
31415083 57609942
31415083 152696089
252998020 58519792
581799975 58519792
152700402 58519792
602020094 58519792
831713954 139473457
831713954 58519792
79281315 6490448
79281315 65385180
79281315 58519792
79281315 152696089
47220442 58519792
57743196 210230035
57743196 58519792
57743196 57848967
57743196 152696089
152431632 58519792
601632701 58519792
83630965 58519792
298858131 58519792
101698514 6490448
101698514 58519792
836613323 58519792
581879236 58519792
581879236 25295006
581431377 58519792
696467021 58519792
581975503 58519792
130237040 58519792
20381786 58519792
836612745 58519792
