34957630 69551599
129316914 69551599
164369042 13777963
73526801 69551599
73526801 57483037
73526801 33293144
73526801 127265644
132996571 69551599
12999029 13777963
177301539 69551599
60286589 69551599
38362220 69551599
173953483 69551599
177030736 69551599
57127761 69551599
54653520 83126251
54653520 69551599
17539221 69551599
17539221 58425664
17539221 13777963
33293144 69551599
33293144 57483037
303161443 69551599
687031278 69551599
57483037 33293144
57483037 69551599
12597702 69551599
13777963 217175326
157991583 69551599
97959199 69551599
363771395 69551599
200058913 69551599
200058913 13777963
200015002 69551599
32032720 69551599
836614281 69551599
83126251 687031278
83126251 54653520
83126251 69551599
83126251 127265644
83126251 363771395
224804095 69551599
224804095 13777963
11527163 69551599
58080218 200015002
58080218 69551599
58425664 17539221
171595881 69551599
69551599 127265644
69551599 173953483
69551599 12597702
69551599 57483037
69551599 83126251
152937790 13777963
127265644 69551599
217175326 13777963
69230196 69551599
45017895 69551599
169885071 69551599
8480869 69551599
8480869 13777963
155058892 69551599
836612588 69551599
200042199 69551599
