269147436 127241451
268571749 127241451
177684545 127241451
17473460 127241451
45255941 127241451
58106959 127241451
548776741 127241451
581930357 127241451
171870057 127241451
43721062 127241451
268415740 127241451
505221419 127241451
15958575 127241451
32264344 127241451
50749813 127241451
58272815 127241451
148320718 127241451
601613747 127241451
133003684 127241451
102361768 127241451
350550047 127241451
767366717 127241451
14595950 127241451
131821600 127241451
97420475 127241451
229016346 127241451
501831573 127241451
136159549 127241451
135061332 127241451
834440446 127241451
152603758 127241451
60691305 127241451
463371441 127241451
45658916 127241451
268601145 127241451
111974195 127241451
58372019 127241451
152621604 127241451
57643831 127241451
562046696 127241451
277633609 127241451
635140455 127241451
560071784 127241451
559132587 127241451
442752914 127241451
275961113 127241451
85866796 127241451
225704342 127241451
682048332 127241451
561339105 127241451
