152931344 5125044
152931344 152912781
152931344 28672520
152931344 7926955
152912781 152857715
152912781 28672520
582034479 25343397
582034479 2156726
582034479 756498057
582034479 7926955
44758805 41078534
44758805 3218184
44758805 581148582
44758805 301971182
44758805 44759622
44758805 27160210
44758805 30490440
44758805 152857715
44758805 152912526
44758805 22036577
44758805 65477251
44758805 16282228
44758805 152819538
44758805 175156367
210196772 57648052
210196772 175156367
210196772 7926955
24056756 67638721
24056756 101696665
3422521 101696665
3422521 5125044
3422521 22036577
3422521 61349430
3422521 13761220
3422521 30490440
3422521 3218184
3422521 28672520
3422521 25343397
3422521 152912526
3422521 57589940
3422521 107470405
3422521 152857715
3422521 152819538
3422521 27160210
152673059 25343397
152673059 24056756
152673059 27019571
581148582 44758805
581148582 85184467
52577966 41078534
52577966 25343397
52577966 175156367
107470405 152955076
107470405 77576008
107470405 3218184
107470405 44759622
107470405 126514138
107470405 67638721
107470405 101696665
107470405 175156367
107470405 57589940
107470405 3422521
107470405 27019571
107470405 52392144
61349430 130236803
61349430 25343397
61349430 3422521
152735058 3218184
152735058 28672520
152735058 175156367
163897161 152857715
163897161 175156367
163897161 57648052
58303829 25343397
58303829 13761220
58303829 22036577
44759622 44758805
44759622 107470405
44759622 152857715
44759622 756498057
44759622 101696665
3218184 44758805
3218184 5125044
3218184 107470405
3218184 152955076
3218184 25343397
3218184 710866719
3218184 301971182
3218184 27160210
3218184 30490440
3218184 2156726
3218184 152735058
3218184 22036577
3218184 67638721
3218184 65477251
3218184 16282228
3218184 101696665
3218184 3422521
3218184 7926955
13761220 110769994
13761220 58303829
13761220 101696665
13761220 175156367
13761220 3422521
560085921 25343397
152711065 175156367
2156726 57648052
2156726 25343397
85184467 25343397
85184467 581148582
85184467 580904760
85184467 101696665
27160210 44758805
27160210 152955076
27160210 3218184
27160210 25343397
27160210 30490440
27160210 28672520
27160210 152474343
27160210 22036577
27160210 65504587
27160210 152819538
27160210 175156367
27160210 3422521
27160210 27019571
27160210 7926955
16282228 28672520
16282228 152857715
16282228 30490440
16282228 3218184
16282228 152955076
16282228 25343397
16282228 44758805
16282228 175156367
16282228 27019571
65477251 581029979
65477251 152955076
65477251 77576008
65477251 3218184
65477251 301971182
65477251 152857715
65477251 28672520
65477251 175156367
65477251 57589940
152787767 152912526
210199816 581029979
210199816 147568743
210199816 301971182
210199816 30490440
210199816 152857715
210199816 175156367
210199816 7926955
152619988 30490440
152619988 581029979
152619988 175156367
7926955 101696665
7926955 27160210
7926955 152931344
7926955 152857715
7926955 25343397
7926955 126514138
7926955 175156367
7926955 210196772
7926955 2156726
7926955 57648052
7926955 44758805
7926955 5125044
7926955 210199816
7926955 582034479
77576008 107470405
77576008 25343397
77576008 65477251
77576008 101696665
175152127 25343397
175152127 7926955
83118580 25343397
22036577 44758805
22036577 147568743
22036577 25343397
22036577 152723720
22036577 27160210
22036577 123730504
22036577 30490440
22036577 3422521
152723720 175156367
152723720 22036577
152723720 25343397
175156367 152955076
175156367 101696665
175156367 27160210
175156367 107470405
175156367 28672520
175156367 25343397
175156367 5125044
175156367 152939142
175156367 152819538
175156367 30490440
175156367 67638721
175156367 152711065
175156367 65504587
175156367 16282228
175156367 13761220
175156367 52577966
175156367 581029979
175156367 57651195
175156367 152723720
175156367 152619988
175156367 210199816
175156367 65477251
175156367 210196772
175156367 152603736
175156367 152912781
175156367 44758805
175156367 152735058
175156367 27019571
175156367 163897161
175156367 7926955
175156367 52392144
152574061 30490440
152574061 28672520
57651195 175156367
152857715 44758805
152857715 5125044
152857715 152939142
152857715 301971182
152857715 50890486
152857715 44759622
152857715 152912526
152857715 210199816
152857715 67638721
152857715 16282228
152857715 57589940
152857715 3422521
152857715 27019571
152857715 163897161
152572333 25343397
28672520 152574061
28672520 25343397
28672520 152931344
28672520 27160210
28672520 30490440
28672520 152912781
28672520 65477251
28672520 16282228
28672520 101696665
28672520 175156367
28672520 57589940
28672520 3422521
28672520 27019571
28672520 163897161
28672520 7926955
123730504 25343397
123730504 152857715
123730504 28672520
123730504 22036577
123730504 101696665
123730504 175156367
67638721 107470405
67638721 152939142
67638721 25343397
67638721 152912781
67638721 152857715
67638721 28672520
67638721 24056756
67638721 175156367
52392144 175156367
52392144 25343397
52392144 30490440
52392144 28672520
52392144 107470405
101696665 3218184
101696665 25343397
101696665 30490440
101696665 710866719
101696665 27160210
101696665 77576008
101696665 22036577
101696665 28672520
101696665 5125044
101696665 107470405
101696665 44759622
101696665 152729340
101696665 85184467
101696665 175156367
101696665 57589940
101696665 3422521
101696665 27019571
101696665 163897161
152571744 25343397
5125044 57648052
5125044 3218184
5125044 25343397
5125044 152931344
5125044 30490440
5125044 2156726
5125044 152857715
5125044 101696665
5125044 175156367
5125044 3422521
5125044 27019571
5125044 7926955
126514138 107470405
126514138 25343397
126514138 152572333
756498057 152787767
756498057 25343397
756498057 44759622
756498057 582034479
302229797 25343397
152729340 25343397
152729340 710866719
152729340 101696665
152729340 7926955
152819538 44758805
152819538 126514138
152819538 27160210
152819538 25343397
152819538 175156367
301971182 44758805
301971182 3218184
301971182 30490440
301971182 152857715
301971182 148255581
301971182 210199816
301971182 65477251
152955076 107470405
152955076 3218184
152955076 25343397
152955076 27160210
152955076 65477251
152955076 16282228
152955076 175156367
147568743 25343397
147568743 28672520
147568743 210199816
147568743 22036577
50890486 25343397
50890486 152857715
50890486 28672520
710866719 3218184
710866719 25343397
710866719 101696665
41078534 52577966
41078534 44758805
41078534 601610112
321935993 25343397
59190567 25343397
25343397 5125044
25343397 152955076
25343397 130236803
25343397 3218184
25343397 61349430
25343397 710866719
25343397 27160210
25343397 560085921
25343397 30490440
25343397 2156726
25343397 28672520
25343397 85184467
25343397 22036577
25343397 67638721
25343397 65504587
25343397 101696665
25343397 175156367
25343397 3422521
25343397 7926955
581029979 30490440
581029979 210199816
581029979 65477251
581029979 152619988
581029979 2156726
581029979 175156367
581029979 52392144
130236803 25343397
22485896 25343397
22485896 13761220
22485896 22036577
152920076 152857715
152920076 67638721
581540129 25343397
57589940 107470405
57589940 101696665
57589940 65477251
57589940 28672520
57589940 152857715
57589940 30490440
57589940 3422521
601610112 25343397
152474343 27160210
152474343 28672520
152474343 101696665
65504587 25343397
65504587 27160210
65504587 28672520
65504587 67638721
65504587 175156367
30490440 581029979
30490440 152619988
30490440 152574061
30490440 44758805
30490440 5125044
30490440 3218184
30490440 25343397
30490440 301971182
30490440 27160210
30490440 28672520
30490440 210199816
30490440 22036577
30490440 16282228
30490440 101696665
30490440 175156367
30490440 57589940
30490440 3422521
30490440 27019571
30490440 52392144
110769994 3218184
110769994 13761220
152912526 44758805
152912526 152955076
152912526 25343397
152912526 152857715
152912526 3422521
152939142 25343397
152939142 152857715
152939142 28672520
152939142 67638721
152939142 175156367
57648052 210196772
57648052 25343397
57648052 2156726
57648052 152726554
57648052 163897161
57648052 7926955
152726554 57648052
27019571 28672520
27019571 27160210
27019571 101696665
27019571 152857715
27019571 30490440
27019571 25343397
27019571 16282228
27019571 175156367
