836613234 127225822
111597835 85168505
111597835 16463792
54394914 16463792
54394914 127225822
56951743 127225822
56951743 16463792
106357936 16463792
106357936 18056413
328282034 52582374
328282034 16463792
668706671 16463792
668706671 668677777
55076756 54385639
55076756 16463792
55076756 58299602
55076756 127225822
643965116 16463792
735391142 16463792
677314041 127225822
677314041 16463792
66783584 16463792
66783584 127225822
11411361 58050218
11411361 16463792
642371585 16463792
56802069 16463792
24574455 127225822
24574455 16463792
24574455 54385639
304827758 16463792
45161137 58050218
45161137 16463792
45161137 54385639
214111973 128238810
214111973 127225822
214111973 36632031
214111973 16463792
2775970 127225822
130016840 16463792
831830454 127225822
831830454 16463792
29876003 48980241
29876003 58299602
541454876 16463792
299236940 16463792
299236940 58299602
299236940 127225822
54385639 52582374
54385639 55076756
54385639 24574455
54385639 127225822
54385639 16463792
54385639 5559784
54385639 45161137
54385639 36632031
668677777 668706671
668677777 128238805
668677777 16463792
158232772 127225822
158232772 58050218
158232772 16463792
158232772 36632031
158232772 11411361
24395673 127225822
24395673 16463792
127225822 16463792
5559784 16463792
5559784 11411361
104880959 16463792
22428174 127225822
22428174 16463792
36632031 58050218
36632031 16463792
236890918 16463792
58299602 299236940
58299602 128238810
58299602 29876003
58299602 16463792
668842246 16463792
52582374 328282034
52582374 6214801
52582374 127225822
52582374 16463792
52582374 57641523
52582374 54385639
52582374 11411361
56950532 16463792
56950532 127225822
205885099 6214801
205885099 16463792
128238810 128238805
128238810 58299602
128238810 16463792
49021383 127225822
54356946 16463792
18056413 106357936
18056413 36632031
18056413 16463792
18056413 11411361
677183387 16463792
142733863 54407379
142733863 16463792
142772668 16463792
54407379 16463792
12553567 16463792
142611345 85168505
142611345 127225822
142611345 54407379
142611345 16463792
128238805 16463792
128238805 128238810
25027721 127225822
25027721 16463792
72156885 127225822
56936255 127225822
56936255 16463792
57641523 16463792
57641523 45161137
122057252 16463792
133192267 16463792
14203460 127225822
14203460 36632031
14203460 16463792
54393934 127225822
54393934 16463792
48980241 16463792
48980241 29876003
45496329 16463792
6214801 52582374
6214801 16463792
6214801 205885099
164577753 16463792
133255228 16463792
179474482 127225822
179474482 16463792
179474482 54385639
56951550 16463792
60304205 127225822
60304205 16463792
541463898 16463792
55731354 16463792
836613681 16463792
85168505 16463792
23854444 16463792
199867587 127225822
199867587 16463792
9756089 16463792
677728083 16463792
301454687 16463792
836613539 16463792
58050218 158232772
58050218 16463792
58050218 36632031
58050218 11411361
158174387 16463792
678514500 16463792
