23595040 55119069
23595040 298848677
23595040 79041217
23595040 152446859
23595040 58256667
45042493 200024572
45042493 298848677
45042493 421465586
45042493 58256667
45042493 179481574
45042493 23595040
45023412 58256667
45023412 162480004
136905907 67607427
49031105 298848677
152572297 298848677
152572297 58256667
45014141 160274456
45014141 179481574
45014141 152524426
45014141 79041217
45014141 57650442
200018824 298848677
200018824 58256667
123627642 298848677
44913352 45014141
55119069 23595040
55119069 298848677
12770425 21190119
55491260 23595040
79041217 23595040
79041217 16997747
79041217 162480004
79041217 421465586
79041217 45014141
79041217 152524426
421475104 23595040
52157271 21190119
52157271 58256667
57848822 160274456
162480004 541227661
162480004 200024572
162480004 58256667
200021726 160274456
200021726 58256667
200021726 45020369
67607427 136905907
160274456 200024572
160274456 152446859
16997747 55491260
16997747 79041217
21190119 58256667
45020369 298848677
45020369 200021726
45020369 160274456
152446859 200024572
298848677 23595040
298848677 152524426
298848677 55119069
45010268 58256667
152524426 160274456
152524426 58256667
152524426 45014141
152524426 298848677
225628087 58256667
175201665 160274456
175201665 200024572
421465586 23595040
421465586 179481574
421465586 45014141
421465586 45042493
421465586 152524426
421465586 79041217
421465586 298848677
58256667 45010268
58256667 200021726
57650442 58256667
57650442 45014141
200024572 175201665
200024572 152446859
35501794 58256667
