200138149 298808547
200138149 161101527
73853136 161101527
532635409 298808547
532635409 161101527
173559252 57415794
741689321 161101527
823643357 161101527
18556936 34853764
83936507 161101527
7997187 161101527
241252009 161101527
216073850 161101527
578863520 161101527
203283840 129888767
203283840 161101527
211286369 289193899
211286369 161101527
58368917 36576949
58368917 20475444
58368917 667132982
681518157 161101527
50670172 161101527
578968339 161101527
150830558 161101527
12163061 161101527
545537978 60686997
203423324 161101527
1593601 161101527
13933307 161101527
13933307 454078396
166897345 161101527
745870115 161101527
164614599 161101527
501691316 129888767
501691316 161101527
775016722 161101527
667132982 58368917
9437270 161101527
609875405 161101527
383702543 144531444
383702543 161101527
11918234 129888767
11918234 161101527
243994506 161101527
144531444 155555192
144531444 383702543
362951421 161101527
289193899 161101527
298808547 200138149
298808547 532635409
299238169 161101527
365902960 689361070
448047604 161101527
172114202 161101527
93288604 144539040
302506505 161101527
25929451 161101527
365349930 161101527
161101527 289193899
161101527 578968339
161101527 20475444
161101527 667132982
161101527 689361070
689361070 161101527
689361070 365902960
57415794 173559252
36576949 161101527
135170878 161101527
128722523 161101527
20475444 161101527
20475444 58368917
161828093 161101527
59688030 161101527
24495358 161101527
144539040 93288604
163886980 129888767
163886980 161101527
448628554 161101527
34853764 161101527
34853764 18556936
