60932475 32109397
60932475 58352237
60932475 9225899
60932475 152931684
58166508 152735152
58166508 152732218
58166508 41451162
58166508 152941200
58166508 58352237
58166508 58295385
58166508 9225899
58166508 152714302
58166508 129630373
58166508 58047225
58166508 359375575
58166508 152670434
58166508 152661367
58166508 152931684
58166508 57770797
152820460 152627036
152820460 18897879
152820460 359375575
152820460 57770797
152846298 129630373
57770797 8595348
57770797 58352237
57770797 129630373
57770797 152623263
57770797 152820460
57770797 152735152
57770797 58166508
57770797 359375575
57770797 152931684
57770797 18897879
57770797 152575211
57770797 758028105
41451162 58166508
41451162 129630373
299988240 129630373
299988240 32109397
299988240 18897879
8595348 152931684
8595348 57770797
58295385 152735152
58295385 58352237
58295385 58166508
58295385 152931684
58295385 152661367
58295385 152670434
58295385 359375575
58295385 58047225
58295385 9225899
9225899 758028105
9225899 58166508
9225899 58295385
9225899 60932475
9225899 58352237
9225899 152575211
9225899 152931684
32109397 18897879
32109397 152941200
32109397 110383444
32109397 152575211
32109397 299988240
32109397 152931684
359375575 152714302
359375575 58352237
359375575 152820460
359375575 58166508
359375575 152735152
359375575 152941200
359375575 152732218
359375575 129630373
359375575 58047225
359375575 58295385
359375575 57770797
359375575 152931684
359375575 152670434
18897879 32109397
18897879 152820460
18897879 58352237
18897879 129630373
18897879 152623263
18897879 57770797
152732218 58166508
152732218 152735152
152732218 58352237
152732218 152931684
152732218 152661367
152732218 152670434
152732218 359375575
152661367 152735152
152661367 58166508
152661367 58047225
152661367 359375575
152661367 152732218
152661367 58352237
152661367 58295385
152661367 152931684
129630373 41451162
129630373 152735152
129630373 18897879
129630373 359375575
129630373 299988240
129630373 152846298
129630373 57770797
152623263 58352237
152623263 18897879
152623263 57770797
58352237 152732218
58352237 58166508
58352237 18897879
58352237 152941200
58352237 758028105
58352237 152735152
58352237 60932475
58352237 58295385
58352237 9225899
58352237 152714302
58352237 152575211
58352237 58047225
58352237 359375575
58352237 152623263
58352237 152670434
58352237 152661367
58352237 57770797
152735152 58166508
152735152 152732218
152735152 18897879
152735152 152941200
152735152 58352237
152735152 58295385
152735152 129630373
152735152 58047225
152735152 359375575
152735152 152670434
152735152 152661367
152735152 152931684
152735152 57770797
58047225 58166508
58047225 58352237
58047225 152735152
58047225 152714302
58047225 58295385
58047225 152931684
58047225 152661367
58047225 152670434
58047225 359375575
152941200 58166508
152941200 32109397
152941200 60932475
152941200 58352237
152941200 58047225
152941200 359375575
152941200 152931684
152941200 152670434
152575211 32109397
152575211 9225899
152575211 58352237
152575211 18897879
152575211 57770797
758028105 57770797
758028105 9225899
758028105 58352237
152627036 152820460
152670434 58166508
152670434 152732218
152670434 58352237
152670434 359375575
152670434 152735152
152670434 152931684
152931684 152735152
152931684 152670434
152931684 152941200
152931684 359375575
152931684 58166508
152931684 152714302
152931684 58047225
152931684 152732218
152931684 8595348
152931684 152661367
152931684 32109397
152931684 58295385
152931684 57770797
110383444 32109397
152714302 58166508
152714302 58352237
152714302 152931684
152714302 152670434
152714302 359375575
152714302 58047225
