49302255 152815975
130228973 57644423
130228973 155823231
152619402 152815975
57643764 57644423
57643764 152815975
57643764 785136952
57643764 152921885
57643764 58106389
57643764 57759732
152815975 58403619
152815975 152580944
152815975 57644423
152815975 152620481
152815975 58288675
152815975 57568542
152815975 152933409
152815975 152850611
152815975 152596707
152815975 152619402
152815975 152898952
152815975 57606714
152815975 152933065
152815975 155832038
152815975 152941218
152815975 152934998
152815975 298834308
152815975 50871034
152815975 447695638
152815975 127579270
152815975 152838836
152815975 152856415
152815975 152881028
152815975 152722986
152815975 60288113
152815975 152928969
152815975 581287255
152815975 152914090
152815975 152926283
152815975 152818202
152815975 152630409
152815975 20819163
152815975 152890181
152815975 152694665
152815975 785136952
152815975 144697266
152815975 58163856
152815975 152941636
152815975 152797821
152815975 45495606
152815975 152838581
152815975 58275599
152815975 152919393
152815975 152633418
152815975 57588069
152815975 152582123
152815975 152695180
152815975 152932086
152815975 57759732
152815975 152921885
152815975 26024638
152815975 152920236
152815975 152622715
152815975 152848481
152815975 152955774
152815975 152899330
152815975 27782282
152815975 58319404
152815975 152904741
152815975 50651867
152815975 582093405
152815975 58158750
152815975 152848651
152815975 57644930
152815975 45177285
152815975 152893182
152815975 155823231
152815975 58374983
152856415 152815975
50651867 152927963
50651867 152815975
50651867 57759732
152695180 152815975
55019465 152815975
55019465 152897720
152878316 152815975
152836004 152815975
58275599 152815975
152848481 152815975
152582123 152815975
58106389 57643764
58106389 152815975
152933065 152815975
127579270 152815975
58288675 152815975
58288675 45177285
152627792 152815975
152722986 152815975
60288113 152815975
152932086 152596707
152932086 152815975
298833638 152815975
152580944 152815975
152893182 152815975
152926283 57644423
152926283 152815975
152914090 152815975
582093405 152815975
152904741 152815975
152838836 57644423
152838836 152815975
152622715 152928969
152622715 152815975
152881028 152941636
152881028 152815975
27782282 26024638
27782282 152815975
152928969 152622715
152928969 152815975
152928969 152897720
152928969 2195836
152596707 152932086
152596707 152815975
152941636 57568542
152941636 152898952
152941636 152881028
152941636 785136952
152941636 144697266
152941636 152921885
152941636 152815975
152941636 45177285
45495606 152815975
581287255 152815975
57644930 57644423
57644930 58158750
57644930 152815975
152941218 152815975
152620481 152815975
447695638 152815975
152797821 152815975
152694665 50871034
152694665 152815975
152919393 152815975
57588069 152921885
57588069 152815975
57588069 2195836
152934998 26024638
152934998 152815975
152519931 152815975
57606714 152815975
57606714 45177285
785136952 152815975
152898952 152941636
152898952 152815975
152927963 57759732
152927963 50651867
298834308 152815975
45177285 152815975
58163856 152815975
50871034 152933409
50871034 152694665
50871034 152815975
58158750 152815975
58158750 582093405
58158750 152928969
58158750 57644930
58158750 58094341
166840857 152815975
58403619 152815975
152600802 58319404
152920236 152933409
152920236 152815975
58374983 152815975
58374983 152928969
58374983 58319404
20819163 152815975
152522974 152815975
152522974 155823231
155823231 152815975
155823231 130228973
155823231 152522974
57651865 152815975
57651865 57644423
57759732 152927963
57759732 152815975
57759732 57643764
57759732 50651867
57759732 152848651
58319404 152600802
58319404 152815975
58319404 58374983
2195836 57588069
2195836 57644423
2195836 152928969
26024638 57644423
26024638 27782282
26024638 152815975
152955774 152815975
152933409 152920236
152933409 50871034
152933409 152815975
152933409 45177285
152838581 152815975
152848651 152815975
152630409 152815975
152857373 152815975
155832038 152815975
152899330 152815975
57568542 58275599
57568542 152941636
57568542 152815975
50890825 152815975
152850611 582093405
152850611 152815975
152818202 152815975
152633418 152815975
152921885 57643764
152921885 152898952
152921885 581287255
152921885 152941636
152921885 57588069
152921885 152955774
152921885 152815975
152921885 152848651
57644423 130228973
57644423 26024638
57644423 57643764
57644423 152838836
57644423 152815975
57644423 152926283
57644423 57644930
57644423 2195836
57644423 57651865
58094341 152926283
58094341 58158750
58094341 152856415
144697266 152941636
144697266 152815975
152890181 152815975
