175522490 57644721
175522490 57644785
175522490 57649417
175522490 57649406
175522490 57847079
175522490 14218142
175522490 36242770
57645920 57649417
57645920 57650525
57645920 58141260
57645920 9592675
57645920 34387803
57645920 581184565
57645920 33471429
57645920 57649406
57645920 152899811
57645920 96881630
57645920 57650402
57645920 57644785
57645920 126191458
57645920 57644721
57645920 82655345
57645920 210195940
57645920 24765513
57645920 57847079
57645920 57648470
57645920 14218142
57645920 36215373
57645920 36242770
57645920 57650552
49465082 96881630
49465082 57644721
49465082 126191458
49465082 57649417
49465082 57650525
49465082 34387803
49465082 33471429
49465082 152921175
49465082 152849982
49465082 24765513
49465082 57847079
49465082 57648470
49465082 14218142
49465082 57644933
49465082 36242770
22415358 57611707
22415358 44759444
22415358 57649417
22415358 57650525
22415358 48080528
22415358 58141260
22415358 742434194
22415358 57588117
22415358 9592675
22415358 34387803
22415358 581184565
22415358 33471429
22415358 152921175
22415358 58488235
22415358 31870721
22415358 152892735
22415358 640994867
22415358 57649406
22415358 581200316
22415358 128503695
22415358 96881630
22415358 57650402
22415358 57644785
22415358 57644721
22415358 82655345
22415358 126191458
22415358 210195940
22415358 24765513
22415358 57847079
22415358 57648470
22415358 14218142
22415358 57644933
22415358 36215373
22415358 27475057
22415358 36242770
22415358 145458546
22415358 57650552
57648470 57644785
57648470 24765513
57648470 57650525
57648470 57645920
57648470 57649417
57648470 57644721
57648470 34387803
57648470 96881630
57648470 57847079
57648470 33471429
57648470 82655345
57648470 57649406
57648470 57588117
57648470 57650402
57648470 152921175
57648470 31870721
57648470 126191458
57648470 81485957
57648470 9592675
57648470 49465082
57648470 152892735
57648470 128503695
57648470 58141260
57648470 12573575
57648470 22415358
57648470 581161719
57648470 581184565
57648470 58488235
57648470 57611707
57648470 152727529
57648470 210199809
57648470 640994867
57648470 742434194
57648470 581200316
57648470 44759444
57648470 210195940
57648470 48080528
57648470 152898686
57648470 14218142
57648470 57644933
57648470 36215373
57648470 27475057
57648470 145458546
57648470 57650552
152849982 49465082
152849982 57649406
152849982 14218142
58141260 96881630
58141260 57644721
58141260 126191458
58141260 22415358
58141260 57645920
58141260 57650402
58141260 57644785
58141260 82655345
58141260 57649417
58141260 210195940
58141260 57650525
58141260 57649406
58141260 128503695
58141260 57588117
58141260 9592675
58141260 228980852
58141260 81485957
58141260 34387803
58141260 33471429
58141260 152921175
58141260 152898686
58141260 31870721
58141260 24765513
58141260 57847079
58141260 57648470
58141260 14218142
58141260 57644933
58141260 36215373
58141260 27475057
58141260 36242770
58141260 145458546
58141260 57650552
152622594 57644721
152622594 57650402
152622594 57847079
81485957 57644721
81485957 22415358
81485957 57644785
81485957 57649417
81485957 58141260
81485957 9592675
81485957 33471429
81485957 57847079
81485957 57648470
57649417 57611707
57649417 96881630
57649417 57644721
57649417 126191458
57649417 22415358
57649417 129917319
57649417 12573575
57649417 57650402
57649417 57644785
57649417 82655345
57649417 210195940
57649417 57650525
57649417 57649406
57649417 742434194
57649417 57588117
57649417 9592675
57649417 81485957
57649417 34387803
57649417 581184565
57649417 33471429
57649417 152921175
57649417 58488235
57649417 49465082
57649417 175522490
57649417 31870721
57649417 152892735
57649417 640994867
57649417 24765513
57649417 57847079
57649417 57648470
57649417 14218142
57649417 57644933
57649417 36215373
57649417 27475057
57649417 36242770
57649417 52572177
57649417 57650552
31870721 96881630
31870721 57644721
31870721 126191458
31870721 22415358
31870721 57644785
31870721 82655345
31870721 57649417
31870721 210195940
31870721 57649406
31870721 58141260
31870721 9592675
31870721 34387803
31870721 33471429
31870721 24765513
31870721 57847079
31870721 57648470
31870721 14218142
31870721 57644933
31870721 57650552
82655345 44759444
82655345 57649417
82655345 57650525
82655345 58141260
82655345 57588117
82655345 34387803
82655345 33471429
82655345 152898686
82655345 31870721
82655345 152892735
82655345 22415358
82655345 57649406
82655345 96881630
82655345 57650402
82655345 57644785
82655345 126191458
82655345 57644721
82655345 57645920
82655345 24765513
82655345 57847079
82655345 57648470
82655345 14218142
82655345 57644933
82655345 36215373
82655345 36242770
82655345 57650552
152892735 96881630
152892735 44759444
152892735 57644721
152892735 126191458
152892735 22415358
152892735 57650402
152892735 57644785
152892735 82655345
152892735 57649417
152892735 210195940
152892735 57649406
152892735 742434194
152892735 57588117
152892735 34387803
152892735 33471429
152892735 152921175
152892735 640994867
152892735 24765513
152892735 57847079
152892735 57648470
152892735 14218142
152892735 36242770
152892735 57650552
44759444 96881630
44759444 57644721
44759444 126191458
44759444 22415358
44759444 57650402
44759444 57644785
44759444 82655345
44759444 57649417
44759444 210195940
44759444 57649406
44759444 742434194
44759444 57588117
44759444 34387803
44759444 33471429
44759444 152898686
44759444 152892735
44759444 640994867
44759444 24765513
44759444 57847079
44759444 57648470
24765513 57644721
24765513 57644785
24765513 126191458
24765513 34387803
24765513 57649417
24765513 96881630
24765513 82655345
24765513 33471429
24765513 57650402
24765513 128503695
24765513 58141260
24765513 57588117
24765513 49465082
24765513 22415358
24765513 57650525
24765513 57649406
24765513 152892735
24765513 57645920
24765513 48080528
24765513 152899811
24765513 742434194
24765513 44759444
24765513 57847079
24765513 57648470
24765513 14218142
24765513 57644933
24765513 36215373
24765513 36242770
24765513 145458546
24765513 57650552
33471429 96881630
33471429 44759444
33471429 57644721
33471429 126191458
33471429 22415358
33471429 129917319
33471429 210199809
33471429 57645920
33471429 57650402
33471429 57644785
33471429 82655345
33471429 57649417
33471429 210195940
33471429 57650525
33471429 48080528
33471429 57649406
33471429 128503695
33471429 58141260
33471429 742434194
33471429 57588117
33471429 9592675
33471429 81485957
33471429 34387803
33471429 581184565
33471429 152921175
33471429 58488235
33471429 152898686
33471429 49465082
33471429 31870721
33471429 152892735
33471429 640994867
33471429 24765513
33471429 57847079
33471429 57648470
33471429 14218142
33471429 57644933
33471429 36215373
33471429 36242770
33471429 52572177
33471429 145458546
33471429 57650552
152921175 96881630
152921175 57644721
152921175 126191458
152921175 22415358
152921175 57644785
152921175 57650525
152921175 57649406
152921175 58141260
152921175 34387803
152921175 33471429
152921175 49465082
152921175 137076775
152921175 152892735
152921175 57847079
152921175 57648470
152921175 14218142
152921175 57644933
152921175 36215373
152921175 36242770
152921175 145458546
210199809 210195940
210199809 57650525
210199809 57649406
210199809 33471429
210199809 57847079
210199809 57648470
210199809 14218142
57644785 44759444
57644785 12573575
57644785 57649417
57644785 57650525
57644785 48080528
57644785 58141260
57644785 742434194
57644785 57588117
57644785 9592675
57644785 81485957
57644785 34387803
57644785 33471429
57644785 152921175
57644785 58488235
57644785 175522490
57644785 31870721
57644785 152892735
57644785 640994867
57644785 22415358
57644785 57649406
57644785 128503695
57644785 96881630
57644785 57645920
57644785 57650402
57644785 57644721
57644785 228980852
57644785 82655345
57644785 126191458
57644785 210195940
57644785 24765513
57644785 57847079
57644785 57648470
57644785 14218142
57644785 57644933
57644785 36215373
57644785 36242770
57644785 57650552
742434194 57611707
742434194 96881630
742434194 44759444
742434194 57644721
742434194 126191458
742434194 22415358
742434194 57650402
742434194 57644785
742434194 57649417
742434194 210195940
742434194 57588117
742434194 34387803
742434194 33471429
742434194 152892735
742434194 640994867
742434194 24765513
742434194 57847079
742434194 57648470
57644721 44759444
57644721 12573575
57644721 57649417
57644721 57650525
57644721 58141260
57644721 742434194
57644721 57588117
57644721 9592675
57644721 81485957
57644721 34387803
57644721 581184565
57644721 33471429
57644721 152921175
57644721 58488235
57644721 152898686
57644721 49465082
57644721 152622594
57644721 137076775
57644721 31870721
57644721 152892735
57644721 640994867
57644721 22415358
57644721 57649406
57644721 96881630
57644721 57650402
57644721 57644785
57644721 228980852
57644721 126191458
57644721 57645920
57644721 82655345
57644721 210195940
57644721 24765513
57644721 57847079
57644721 57648470
57644721 14218142
57644721 57644933
57644721 36215373
57644721 27475057
57644721 36242770
57644933 57847079
57644933 9592675
57644933 48080528
57644933 96881630
57644933 57650525
57644933 152921175
57644933 57644785
57644933 57649417
57644933 137076775
57644933 33471429
57644933 22415358
57644933 128503695
57644933 57644721
57644933 34387803
57644933 14218142
57644933 152899811
57644933 49465082
57644933 57650402
57644933 24765513
57644933 82655345
57644933 31870721
57644933 58141260
57644933 57649406
57644933 137532622
57644933 152898686
57644933 57648470
57644933 210195940
57644933 126191458
57644933 129917319
57644933 57588117
57644933 36215373
57644933 145458546
57644933 57650552
137532622 57644933
137532622 36242770
152934778 57649417
152934778 9592675
152934778 128503695
152934778 57650402
152934778 126191458
152934778 57847079
152934778 36215373
152934778 36242770
57847079 33471429
57847079 22415358
57847079 128503695
57847079 58141260
57847079 96881630
57847079 57644785
57847079 126191458
57847079 57644721
57847079 57650525
57847079 57649417
57847079 57588117
57847079 152921175
57847079 12573575
57847079 48080528
57847079 9592675
57847079 137076775
57847079 81485957
57847079 152892735
57847079 57650402
57847079 228980852
57847079 24765513
57847079 34387803
57847079 152622594
57847079 82655345
57847079 49465082
57847079 31870721
57847079 57649406
57847079 152898686
57847079 210195940
57847079 210199809
57847079 152520008
57847079 58488235
57847079 129917319
57847079 44759444
57847079 57645920
57847079 581184565
57847079 742434194
57847079 57611707
57847079 640994867
57847079 175522490
57847079 57648470
57847079 14218142
57847079 57644933
57847079 36215373
57847079 27475057
57847079 36242770
57847079 52572177
57847079 145458546
57847079 57650552
137076775 57644721
137076775 58141260
137076775 152921175
137076775 57847079
137076775 57644933
137076775 36242770
152898686 96881630
152898686 44759444
152898686 57644721
152898686 126191458
152898686 210199809
152898686 57650402
152898686 82655345
152898686 210195940
152898686 152899811
152898686 58141260
152898686 34387803
152898686 33471429
152898686 57847079
152898686 57648470
152898686 14218142
152898686 36242770
581161719 210195940
581161719 57648470
581161719 36242770
57650525 96881630
57650525 57644721
57650525 126191458
57650525 22415358
57650525 210199809
57650525 57645920
57650525 57650402
57650525 57644785
57650525 82655345
57650525 57649417
57650525 210195940
57650525 57649406
57650525 58141260
57650525 57588117
57650525 9592675
57650525 81485957
57650525 34387803
57650525 33471429
57650525 152921175
57650525 49465082
57650525 24765513
57650525 57847079
57650525 57648470
57650525 14218142
57650525 57644933
57650525 36215373
57650525 36242770
57650525 145458546
57650525 57650552
57611707 22415358
57611707 57650402
57611707 57649417
57611707 210195940
57611707 57649406
57611707 742434194
57611707 57847079
57611707 57648470
57611707 14218142
640994867 96881630
640994867 44759444
640994867 57644721
640994867 126191458
640994867 22415358
640994867 57650402
640994867 57644785
640994867 57649417
640994867 210195940
640994867 742434194
640994867 57588117
640994867 34387803
640994867 33471429
640994867 152892735
640994867 57648470
581200316 22415358
581200316 57650402
581200316 126191458
581200316 57648470
9592675 96881630
9592675 57644721
9592675 126191458
9592675 22415358
9592675 57645920
9592675 12573575
9592675 57650402
9592675 57644785
9592675 57649417
9592675 57650525
9592675 57649406
9592675 128503695
9592675 58141260
9592675 57588117
9592675 81485957
9592675 34387803
9592675 33471429
9592675 152934778
9592675 31870721
9592675 24765513
9592675 57847079
9592675 57648470
9592675 14218142
9592675 57644933
9592675 36215373
9592675 36242770
9592675 145458546
57588117 96881630
57588117 44759444
57588117 57644721
57588117 126191458
57588117 22415358
57588117 57650402
57588117 57644785
57588117 82655345
57588117 57649417
57588117 210195940
57588117 57650525
57588117 57649406
57588117 58141260
57588117 742434194
57588117 9592675
57588117 81485957
57588117 34387803
57588117 33471429
57588117 152898686
57588117 152663018
57588117 152892735
57588117 640994867
57588117 24765513
57588117 57847079
57588117 57648470
57588117 14218142
57588117 57644933
57588117 36215373
57588117 36242770
58488235 57644721
58488235 22415358
58488235 57644785
58488235 57649417
58488235 57649406
58488235 33471429
58488235 58483314
58488235 57847079
58488235 57648470
58488235 57650552
36242770 27475057
36242770 128503695
36242770 57847079
36242770 58141260
36242770 22415358
36242770 9592675
36242770 34387803
36242770 12573575
36242770 33471429
36242770 152934778
36242770 57644785
36242770 14218142
36242770 210199809
36242770 57644721
36242770 228980852
36242770 57650525
36242770 48080528
36242770 57649417
36242770 152892735
36242770 81485957
36242770 57650402
36242770 24765513
36242770 36215373
36242770 137076775
36242770 126191458
36242770 49465082
36242770 152899811
36242770 57588117
36242770 152898686
36242770 96881630
36242770 82655345
36242770 57649406
36242770 137532622
36242770 175522490
36242770 129917319
36242770 152727529
36242770 152520008
36242770 152663018
36242770 210195940
36242770 52572177
36242770 145458546
36242770 57650552
126191458 44759444
126191458 12573575
126191458 57649417
126191458 57650525
126191458 48080528
126191458 58141260
126191458 742434194
126191458 57588117
126191458 9592675
126191458 81485957
126191458 34387803
126191458 33471429
126191458 152921175
126191458 152898686
126191458 49465082
126191458 31870721
126191458 152892735
126191458 640994867
126191458 22415358
126191458 57649406
126191458 581200316
126191458 96881630
126191458 57645920
126191458 57650402
126191458 57644785
126191458 57644721
126191458 82655345
126191458 152934778
126191458 210195940
126191458 24765513
126191458 57847079
126191458 57648470
126191458 14218142
126191458 57644933
126191458 36215373
126191458 27475057
126191458 36242770
126191458 52572177
126191458 145458546
126191458 57650552
12573575 96881630
12573575 57644721
12573575 126191458
12573575 57650402
12573575 57644785
12573575 57649417
12573575 210195940
12573575 57649406
12573575 128503695
12573575 58141260
12573575 9592675
12573575 57847079
12573575 57648470
12573575 36215373
96881630 44759444
96881630 12573575
96881630 57649417
96881630 57650525
96881630 58141260
96881630 742434194
96881630 57588117
96881630 9592675
96881630 34387803
96881630 33471429
96881630 152921175
96881630 152898686
96881630 49465082
96881630 152892735
96881630 640994867
96881630 22415358
96881630 57649406
96881630 128503695
96881630 57645920
96881630 57650402
96881630 57644785
96881630 57644721
96881630 82655345
96881630 126191458
96881630 210195940
96881630 24765513
96881630 57847079
96881630 57648470
96881630 14218142
96881630 57644933
96881630 36215373
96881630 27475057
96881630 36242770
96881630 52572177
96881630 57650552
57650402 57611707
57650402 44759444
57650402 129917319
57650402 57649417
57650402 57650525
57650402 58141260
57650402 742434194
57650402 57588117
57650402 9592675
57650402 34387803
57650402 33471429
57650402 152898686
57650402 152622594
57650402 152892735
57650402 640994867
57650402 22415358
57650402 57649406
57650402 128503695
57650402 96881630
57650402 57645920
57650402 57644785
57650402 57644721
57650402 82655345
57650402 126191458
57650402 152934778
57650402 210195940
57650402 24765513
57650402 57847079
57650402 57648470
57650402 14218142
57650402 57644933
57650402 36215373
57650402 27475057
57650402 36242770
57650402 52572177
57650402 145458546
57650402 57650552
57650552 57847079
57650552 57649417
57650552 57650525
57650552 36242770
57650552 48080528
57650552 22415358
57650552 126191458
57650552 33471429
57650552 96881630
57650552 145458546
57650552 57644933
57650552 24765513
57650552 57644785
57650552 58141260
57650552 57650402
57650552 34387803
57650552 31870721
57650552 210195940
57650552 57648470
57650552 57649406
57650552 152892735
57650552 57645920
57650552 36215373
57650552 27475057
57650552 82655345
57650552 14218142
34387803 96881630
34387803 44759444
34387803 57644721
34387803 126191458
34387803 22415358
34387803 57645920
34387803 57650402
34387803 57644785
34387803 82655345
34387803 57649417
34387803 210195940
34387803 57650525
34387803 128503695
34387803 58141260
34387803 742434194
34387803 57588117
34387803 9592675
34387803 33471429
34387803 152921175
34387803 152898686
34387803 49465082
34387803 31870721
34387803 152892735
34387803 640994867
34387803 24765513
34387803 57847079
34387803 57648470
34387803 14218142
34387803 57644933
34387803 36242770
34387803 57650552
58483314 58488235
52572177 57649417
52572177 126191458
52572177 48080528
52572177 33471429
52572177 36242770
52572177 57847079
52572177 96881630
52572177 57650402
27475057 96881630
27475057 22415358
27475057 58141260
27475057 126191458
27475057 14218142
27475057 57650402
27475057 57644721
27475057 57648470
27475057 57847079
27475057 210195940
27475057 57649417
27475057 82655345
27475057 36242770
27475057 57650552
48080528 126191458
48080528 22415358
48080528 57644785
48080528 58141260
48080528 57847079
48080528 57648470
48080528 57644933
48080528 36242770
48080528 52572177
152663018 57588117
152663018 36242770
581184565 57644721
581184565 22415358
581184565 57645920
581184565 57649417
581184565 33471429
581184565 57847079
581184565 57648470
152899811 152921175
152899811 152898686
152899811 57649406
152899811 57645920
152899811 24765513
152899811 14218142
152899811 57644933
152899811 36242770
36215373 9592675
36215373 33471429
36215373 57847079
36215373 58141260
36215373 57644785
36215373 22415358
36215373 57650525
36215373 57649417
36215373 96881630
36215373 57588117
36215373 126191458
36215373 57650402
36215373 12573575
36215373 152921175
36215373 57644933
36215373 57644721
36215373 57645920
36215373 152934778
36215373 24765513
36215373 14218142
36215373 57648470
36215373 82655345
36215373 57649406
36215373 36242770
36215373 57650552
14218142 58141260
14218142 57644721
14218142 34387803
14218142 96881630
14218142 57847079
14218142 9592675
14218142 82655345
14218142 57588117
14218142 57644785
14218142 126191458
14218142 57649406
14218142 57649417
14218142 33471429
14218142 57645920
14218142 57650402
14218142 152892735
14218142 57648470
14218142 22415358
14218142 210199809
14218142 57650525
14218142 152898686
14218142 24765513
14218142 31870721
14218142 49465082
14218142 57611707
14218142 152849982
14218142 175522490
14218142 152899811
14218142 152921175
14218142 57644933
14218142 36215373
14218142 27475057
14218142 36242770
14218142 145458546
14218142 57650552
57649406 57611707
57649406 44759444
57649406 210199809
57649406 12573575
57649406 57649417
57649406 57650525
57649406 58141260
57649406 57588117
57649406 9592675
57649406 581184565
57649406 33471429
57649406 152921175
57649406 58488235
57649406 175522490
57649406 31870721
57649406 152892735
57649406 22415358
57649406 152899811
57649406 128503695
57649406 96881630
57649406 57645920
57649406 57650402
57649406 57644785
57649406 57644721
57649406 82655345
57649406 126191458
57649406 152849982
57649406 210195940
57649406 24765513
57649406 57847079
57649406 57648470
57649406 14218142
57649406 57644933
57649406 36215373
57649406 36242770
57649406 145458546
57649406 57650552
228980852 58141260
228980852 57644785
228980852 57644721
228980852 57847079
228980852 36242770
210195940 57611707
210195940 44759444
210195940 210199809
210195940 12573575
210195940 57649417
210195940 57650525
210195940 58141260
210195940 742434194
210195940 57588117
210195940 34387803
210195940 33471429
210195940 581161719
210195940 152898686
210195940 31870721
210195940 152892735
210195940 640994867
210195940 22415358
210195940 57649406
210195940 96881630
210195940 57650402
210195940 57644785
210195940 126191458
210195940 57644721
210195940 57645920
210195940 57847079
210195940 57648470
210195940 57644933
210195940 27475057
210195940 36242770
210195940 57650552
129917319 57650402
129917319 57649417
129917319 33471429
129917319 57847079
129917319 57644933
129917319 36242770
145458546 58141260
145458546 57847079
145458546 33471429
145458546 22415358
145458546 36242770
145458546 57650525
145458546 57644933
145458546 126191458
145458546 57649406
145458546 57648470
145458546 24765513
145458546 9592675
145458546 57650402
145458546 14218142
145458546 152921175
145458546 57650552
128503695 129917319
128503695 58141260
128503695 9592675
128503695 34387803
128503695 33471429
128503695 22415358
128503695 57649406
128503695 96881630
128503695 57650402
128503695 57644785
128503695 152934778
128503695 24765513
128503695 57847079
128503695 57648470
128503695 57644933
128503695 36215373
128503695 36242770
128503695 57650552
