11847222 57645100
11847222 6571657
11847222 57646254
11847222 57847109
11847222 16045379
11847222 36242770
11847222 57645553
152674464 57650163
152674464 687838647
152674464 57645100
152674464 152939432
152674464 6571657
152674464 57646254
152674464 57847109
152674464 16045379
152674464 36242770
152674464 74627839
152674464 57645553
687838647 57645100
687838647 57650163
687838647 152674464
687838647 57646254
687838647 57847109
687838647 81478232
687838647 16045379
687838647 74627839
687838647 57645553
152669885 6571657
152669885 36242770
152669885 57645553
57646254 57645100
57646254 6571657
57646254 11847222
57646254 687838647
57646254 152674464
57646254 154887654
57646254 57847109
57646254 16045379
57646254 36242770
57646254 74627839
57646254 57645553
21041148 6571657
21041148 57847109
152811257 6571657
152811257 57645553
81478232 6571657
81478232 57847109
81478232 57645100
81478232 687838647
81478232 16045379
81478232 36242770
81478232 225688329
81478232 74627839
81478232 57645553
57645553 16045379
57645553 36242770
57645553 6571657
57645553 57646254
57645553 11847222
57645553 152939432
57645553 81478232
57645553 152811257
57645553 74627839
57645553 85903719
57645553 142748867
57645553 57847109
57645553 154887654
57645553 298857124
57645553 57650163
57645553 57645100
57645553 152674464
57645553 36216431
57645553 687838647
57645553 152669885
57645553 582234433
36216431 6571657
36216431 36242770
36216431 57645553
225688329 16045379
6571657 57645100
6571657 152939432
6571657 80716205
6571657 152674464
6571657 57650163
6571657 582234433
6571657 11847222
6571657 152811257
6571657 57646254
6571657 85903719
6571657 57847109
6571657 81478232
6571657 16045379
6571657 36242770
6571657 74627839
6571657 57645553
142748867 6571657
142748867 57847109
142748867 16045379
142748867 36242770
142748867 74627839
142748867 57645553
80716205 57645100
80716205 57650163
80716205 36242770
57650163 57645100
57650163 687838647
57650163 152674464
57650163 80716205
57650163 6571657
57650163 57847109
57650163 16045379
57650163 36242770
57650163 74627839
57650163 57645553
57645100 687838647
57645100 57650163
57645100 152674464
57645100 80716205
57645100 152939432
57645100 6571657
57645100 11847222
57645100 57646254
57645100 57847109
57645100 81478232
57645100 16045379
57645100 36242770
57645100 152890381
57645100 74627839
57645100 57645553
36242770 11847222
36242770 57645100
36242770 6571657
36242770 16045379
36242770 81478232
36242770 57646254
36242770 152880620
36242770 57847109
36242770 152939432
36242770 152811257
36242770 298857124
36242770 85903719
36242770 36216431
36242770 142748867
36242770 154887654
36242770 57650163
36242770 152674464
36242770 582234433
36242770 152669885
36242770 225688329
36242770 152890381
36242770 74627839
36242770 57645553
215756190 6571657
152880620 16045379
152880620 36242770
154887654 57646254
154887654 57847109
154887654 16045379
154887654 36242770
154887654 57645553
152939432 57645100
152939432 152674464
152939432 6571657
152939432 16045379
152939432 36242770
152939432 57645553
74627839 16045379
74627839 6571657
74627839 36242770
74627839 57646254
74627839 81478232
74627839 57645100
74627839 57847109
74627839 142748867
74627839 57650163
74627839 152674464
74627839 687838647
74627839 57645553
298857124 57645553
152890381 36242770
152890381 57645100
57847109 85903719
57847109 6571657
57847109 57645100
57847109 57646254
57847109 11847222
57847109 142748867
57847109 57650163
57847109 154887654
57847109 21041148
57847109 582234433
57847109 152674464
57847109 687838647
57847109 298857124
57847109 81478232
57847109 16045379
57847109 36242770
57847109 74627839
57847109 57645553
85903719 6571657
85903719 57645100
85903719 57847109
85903719 16045379
85903719 57645553
582234433 6571657
582234433 36242770
582234433 16045379
582234433 57847109
16045379 6571657
16045379 11847222
16045379 57645100
16045379 57646254
16045379 85903719
16045379 152939432
16045379 152811257
16045379 57847109
16045379 81478232
16045379 142748867
16045379 298857124
16045379 154887654
16045379 57650163
16045379 152674464
16045379 152669885
16045379 582234433
16045379 687838647
16045379 152880620
16045379 36216431
16045379 36242770
16045379 225688329
16045379 152890381
16045379 74627839
16045379 57645553
