541467759 81968494
128679816 35136735
39176520 20280624
58335700 20280624
298851333 17036799
58323750 541446747
58323750 97137345
155048522 677314119
155048522 20280624
155048522 55283319
155048522 17036799
155048522 9753960
35136735 20280624
35136735 128679816
298851098 20280624
298851098 5365543
298851098 45161236
298851098 9753960
9753960 136529360
9753960 20280624
9753960 24236700
9753960 5365543
9753960 23247181
9753960 17036799
9753960 45161236
205885558 20280624
51548648 57580453
303007540 20280624
12353228 254993545
448237007 421496881
448237007 127204050
41149016 421496881
421496881 20280624
421496881 41149016
421496881 9753960
131196426 20280624
81968494 543447
81968494 20280624
81968494 29792526
81968494 205885404
81968494 541467759
57608381 20280624
92340064 20280624
677314119 155048522
677314119 45161236
677314119 9753960
205885404 5365543
57580453 20280624
57580453 51548648
543447 81968494
543447 17036799
97137345 58323750
20280624 35136735
20280624 58028805
20280624 155048522
20280624 23247181
20280624 39176520
20280624 129630399
20280624 298851098
20280624 57580453
20280624 55283319
20280624 17036799
17036799 20280624
17036799 129630399
17036799 543447
17036799 23247181
17036799 57580453
17036799 298851333
17036799 81968494
17036799 5365543
17036799 55283319
17036799 155048522
17036799 9753960
7170050 20280624
7170050 9753960
129630399 20280624
5365543 20280624
5365543 298851098
5365543 205885404
5365543 17036799
5365543 9753960
5365543 97137345
152678859 20280624
152678859 23247181
541446747 58323750
541446747 20280624
55283319 17036799
254993545 12353228
254993545 97137345
23247181 20280624
300087173 155048522
49213567 129630399
