242420118 127471447
243218372 127471447
296424808 127471447
75322079 127471447
44735525 127471447
285817714 127471447
262507570 127471447
129622572 127471447
298160860 127471447
166590899 127471447
280625561 127471447
238697694 127471447
280937166 127471447
311350385 836613783
234538278 127471447
235452031 127471447
270823442 127471447
211610412 127471447
284839261 127471447
55951532 127471447
55951532 239198370
148032935 127471447
160305822 127471447
264670124 127471447
261961066 127471447
49172037 127471447
234735011 127471447
298325452 127471447
200126219 127471447
49226209 127471447
39621284 127471447
237431090 127471447
235550021 127471447
239198370 127471447
13927208 127471447
199912245 127471447
226638084 127471447
241163232 148268674
297966037 127471447
295935430 127471447
224384708 127471447
291390935 127471447
282610766 127471447
291737352 127471447
31547685 281627249
31547685 127471447
281627249 31547685
281627249 127471447
148268674 127471447
199737817 127471447
136025330 127471447
297234708 127471447
291934877 127471447
166491621 127471447
148118122 127471447
72378402 127471447
155071924 127471447
145674957 127471447
269653576 127471447
233174612 127471447
756761745 127471447
170533177 127471447
227564666 127471447
14042039 127471447
228863267 127471447
228863267 280625561
237220604 127471447
289517736 127471447
289517736 239198370
57462440 127471447
217183348 127471447
263131011 127471447
