496958549 18932398
84001210 128821851
8845146 6552056
231462280 127166515
536367583 127166515
28316686 33567840
28316686 26444275
28316686 127166515
54634330 127166515
515875728 127166515
61724501 127166515
55477426 127166515
305222409 127166515
50623516 128821851
50623516 127166515
12223753 18932398
77616978 128821851
77616978 127166515
165181046 127166515
246740525 127166515
35386722 127166515
49815515 95584977
49815515 127166515
9572569 18932398
9572569 19949306
95584977 49815515
95584977 127166515
242009394 127166515
207666135 18932398
45460473 127166515
349508598 18932398
257786044 127166515
420498599 127166515
57492388 127166515
149526988 127166515
604347022 127166515
128821851 50623516
614897227 127166515
265219091 127166515
130241774 18932398
606260798 127166515
52452185 128821851
68937890 127166515
29843285 127166515
33567840 28316686
33567840 127166515
148861345 127166515
55254611 128821851
33078768 127166515
6552056 8845146
55255084 127166515
130722334 127166515
200908141 128821851
26444275 28316686
32544313 127166515
21887843 127166515
21079194 127166515
50849114 21887843
60307787 128821851
60307787 127166515
44639732 127166515
44571961 127166515
230219773 127166515
177295226 127166515
455561055 127166515
17148182 127166515
14781427 18932398
19949306 9572569
223841702 127166515
18932398 9572569
18932398 128369489
18932398 349862056
18932398 12223753
18932398 207666135
18932398 496958549
18932398 14781427
18932398 130241774
18932398 349508598
349862056 18932398
128369489 127166515
49030669 127166515
