52534807 11952463
743633502 200220213
258723704 13679855
258723704 120976553
49914745 32450392
807974237 200220213
365468869 32187871
56908597 11952463
701035465 200220213
50120714 200220213
605020216 200220213
11952463 200220213
11952463 32450392
11952463 10140224
11952463 52534807
346981867 200220213
700759529 200220213
10140224 200220213
10140224 11952463
10140224 81764953
377231863 200220213
233714256 200220213
85623477 200220213
120976553 148161417
120976553 95117982
32187871 115028504
32187871 833342780
32187871 32450392
32187871 322939648
32187871 365468869
32187871 49401226
32450392 201514729
32450392 32187871
32450392 5226792
32450392 24766201
32450392 82231509
32450392 144545195
32450392 15155641
32450392 83467080
32450392 144522410
32450392 833342780
32450392 212609392
32450392 47192661
32450392 200220213
32450392 10140224
32450392 537193361
32450392 49914745
32450392 11952463
32450392 159829583
32450392 20520130
32450392 81764953
669981013 200220213
115028504 32187871
171081399 82231509
300491550 200220213
725017599 200220213
278108926 200220213
278108926 32450392
278108926 11952463
81764953 200220213
81764953 32450392
529469713 200220213
322939648 13679855
448439577 200220213
72285011 11952463
72285011 13679855
148161417 82231509
148161417 120976553
15155641 32450392
93233451 200220213
364648995 200220213
144545195 32450392
747792575 200220213
448407204 200220213
5354849 200220213
449723000 200220213
289193100 200220213
18634157 11952463
699833531 200220213
56093867 200220213
24766201 669981013
24766201 32450392
24766201 11952463
24766201 13679855
836612664 322781440
4874012 200220213
83467080 200220213
83467080 32450392
95117982 120976553
76331796 322781440
76331796 5354849
76331796 200220213
76331796 32450392
76331796 22654441
22654441 538852712
22654441 200220213
322781440 836612664
566011751 26910540
566011751 81764953
836614131 200220213
49401226 32187871
26910540 566011751
228313109 200220213
228313109 22654441
833342780 32187871
144522410 32450392
538852712 200220213
538852712 22654441
71699916 200220213
698959881 200220213
30779009 82231509
30779009 200220213
30779009 32450392
30779009 81764953
