767771368 127303013
580931194 127303013
666168520 127303013
701061929 127303013
642589063 127303013
51803181 127303013
743134372 127303013
230155959 127303013
364790515 127303013
299231477 127303013
120613479 127303013
674301286 127303013
833444872 127303013
674288736 127303013
449543302 127303013
814941558 741359003
814941558 127303013
215866234 127303013
365911321 127303013
450279054 127303013
44870078 127303013
700914421 127303013
31275466 127303013
700079167 127303013
741359003 127303013
134225641 127303013
814940801 127303013
674357399 127303013
447997669 127303013
836613062 127303013
700952627 127303013
226736544 127303013
745850730 127303013
454030377 127303013
674289786 127303013
449565605 127303013
642579874 127303013
674316266 127303013
674534740 127303013
602083578 300338191
602083578 127303013
300338191 447375538
300338191 127303013
300338191 261303992
226835504 127303013
447375538 300338191
447375538 127303013
674495034 127303013
535962007 127303013
835457353 127303013
642694730 127303013
523256452 127303013
833044705 127303013
836614341 127303013
364927043 127303013
54237153 300338191
54237153 127303013
261303992 127303013
745820020 127303013
299105495 127303013
545582017 127303013
59629092 127303013
95788770 127303013
745779266 300338191
745779266 127303013
674310067 127303013
68082393 300338191
68082393 127303013
23348528 127303013
234951078 127303013
364763039 127303013
264983037 127303013
448743560 127303013
307030506 127303013
182726257 300338191
182726257 127303013
578791882 127303013
32320258 127303013
448126837 127303013
814941512 127303013
674534890 127303013
60455276 127303013
571771743 127303013
666335956 127303013
809462215 127303013
674514999 127303013
836613239 127303013
700944680 127303013
699448365 127303013
836613139 127303013
666422274 127303013
400281207 127303013
666278840 127303013
666278840 32320258
231945311 127303013
230158964 127303013
113610016 127303013
450150102 127303013
674301987 127303013
303494220 127303013
