177402049 127166661
48641336 127166661
581264105 127166661
500057344 127166661
47607712 127166661
224662121 127166661
539960165 127166661
649244178 127166661
231050957 127166661
45026881 127166661
558327457 127166661
166819482 127166661
164367325 127166661
548638059 127166661
47986591 127166661
747279042 127166661
180241269 127166661
230141502 127166661
537662965 127166661
223837550 127166661
528794829 127166661
71490119 127166661
605124312 127166661
777398575 127166661
660178441 127166661
45223989 44551431
45223989 127166661
48725224 127166661
180271261 127166661
522442310 127166661
155135568 127166661
177252409 127166661
140602497 127166661
133215078 127166661
643216806 127166661
230946868 127166661
218520694 127166661
758416760 127166661
467587672 127166661
138722313 127166661
302900208 127166661
129458676 127166661
31898239 127166661
5386505 127166661
683808219 127166661
216011677 127166661
186814010 127166661
135194294 127166661
99107398 127166661
836613708 127166661
47901690 127166661
151448823 127166661
89859719 127166661
211481343 127166661
197846578 127166661
443696883 127166661
44981914 127166661
836613903 127166661
44563812 127166661
44551431 45223989
41336520 127166661
629780872 127166661
51085764 127166661
48710608 127166661
48727845 127166661
37079070 127166661
173001858 127166661
230942770 127166661
230942770 44654663
253998073 127166661
634284918 127166661
52664220 127166661
756848331 127166661
47345868 127166661
77159499 127166661
44654663 127166661
44654663 230942770
230947727 127166661
56501880 127166661
744034361 127166661
44557049 127166661
