77325310 54439106
77325310 7205473
77325310 4715276
61556655 7205473
46906668 46940514
46906668 73918547
61931060 73918547
54386045 12587759
55976878 7205473
155068610 7205473
155068610 12587759
155068610 54434155
4306881 129919080
4306881 149573692
54437477 7205473
328790601 73918547
328790601 32455025
747391720 73918547
73918547 81377777
73918547 46940514
73918547 747391720
73918547 129919080
73918547 4367193
129919080 73918547
22975178 54421804
49333257 54433815
54434383 7205473
54434383 54433815
421567495 54433815
74357442 22664661
4715276 77325310
84140557 7205473
7205473 54434383
7205473 61556655
7205473 54433815
7205473 155068610
7205473 77325310
7205473 52024843
7205473 84140557
7205473 46111003
12908045 52024843
54433194 22664661
56970939 135245973
56970939 46906668
56970939 46940514
56970939 328790601
56970939 73918547
54434155 155068610
52024843 61556655
52024843 7205473
52024843 12908045
52024843 77325310
52024843 46111003
22664661 833862859
22664661 74357442
57054776 81377777
57054776 46940514
135245973 56970939
46111003 61556655
46111003 77325310
46111003 52024843
46111003 793314104
46111003 26097303
46111003 7205473
147681380 54421804
32455025 328790601
32455025 46111003
32455025 695661725
32455025 61931060
54439106 54433815
54439106 147681380
54439106 77325310
54439106 46111003
46940514 46906668
46940514 747391720
46940514 32455025
46940514 149573692
46940514 442823273
46940514 56970939
46940514 73918547
46940514 129919080
46940514 57054776
81377777 328790601
81377777 57054776
81377777 73918547
54433815 54434383
54433815 54439106
54433815 61556655
54433815 7205473
54433815 49333257
54433815 4367193
54433815 421567495
833862859 22664661
