210187910 127172583
155814718 101637560
155814718 31415083
127172583 129980090
152619651 85054487
152619651 127172583
152619651 164585847
152619651 17807349
152619651 31415083
152619651 44760048
152619651 519769248
152619651 152575570
152619651 57643281
152619651 225041648
152619651 152595203
5166095 127172583
582553239 127172583
152926380 127172583
152926380 152575570
152926380 31415083
152955074 127172583
152955074 31415083
152955074 57643281
68998371 152957965
68998371 127172583
68998371 31415083
57643281 85054487
57643281 57649278
57643281 210187443
57643281 128504391
57643281 298850818
57643281 581013105
57643281 127172583
57643281 519769248
57643281 58160567
57643281 44760048
57643281 152723217
57643281 152575570
57643281 81548464
57643281 31415083
57643281 152955074
57643281 152619651
728466451 31415083
728466451 833658470
728466451 127172583
54179072 127172583
152899193 127172583
67242970 127172583
67242970 152688797
210223539 152820212
359356370 127172583
359356370 519769248
359356370 101637560
359356370 152575570
359356370 152595203
359356370 581158060
359356370 152688797
359356370 31415083
298850818 57643281
298850818 152575570
298850818 126471216
298850818 58160567
298850818 31415083
152820212 210187443
152820212 210223539
152820212 127172583
152820212 519769248
152820212 44760048
152820212 152723217
152820212 31415083
58160567 57643281
58160567 127172583
58160567 519769248
58160567 152723217
58160567 152575570
58160567 152688797
58160567 298850818
58160567 31415083
85054487 57643281
85054487 127172583
85054487 101637560
85054487 44760048
85054487 31415083
85054487 17807349
85054487 152619651
155848076 127172583
519769248 57649278
519769248 57643281
519769248 152688797
519769248 359356370
519769248 58160567
519769248 152723217
519769248 152575570
519769248 67242970
519769248 152820212
519769248 31415083
519769248 17807349
519769248 152619651
152627952 127172583
152627952 152575570
152627952 31415083
9094815 127172583
538752135 127172583
536276008 127172583
536276008 31415083
57648604 57643281
57648604 581013105
57648604 127172583
57648604 31415083
581013105 57643281
581013105 57648604
581013105 127172583
581013105 44760048
581013105 31415083
581158060 127172583
581158060 359356370
152595203 127172583
152595203 359356370
152595203 101637560
152595203 152575570
152595203 31415083
152595203 152619651
210187443 57643281
210187443 127172583
210187443 101637560
210187443 152820212
152927755 127172583
129980090 127172583
81548464 57643281
81548464 127172583
81548464 31415083
164585847 127172583
164585847 31415083
164585847 17807349
164585847 152619651
835132827 31415083
422203993 127172583
152957965 127172583
152957965 68998371
833658470 536276008
833658470 31415083
128504391 57643281
128504391 127172583
225041648 127172583
225041648 152619651
31415083 85054487
31415083 57649278
31415083 57643281
31415083 152957965
31415083 17463539
31415083 728466451
31415083 536276008
31415083 152627952
31415083 581013105
31415083 127172583
31415083 68998371
31415083 164585847
31415083 519769248
31415083 152723217
31415083 152575570
31415083 152820212
31415083 81548464
31415083 152595203
31415083 835132827
31415083 17807349
31415083 152688797
31415083 359356370
31415083 58160567
31415083 155814718
31415083 298850818
31415083 57648604
31415083 152926380
31415083 833658470
31415083 152955074
31415083 152619651
152723217 57643281
152723217 519769248
152723217 58160567
152723217 152820212
152723217 31415083
152723217 17807349
836612060 127172583
31574535 127172583
31574535 31415083
126471216 298850818
126471216 127172583
126471216 101637560
307334731 127172583
54256212 127172583
152688797 127172583
152688797 519769248
152688797 359356370
152688797 58160567
152688797 31415083
152688797 67242970
152577478 127172583
101637560 85054487
101637560 210187443
101637560 127172583
101637560 359356370
101637560 152575570
101637560 152595203
101637560 155814718
152575570 57643281
152575570 298850818
152575570 152627952
152575570 127172583
152575570 519769248
152575570 359356370
152575570 58160567
152575570 101637560
152575570 44760048
152575570 152595203
152575570 31415083
152575570 152926380
152575570 152619651
203352101 127172583
44760048 85054487
44760048 57643281
44760048 581013105
44760048 127172583
44760048 152575570
44760048 152820212
44760048 152619651
155891512 127172583
17807349 85054487
17807349 127172583
17807349 164585847
17807349 519769248
17807349 152723217
17807349 31415083
17807349 152619651
17463539 31415083
57649278 57643281
57649278 128504391
57649278 519769248
57649278 31415083
