9779398 54646622
153221243 112286957
563207561 54646622
520071510 54646622
58401193 54646622
68732257 54646622
22370537 54646622
35318865 54646622
16765637 54646622
127965750 54646622
56583429 54646622
169528108 54646622
693839011 54646622
58023442 112286957
192477957 54646622
302096137 112286957
12810836 54646622
49186364 54646622
156660250 54646622
300534065 54646622
681169437 17148182
102813823 54646622
723192101 54646622
458098730 72868962
289010371 54646622
45477662 54646622
161496955 54646622
280536985 54646622
316754165 54646622
231185996 54646622
55117759 54646622
251263745 54646622
80679838 54646622
172734060 54646622
273511815 54646622
72868962 458098730
547834636 54646622
39203564 54646622
39203564 638305716
30446080 54646622
54435207 54646622
64431484 54646622
27379789 54646622
534485228 54646622
61240595 54646622
218597237 54646622
18540685 112286957
298809470 54646622
67022221 54646622
17148182 54646622
17148182 681169437
131085372 54646622
241764190 54646622
161776939 54646622
477846674 54646622
16282105 54646622
199789088 54646622
