152904547 127357254
152904547 152819220
152904547 67521403
152904547 99008301
47605523 57579096
47605523 68953654
47605523 127357254
47605523 67521403
47605523 58088020
47605523 123049077
47605523 45542723
152834450 68953654
152834450 152629984
152834450 45542723
152834450 57644609
6446720 67521403
25535514 67521403
25535514 68953654
58091957 152933807
58091957 57644609
25381235 27412491
68953654 129967538
68953654 57579096
68953654 147691030
68953654 152629984
68953654 139510857
68953654 57646125
68953654 67521403
68953654 210248968
68953654 58088020
68953654 45542723
68953654 25381235
68953654 25535514
68953654 152814883
68953654 27992331
68953654 210238852
129967538 68953654
129967538 57648704
129967538 152566512
129967538 57646125
129967538 127357254
129967538 67521403
129967538 58088020
129967538 45542723
129967538 9065847
154855656 99008301
64382096 29785937
152435052 67521403
152592823 68953654
152592823 57651531
152592823 34426788
152592823 152819220
152592823 67521403
152592823 45305484
277210863 127697170
52958623 127357254
52958623 67521403
155020577 67521403
155020577 45542723
155020577 29785937
130536311 57579096
130536311 67521403
9065847 129967538
9065847 298837038
9065847 34426788
9065847 57646125
9065847 127357254
9065847 27412491
9065847 210238852
9065847 57644609
34426788 57648704
34426788 67521403
34426788 152592823
34426788 99008301
34426788 9065847
34426788 29785937
131828281 127357254
131828281 67521403
152819220 152904547
152819220 129996102
130228859 67521403
129996102 57579096
129996102 57644609
129996102 57648704
129996102 67521403
129996102 152629984
129996102 152819220
45542723 129967538
45542723 155020577
45542723 57579096
45542723 68953654
45542723 47605523
45542723 57651531
45542723 152680642
45542723 57648704
45542723 152566512
45542723 127357254
45542723 152819220
45542723 67521403
45542723 99008301
45542723 58088020
45542723 152834450
210238852 67521403
210238852 57646125
210238852 152566512
210238852 68953654
210238852 101698817
210238852 127357254
57579096 68953654
57579096 152729256
57579096 47605523
57579096 57646125
57579096 67521403
57579096 45542723
57579096 175151854
57579096 101698817
57579096 129996102
45305484 67521403
152663236 152580727
152729256 57579096
152729256 68953654
152729256 57646125
152729256 67521403
57651531 57648704
57651531 152592823
57651531 45542723
175151854 67521403
152566512 129967538
152566512 57648704
152566512 127357254
152566512 67521403
152566512 45542723
152566512 210238852
210248968 68953654
27412491 67521403
27412491 9065847
27412491 25381235
27412491 68953654
10041137 127357254
57648704 129967538
57648704 57651531
57648704 34426788
57648704 152566512
57648704 57646125
57648704 67521403
57648704 45542723
57648704 129996102
57646125 129967538
57646125 57579096
57646125 68953654
57646125 152729256
57646125 57648704
57646125 67521403
57646125 9065847
57646125 210238852
57646125 129996102
57644609 34426788
57644609 58091957
57644609 67521403
57644609 9065847
57644609 99008301
57644609 152834450
57644609 582232330
57644609 129996102
207069988 127697170
207069988 127357254
152580727 152663236
57612856 127357254
28144967 127357254
152504397 127357254
9339873 127357254
581734444 127357254
58088020 129967538
58088020 57579096
58088020 68953654
58088020 47605523
58088020 152629984
58088020 45542723
101698817 57579096
101698817 152629984
101698817 67521403
101698817 68953654
101698817 99008301
101698817 210238852
101698817 57644609
57237365 127697170
57237365 45542723
152629984 68953654
152629984 67521403
152629984 58088020
152629984 152834450
152629984 129996102
152904886 99008301
127697170 127357254
139510857 57579096
139510857 68953654
139510857 67521403
139510857 99008301
99810425 67521403
152814883 57579096
152814883 298837038
152814883 127357254
152814883 67521403
152814883 68953654
152680642 45542723
58104546 57579096
29785937 64382096
29785937 34426788
29785937 155020577
67521403 129967538
67521403 155020577
67521403 25535514
67521403 57579096
67521403 68953654
67521403 58091957
67521403 99810425
67521403 130228859
67521403 152729256
67521403 34426788
67521403 131828281
67521403 152904547
67521403 152435052
67521403 147691030
67521403 57648704
67521403 52958623
67521403 152629984
67521403 152566512
67521403 207069988
67521403 139510857
67521403 57646125
67521403 152819220
67521403 99008301
67521403 27412491
67521403 152933807
67521403 123049077
67521403 152834450
67521403 45305484
67521403 45542723
67521403 175151854
67521403 152904886
67521403 210238852
67521403 57644609
67521403 129996102
67521403 29785937
27992331 68953654
123049077 47605523
123049077 67521403
147691030 68953654
147691030 67521403
99008301 34426788
99008301 152904547
99008301 139510857
99008301 67521403
99008301 154855656
99008301 45542723
99008301 68953654
99008301 152933807
99008301 101698817
99008301 152904886
99008301 57644609
152933807 67521403
152933807 58091957
152933807 99008301
