200058382 71744739
152898609 57644490
210187523 57653407
210187523 57644490
210187523 152900129
210187523 152596841
9634011 71744739
11459738 58424212
11459738 57644490
11459738 44758395
11459738 128501520
436169911 24380576
152728716 152897046
152939207 152897046
62306778 127349928
27507550 24380576
777435729 152892035
152596841 57644490
152596841 142994421
152596841 44755134
152596841 210187523
58146865 71744739
152732683 50645689
34376236 23066007
34376236 44758395
44758395 57644490
44758395 11459738
44758395 34376236
44758395 152900129
152900129 57644490
152900129 210187523
152900129 71744739
152900129 58018352
152900129 44758395
7487719 152814882
7487719 24380576
58424212 11459738
58424212 152897046
813402245 152890112
23066007 71744739
23066007 152897046
23066007 57652706
23066007 34376236
34468234 57653407
34468234 57644490
34468234 71744739
57645923 57644490
57645923 152897046
536578882 152818598
127349928 71744739
44755088 152814882
44755088 57644490
152818598 536578882
50645689 7487719
50645689 24380576
50645689 44755134
50645689 152732683
152890112 57644490
57652706 57644490
57652706 23066007
57652706 152897046
152892035 152913143
152892035 777435729
33917873 24380576
58018352 152900129
57644490 152596841
57644490 57653407
57644490 34468234
57644490 152898609
57644490 44758395
57644490 210187523
57644490 152900129
57644490 152897046
57644490 57645923
57644490 152620779
57644490 152919551
57644490 44755088
57644490 57652706
57644490 152511912
57644490 44755134
152511912 57644490
142994421 24380576
152787305 152897046
152620779 57644490
152913143 152892035
152814882 50645689
152814882 44755088
152814882 7487719
152814882 211323923
48734574 71744739
128501520 11459738
71744739 152723451
71744739 127349928
71744739 34468234
71744739 23066007
71744739 152900129
71744739 152620779
71744739 152919551
71744739 45382523
71744739 152728716
152897046 57644490
152897046 23066007
152897046 152939207
152897046 57645923
152897046 58424212
152897046 152723451
152897046 57652706
152897046 152787305
152897046 152728716
211323923 152814882
152919551 57644490
152919551 71744739
