601608633 127243338
601608633 11574000
601608633 57648593
601608633 169028806
675075439 127243338
152703394 7216745
152703394 127243338
806298577 127243338
152733283 127243338
152733283 57648593
82111674 127243338
82111674 57648593
82111674 298830022
601846346 127243338
581126790 127243338
11574000 67521867
11574000 413994005
11574000 82112231
11574000 127243338
11574000 57648593
11574000 99924532
11574000 581332367
11574000 939454
11574000 48720642
11574000 152700876
11574000 601608633
11574000 154887654
11574000 138675351
728425166 127243338
582381406 127243338
581332367 127243338
581332367 57648593
581332367 11574000
581666119 127243338
298859108 127243338
98766638 127243338
155855622 127243338
155855622 10821466
7216745 127243338
7216745 215924200
30634478 127243338
333148545 127243338
99924532 582888598
99924532 130229757
99924532 127243338
99924532 57644412
99924532 11574000
32636554 127243338
10821466 127243338
10821466 152700876
10821466 155855622
39853435 127243338
582888598 127243338
413994005 127243338
413994005 11574000
540876454 127243338
7368192 127243338
7368192 21428347
205987961 127243338
152700876 127243338
152700876 10821466
152700876 210277783
152700876 11574000
642482205 127243338
128569846 130229757
128569846 127243338
128569846 57648593
128569846 57644412
128569846 82112231
138566629 127243338
138566629 57648593
138566629 82112231
58037574 127243338
58037574 11574000
31760949 127243338
169028806 127243338
169028806 601608633
83194134 127243338
758131267 127243338
758131267 152731132
21428347 127243338
21428347 7368192
582298283 127243338
152578084 127243338
121941984 127243338
104618840 127243338
581819048 127243338
582684136 127243338
138675351 127243338
138675351 11574000
138675351 60010803
138675351 57648593
208590584 127243338
338271537 127243338
69232550 127243338
69232550 48720642
582195162 127243338
174541673 127243338
806234799 127243338
210187834 127243338
82112231 127243338
82112231 57648593
82112231 11574000
82112231 128569846
82112231 138566629
152731132 127243338
152731132 57648593
152731132 758131267
152808304 127243338
60010803 138675351
130229757 127243338
130229757 128569846
57648593 67521867
57648593 57645739
57648593 128732363
57648593 152801479
57648593 82112231
57648593 127243338
57648593 210196297
57648593 152731132
57648593 99924532
57648593 581332367
57648593 58037574
57648593 11574000
57648593 128569846
57648593 601608633
57648593 21428347
57648593 138566629
57648593 138675351
210196297 127243338
210196297 57648593
152801479 127243338
48720642 57648593
48720642 69232550
48720642 11574000
48720642 21428347
581457638 127243338
138244118 127243338
57645739 57648593
154887654 127243338
154887654 11574000
215924200 7216745
215924200 127243338
67730310 127243338
13119371 127243338
580872852 127243338
130236719 127243338
298830022 82111674
630770457 127243338
82154111 127243338
582678300 127243338
836613116 127243338
939454 127243338
210277783 127243338
210277783 152700876
581682565 127243338
580890699 127243338
57644412 127243338
57644412 128569846
67521867 57648593
67521867 11574000
152702259 127243338
581729364 127243338
128732363 127243338
128732363 57648593
