152928189 28484307
152928189 6351017
152430904 73127367
152430904 58108547
152430904 28484307
152430904 215757790
152430904 581910846
152430904 152928189
152430904 71408836
152430904 6351017
152565431 215757790
6351017 28484307
6351017 215757790
6351017 58424335
6351017 73127367
6351017 58108547
6351017 152928189
6351017 38360495
6351017 152430904
6351017 581910846
6351017 127482673
6351017 58344705
6351017 152851188
6351017 13139115
127482673 215757790
215757790 58108547
215757790 71408836
215757790 6351017
73127367 14906081
73127367 215757790
73127367 6351017
32519581 215757790
58108547 515910000
58108547 28484307
58108547 215757790
58108547 152430904
58108547 6351017
58108547 71408836
152564499 215757790
515910000 13139115
515910000 58108547
581910846 215757790
58424335 58344705
58424335 69437982
58424335 6351017
17907378 13139115
13139115 17907378
13139115 215757790
13139115 6351017
13139115 58108547
69437982 58424335
69437982 215757790
28484307 58108547
28484307 215757790
28484307 152430904
28484307 152928189
28484307 6351017
152571972 215757790
67638865 215757790
71408836 215757790
58344705 58424335
58344705 215757790
58344705 6351017
152851188 6351017
14906081 73127367
14906081 215757790
38360495 581910846
38360495 215757790
38360495 6351017
658761672 215757790
98022407 215757790
