231527574 44197546
231527574 127386281
231527574 61721125
11011657 39625976
11011657 61721125
131733997 127448281
131733997 65362313
131733997 134507975
131733997 61721125
82783018 44060317
82783018 61721125
49042743 61721125
138244093 127448281
138244093 52387512
138244093 44060317
138244093 37411339
138244093 61721125
134507975 131733997
134507975 82786402
134507975 61721125
54590236 61721125
44312465 127386281
44312465 61721125
129144828 127543596
19581134 61721125
37411339 38860763
37411339 138244093
37411339 27263841
37411339 65362313
33444563 44347018
33444563 61721125
27263841 38860763
27263841 132206208
27263841 37411339
27263841 61721125
95458003 61721125
50987507 61721125
36886480 127448281
36886480 61721125
39517834 127448281
38860763 127448281
38860763 37411339
38860763 27965213
38860763 41196822
38860763 61721125
48456237 61721125
132206208 69075773
128798228 61721125
137931084 127448281
137931084 127386281
137931084 69075773
137931084 29095603
137931084 61721125
49049374 61721125
20486734 127448281
20486734 36886480
20486734 61721125
82786402 134507975
82786402 38446013
82786402 61721125
44491786 61721125
20063199 127543596
20063199 61721125
44357393 61721125
131467801 127386281
131467801 132206208
131467801 133248392
131467801 149549366
131467801 61721125
57477124 132206208
57477124 231514962
57477124 61721125
37895099 127448281
37895099 61721125
44060317 138244093
44060317 82783018
44060317 61721125
67150226 61721125
127448281 38860763
127448281 39517834
127448281 61721125
48483232 61721125
127386281 61721125
132434744 61721125
75349114 61721125
61721125 79272727
61721125 127448281
61721125 40366680
61721125 127386281
61721125 39625976
61721125 48752589
61721125 82529081
61721125 231527574
61721125 11011657
61721125 127543596
61721125 65362313
61721125 33444563
29095603 127448281
29095603 61721125
44545568 61721125
44649014 61721125
133248392 131467801
133248392 61721125
49051715 61721125
65314332 61721125
5039241 61721125
79272727 127386281
79272727 65362313
79272727 27965213
79272727 61721125
48752589 127386281
48752589 61721125
38446013 127448281
38446013 52387512
38446013 82786402
38446013 136238972
38446013 61721125
40366680 44048143
40366680 61721125
136049187 61721125
149549366 133248392
149549366 44649014
149549366 131467801
149549366 69075773
149549366 132206208
149549366 61721125
82529081 61721125
69075773 127448281
69075773 131733997
69075773 39625976
69075773 127386281
69075773 52387512
69075773 137931084
69075773 11011657
69075773 132206208
69075773 61721125
231654390 61721125
41196822 38860763
41196822 61721125
65362313 131733997
65362313 79272727
65362313 37411339
65362313 61721125
80469310 61721125
75349408 5039241
75349408 75349114
75349408 61721125
39625976 61721125
138312047 127448281
138312047 61721125
19160815 61721125
130416954 61721125
49058339 97019144
49058339 61721125
49059301 61721125
52387512 138244093
52387512 69075773
52387512 38446013
97019144 49058339
97019144 27263841
97019144 69075773
97019144 61721125
44347018 33444563
44347018 61721125
231514962 57477124
231514962 61721125
75377115 127448281
75377115 61721125
44197546 231527574
44197546 61721125
81916797 61721125
27965213 38860763
27965213 20063199
27965213 79272727
27965213 19581134
27965213 61721125
136238972 61721125
127543596 61721125
44048143 40366680
44048143 61721125
114472805 61721125
