253900093 680439650
253900093 54436753
253900093 55117709
253900093 722114922
253900093 104632164
253900093 164374776
253900093 46945325
253900093 55117701
253900093 132344302
253900093 71299690
253900093 298852739
253900093 18684028
253900093 2473355
253900093 57382419
298852739 55117709
298852739 104632164
298852739 164374776
298852739 12679810
298852739 253900093
298852739 57382419
298852739 2473355
298852739 18684028
54389652 18684028
54389652 104632164
54389652 55117709
104632164 54389652
104632164 54436753
104632164 55117709
104632164 46945325
104632164 437296267
104632164 743286641
104632164 58399420
104632164 298852739
104632164 2473355
104632164 57382419
104632164 253900093
57382419 55117709
57382419 104632164
57382419 298852739
57382419 18684028
57382419 2473355
57382419 253900093
30886858 12679810
132344302 46945325
132344302 253900093
55117701 54389652
55117701 55117709
55117701 722114922
55117701 12679810
55117701 46945325
55117701 253900093
55117701 57382419
55117701 18684028
55117701 299132858
55117701 71299690
52546280 55117709
52546280 56970939
164374776 55117709
164374776 12679810
164374776 46945325
164374776 697495459
164374776 71299690
164374776 298852739
164374776 253900093
164374776 56970939
164374776 57382419
164374776 2473355
164374776 18684028
46945325 54436753
46945325 158073606
46945325 104632164
46945325 164374776
46945325 55117701
46945325 743286641
46945325 697495459
46945325 132344302
46945325 58399420
46945325 253900093
46945325 56970939
46945325 57382419
46945325 2473355
46945325 18684028
46945325 169541153
46945325 71299690
58399420 54436753
58399420 55117709
58399420 104632164
58399420 46945325
58399420 18684028
680439650 253900093
680439650 2473355
680439650 18684028
680439650 55117709
169541153 18684028
169541153 46945325
169541153 55117709
437296267 104632164
55117709 54389652
55117709 680439650
55117709 722114922
55117709 104632164
55117709 164374776
55117709 12679810
55117709 52546280
55117709 55117701
55117709 743286641
55117709 58399420
55117709 169541153
55117709 298852739
55117709 253900093
55117709 56970939
55117709 57382419
55117709 2473355
55117709 18684028
2473355 55117709
2473355 104632164
2473355 743286641
2473355 298852739
2473355 18684028
2473355 57382419
2473355 253900093
722114922 253900093
722114922 164374776
722114922 55117709
722114922 54389652
12679810 55117709
12679810 158073606
12679810 104632164
12679810 164374776
12679810 30886858
12679810 55117701
12679810 697495459
12679810 132344302
12679810 71299690
12679810 298852739
12679810 18684028
12679810 2473355
12679810 57382419
12679810 56970939
56970939 55117709
56970939 158073606
56970939 104632164
56970939 164374776
56970939 12679810
56970939 52546280
56970939 46945325
56970939 299132858
56970939 2473355
56970939 253900093
71299690 164374776
71299690 46945325
71299690 55117701
71299690 132344302
71299690 253900093
71299690 57382419
697495459 2473355
697495459 18684028
697495459 12679810
697495459 164374776
743286641 2473355
743286641 18684028
743286641 298852739
743286641 46945325
743286641 104632164
743286641 55117709
99925816 18684028
54436753 104632164
54436753 46945325
54436753 132344302
54436753 58399420
54436753 2473355
54436753 253900093
158073606 46945325
18684028 54389652
18684028 680439650
18684028 99925816
18684028 55117709
18684028 158073606
18684028 164374776
18684028 12679810
18684028 46945325
18684028 55117701
18684028 743286641
18684028 697495459
18684028 58399420
18684028 169541153
18684028 298852739
18684028 2473355
18684028 57382419
18684028 253900093
299132858 56970939
299132858 2473355
299132858 55117701
299132858 104632164
