298835141 129446497
225724132 260917703
581019467 152687142
19877188 22664648
19877188 82643880
19877188 4572375
210223541 57651504
72579659 152911990
72579659 22677294
72579659 3563153
210230898 129446497
22677294 13741531
22677294 152919381
22677294 57651504
22677294 152924883
22677294 22664648
22677294 152687142
22677294 152814884
22677294 210200217
22677294 72579659
22677294 3563153
152687142 22677294
152687142 149538689
260917703 152928562
260917703 225724132
260917703 152911990
260917703 210236820
44757284 57651504
58118908 33116015
58118908 22664648
58118908 90334009
58118908 152700876
58118908 82643880
82643880 210236820
82643880 129446497
82643880 58358905
82643880 19877188
82643880 22664648
82643880 58118908
152700876 58118908
3563153 22677294
3563153 33116015
3563153 22664648
3563153 210200217
3563153 72579659
3563153 65385388
3563153 90334009
33116015 139701951
33116015 58358905
33116015 3563153
22672152 129446497
4572375 19877188
152814884 22677294
13741531 58358905
13741531 22677294
13741531 22664648
140584125 22664648
58165610 57646331
22664648 41078534
22664648 22677294
22664648 19877188
22664648 140584125
22664648 155873676
22664648 82643880
22664648 58118908
22664648 3563153
152924883 210236820
152924883 22677294
152924883 57651504
90334009 152911990
90334009 58118908
90334009 3563153
58358905 13741531
58358905 33116015
58358905 82643880
155873676 22664648
210236820 152924883
210236820 82643880
210236820 260917703
41078534 22664648
149538689 152687142
57646331 58165610
210200217 22677294
210200217 3563153
82642787 129446497
65385388 13741531
65385388 22664648
65385388 3563153
152928562 260917703
57651504 22677294
57651504 210223541
57651504 152924883
57651504 44757284
139701951 33116015
