602521426 127166319
26154545 127166319
127173428 127166319
105405081 127166319
56902659 127166319
56902659 89084485
56902659 127173428
57587960 14575506
57587960 127166319
127166319 127173428
47328504 127173428
47328504 127166319
152480396 127166319
308381325 127166319
14575506 57587960
89084485 56902659
89084485 5716467
24112798 127166319
13919518 127166319
13919518 127173428
2218755 127166319
300432572 127166319
5716467 89084485
5716467 127173428
142564795 127166319
142564795 127173428
12885651 127173428
12885651 127166319
67021647 127166319
67021647 127173428
113525674 127173428
