24402946 677266944
298862505 52581935
58392009 54408042
58392009 834133659
58392009 692814128
58392009 45161219
58392009 55718725
58392009 37377660
58392009 58009936
58392009 298851078
58392009 298862505
58392009 205890881
58392009 73103345
58392009 65310079
58392009 642485526
58392009 539081067
58392009 602777139
58392009 52581935
58392009 45161268
58392009 56937645
58392009 351318701
58392009 677281236
58392009 140117739
58392009 205885135
58392009 251850259
58392009 58391355
602777139 205885491
602777139 45162147
602777139 539081067
602777139 55718725
602777139 3965233
602777139 73103345
602777139 58392009
602777139 56538792
602777139 52581935
602777139 298848875
602777139 251850259
298848875 677120661
298848875 54403533
298848875 602777139
251850259 602777139
251850259 58392009
205885491 55718725
205885491 560927664
205885491 54403533
205885491 602777139
205885491 52581935
205885491 215716531
205885491 351318701
205885491 58265013
830803502 45162010
55718725 54408042
55718725 58392009
55718725 45162147
55718725 65310079
55718725 602777139
55718725 56937645
55718725 205885135
57771198 152728901
57771198 45162147
57771198 833308402
57771198 57583650
57771198 58424335
57771198 58265013
806250516 205890931
56538792 54408042
56538792 541461995
56538792 45161268
56538792 58063243
56538792 602777139
56538792 57582706
835464267 54403533
45161219 54408042
298851098 57583650
298851098 45162147
298851098 56937645
298851098 45162010
298851098 54403533
298851098 55718725
57583650 57771198
57583650 54408042
57583650 215716531
57583650 298857240
57583650 298851098
57583650 58265013
601606180 58424335
58424335 57771198
58424335 124591699
58424335 152728901
58424335 601606180
58424335 58265013
677120661 22597797
677120661 298848875
677266944 24402946
28729383 205885491
28729383 58265013
57582706 45162147
57582706 56538792
57582706 54408042
57582706 205885491
57582706 205890881
57582706 65310079
57582706 56937645
57582706 205885135
57582706 251850259
140117739 58392009
298857240 57583650
541461995 56538792
152728901 57771198
152728901 58424335
833308402 205885491
833308402 57771198
45162147 692814128
45162147 55718725
45162147 57771198
45162147 57582706
45162147 54403533
45162147 65310079
45162147 602777139
45162147 45161268
45162147 56937645
45162147 45162010
45162147 298851098
45162147 58265013
56937645 57582706
56937645 45162147
56937645 539081067
56937645 55718725
56937645 65357700
56937645 54403533
56937645 58392009
56937645 54408042
56937645 298851098
56937645 58265013
65357700 55718725
54408042 22597797
54408042 45161219
54408042 56538792
54408042 57582706
54408042 57583650
45162010 45162147
45162010 56937645
45162010 830803502
45162010 298851098
45162010 58265013
22597797 54408042
22597797 677120661
539081067 58392009
539081067 602777139
3965233 602777139
642485526 58392009
52581935 205885491
52581935 54403533
52581935 298862505
52581935 58392009
52581935 45161268
215716531 57583650
205885135 55718725
205885135 58392009
205885135 57582706
54403533 54408042
54403533 55718725
54403533 45162147
54403533 205885491
54403533 298862505
54403533 298851078
54403533 539081067
54403533 52581935
54403533 56937645
54403533 298851098
54403533 205885135
54403533 251850259
54403533 58391355
54403533 58265013
58391355 58392009
45161268 56538792
45161268 45162147
45161268 52581935
45161268 58392009
124591699 58424335
692814128 24402946
692814128 45162147
351318701 58392009
351318701 205885491
37377660 58392009
58265013 205890836
58265013 57583650
58265013 45162147
58265013 45162010
58265013 539081067
58265013 205885491
58265013 56937645
58265013 55718725
58265013 58424335
58265013 57771198
