152788023 17244979
58063772 17244979
90195338 17244979
129664172 17244979
499944678 17244979
499944678 834020551
152937379 17244979
152937379 175156367
520486628 17244979
152788254 17244979
152514813 17244979
298835507 17244979
152578771 17244979
32202800 28661063
32202800 17244979
152565072 154857824
129042795 17244979
57598220 58248907
57598220 17244979
175156367 17244979
175156367 152851411
175156367 154857824
175156367 152937379
175156367 152940818
175156367 32202800
175156367 28643322
58248907 57598220
57579671 17244979
17244979 175156367
9379965 17244979
152487048 17244979
152487048 499944678
28661063 32202800
834020551 499944678
834020551 17244979
152851411 17244979
152851411 175156367
154857824 17244979
154857824 175156367
154857824 152565072
33860359 17244979
28643322 17244979
152940818 17244979
152940818 28643322
152940818 175156367
307713645 17244979
109258033 152938798
8935756 17244979
34772047 17244979
48682979 17244979
47442268 17244979
