99618308 57172058
99618308 163987558
99618308 321732909
99618308 127751534
99618308 297912952
99618308 58421994
99618308 274999974
99618308 57592651
99618308 82095755
99618308 113856178
99618308 507300218
99618308 322018884
27239579 155909926
82095755 321732909
82095755 322018884
82095755 57592651
82095755 274999974
82095755 113856178
82095755 297912952
82095755 127751534
82095755 58421994
82095755 99618308
199966145 58421994
199966145 200099196
199966145 57172058
199966145 45009188
199966145 113856178
199966145 163988228
199966145 57592651
199966145 322018884
199966145 19805249
199966145 321732909
507300218 147958704
507300218 54297713
507300218 520559492
507300218 321732909
507300218 322018884
507300218 99618308
507300218 58421994
507300218 127751534
507300218 163987558
507300218 297912952
507300218 200099196
507300218 588964607
507300218 57172058
507300218 113856178
507300218 57832633
507300218 163988228
507300218 55116490
507300218 274999974
507300218 199567091
507300218 57592651
57592651 147958704
57592651 19805249
57592651 322018884
57592651 507300218
57592651 274999974
57592651 55116490
57592651 57832633
57592651 113856178
57592651 99618308
57592651 58421994
57592651 127751534
57592651 163987558
57592651 297912952
57592651 200099196
57592651 199966145
57592651 57172058
836611064 57832633
199567091 163987558
199567091 113856178
199567091 57832633
199567091 507300218
199567091 322018884
199567091 321732909
228465243 65291628
520559492 54297713
520559492 19805249
520559492 82095755
520559492 507300218
520559492 57592651
520559492 57832633
520559492 113856178
520559492 297912952
520559492 127751534
520559492 58421994
147958704 297912952
147958704 113856178
147958704 57592651
147958704 507300218
735823681 192047793
57172058 321732909
57172058 90580046
57172058 99618308
57172058 58421994
57172058 127751534
57172058 163987558
57172058 588964607
57172058 113856178
57172058 57832633
57172058 274999974
57172058 57592651
57172058 507300218
57172058 322018884
45013733 361843481
45013733 305428928
45013733 67348740
205060132 113856178
205060132 322018884
205060132 321732909
72059399 297912952
54297713 58421994
54297713 127751534
54297713 297912952
54297713 274999974
54297713 507300218
54297713 82095755
54297713 19805249
54297713 520559492
305428928 230914148
305428928 45013733
274999974 321732909
274999974 82095755
274999974 322018884
274999974 507300218
274999974 57592651
274999974 99618308
274999974 58421994
274999974 127751534
274999974 163987558
274999974 297912952
274999974 200099196
274999974 57172058
274999974 113856178
274999974 55116490
127751534 54297713
127751534 520559492
127751534 836611064
127751534 19805249
127751534 82095755
127751534 322018884
127751534 507300218
127751534 57592651
127751534 274999974
127751534 55116490
127751534 163988228
127751534 57832633
127751534 113856178
127751534 57172058
127751534 588964607
127751534 200099196
127751534 297912952
127751534 163987558
127751534 99618308
127751534 58421994
113856178 147958704
113856178 520559492
113856178 321732909
113856178 82095755
113856178 322018884
113856178 507300218
113856178 57592651
113856178 199567091
113856178 274999974
113856178 55116490
113856178 163988228
113856178 205060132
113856178 57832633
113856178 99618308
113856178 58421994
113856178 127751534
113856178 163987558
113856178 297912952
113856178 200099196
113856178 588964607
113856178 199966145
113856178 57172058
113856178 45009188
55116490 520559492
55116490 321732909
55116490 82095755
55116490 322018884
55116490 507300218
55116490 57592651
55116490 274999974
55116490 163988228
55116490 99618308
55116490 58421994
55116490 127751534
55116490 163987558
55116490 297912952
55116490 200099196
55116490 588964607
55116490 199966145
55116490 45009188
55116490 113856178
55116490 57832633
57832633 520559492
57832633 321732909
57832633 836611064
57832633 19805249
57832633 507300218
57832633 199567091
57832633 113856178
57832633 57172058
57832633 58421994
57832633 127751534
57832633 297912952
57832633 588964607
192047793 199831916
673847931 192047793
322018884 321732909
322018884 82095755
322018884 99618308
322018884 58421994
322018884 127751534
322018884 163987558
322018884 297912952
322018884 199966145
322018884 57172058
322018884 45009188
322018884 113856178
322018884 205060132
322018884 55116490
322018884 274999974
322018884 199567091
322018884 57592651
322018884 507300218
163988228 58421994
163988228 127751534
163988228 297912952
163988228 113856178
163988228 321732909
90580046 57172058
321732909 147958704
321732909 836611064
321732909 19805249
321732909 82095755
321732909 322018884
321732909 507300218
321732909 199567091
321732909 274999974
321732909 99618308
321732909 58421994
321732909 436019838
321732909 127751534
321732909 297912952
321732909 200099196
321732909 199966145
321732909 57172058
321732909 45009188
321732909 113856178
321732909 57832633
321732909 205060132
321732909 163988228
321732909 55116490
45009188 321732909
45009188 90580046
45009188 322018884
45009188 199567091
45009188 274999974
45009188 55116490
45009188 57832633
45009188 113856178
45009188 57172058
45009188 199966145
45009188 163987558
45009188 127751534
45009188 436019838
45009188 99618308
45009188 58421994
163987558 99618308
163987558 58421994
163987558 127751534
163987558 57172058
163987558 113856178
163987558 163988228
163987558 55116490
163987558 274999974
163987558 57592651
163987558 507300218
163987558 322018884
200099196 58421994
200099196 127751534
200099196 163987558
200099196 297912952
200099196 199966145
200099196 113856178
200099196 274999974
200099196 57592651
200099196 507300218
200099196 321732909
48385300 297912952
48385300 58421994
58421994 147958704
58421994 19805249
58421994 163988228
58421994 82095755
58421994 57592651
58421994 127751534
58421994 54297713
58421994 57832633
58421994 55116490
58421994 200099196
58421994 113856178
58421994 274999974
58421994 297912952
58421994 45009188
58421994 57172058
58421994 322018884
58421994 199966145
58421994 507300218
58421994 321732909
58421994 588964607
58421994 520559492
58421994 163987558
58421994 99618308
199831916 192047793
19805249 54297713
19805249 520559492
19805249 321732909
19805249 57592651
19805249 57832633
19805249 199966145
19805249 297912952
19805249 127751534
19805249 58421994
65291628 228465243
436019838 45009188
436019838 321732909
377386007 297912952
588964607 507300218
588964607 274999974
588964607 55116490
588964607 113856178
588964607 57172058
588964607 297912952
588964607 127751534
588964607 58421994
