57068813 665997495
57068813 57494574
57068813 57070511
57068813 57494677
57068813 500965488
57068813 57494498
57068813 54636854
52582245 166583391
500960845 57069386
500960845 401836934
500960845 57494574
500960845 57494677
500960845 57494498
500960845 57069776
57494498 665997495
57494498 401836934
57494498 401767970
57494498 57069527
57494498 57494574
57494498 57210884
57494498 666002273
57494498 500960845
57494498 206000951
57494498 54685602
57494498 602576734
57494498 602513662
57494498 57070511
57494498 57070264
57494498 57494677
57494498 8947824
57494498 836612056
57494498 57070357
57494498 57069776
57494498 500965488
57494498 57068813
57494498 58358293
57494498 57243453
57494498 54675749
747217739 54636854
747184107 834590084
747184107 206000951
747184107 57070264
602538863 206000951
62391663 8947824
166638689 57070264
166638689 57068597
448596526 57494677
401836934 665997495
401836934 834590084
401836934 57494574
401836934 666002273
401836934 500960845
401836934 206000951
401836934 57069776
401836934 54675749
401836934 57494498
401836934 602513662
401836934 605176818
401836934 836612056
401836934 215131149
401836934 57494677
401836934 57243453
401836934 57070264
665997495 401836934
665997495 57494574
665997495 57210884
665997495 666002273
665997495 206000951
665997495 57069776
665997495 500965488
665997495 57494677
665997495 57243453
665997495 57068813
665997495 57068597
665997495 602526529
665997495 57070264
665997495 602513662
665997495 505293399
665997495 57494498
662976393 834590084
662976393 836613541
662976393 57494574
662976393 57494677
662976393 57070264
662976393 602576734
401808870 57069386
401808870 35496608
401808870 57069527
401808870 57210884
401808870 54636854
747084026 57494677
58358293 602522595
58358293 57070264
58358293 57494677
58358293 57069776
58358293 54675749
58358293 57494498
57210884 665997495
57210884 35496608
57210884 401767970
57210884 57069527
57210884 836613541
57210884 57494574
57210884 666002273
57210884 54636854
57210884 401808870
57210884 57069776
57210884 500965488
57210884 57494498
57210884 602513662
57210884 605176818
57210884 57068813
57210884 57243453
57210884 57494677
57210884 215131149
57210884 57494634
834590084 401836934
834590084 57494677
834590084 57243453
834590084 602526529
834590084 662976393
834590084 206000951
834590084 747184107
834590084 836613541
219660550 8947824
836613541 57069527
836613541 834590084
836613541 57243453
836613541 57069776
836613541 662976393
836613541 57210884
57494634 35496608
57494634 460287456
57494634 401767970
57494634 57069527
57494634 834590084
57494634 57494574
57494634 57210884
57494634 206000951
57494634 166638689
57494634 500965488
57494634 605176818
57494634 57070264
57494634 57068597
57494634 8947824
54685602 57494574
54685602 206000951
54685602 57070357
54685602 57494498
54685602 57068597
54685602 57494677
215131149 460287456
215131149 401836934
215131149 57494574
215131149 57210884
215131149 57069776
215131149 57068597
215131149 57494677
602526529 665997495
602526529 401767970
602526529 57069527
602526529 834590084
602526529 206000951
602526529 602576734
602526529 605176818
602526529 57070264
602526529 57494677
602526529 57068597
166583391 52582245
421687082 57069386
421687082 57243256
421687082 401836934
421687082 57069527
421687082 206000951
421687082 57069776
421687082 54675749
421687082 57494677
836612056 401836934
836612056 206000951
836612056 54675749
836612056 605176818
836612056 57070264
602513662 665997495
602513662 401836934
602513662 401767970
602513662 57210884
602513662 206000951
602513662 57069776
602513662 602576734
602513662 54675749
602513662 57494498
602513662 57494677
167248772 8947824
57494574 665997495
57494574 35496608
57494574 401836934
57494574 57069444
57494574 401767970
57494574 57069527
57494574 57210884
57494574 662976393
57494574 54685602
57494574 57069776
57494574 500965488
57494574 57068597
57494574 57068813
57494574 57243453
57494574 57494677
57494574 215131149
57494574 57494634
57494574 216084886
206000951 665997495
206000951 35496608
206000951 401836934
206000951 401767970
206000951 834590084
206000951 836613541
206000951 57494574
206000951 747184107
206000951 662976393
206000951 54685602
206000951 57069776
206000951 602576734
206000951 57494498
206000951 602538863
206000951 605176818
206000951 836612056
206000951 57494634
206000951 57494677
206000951 602526529
206000951 57070264
74804422 8947824
665952574 54675749
665952574 206000951
665952574 54636854
57069444 57494574
57069444 54675749
57069444 57069776
57070357 57243256
57070357 54685602
57070357 57494677
57070357 460287456
57070357 54675749
57070357 57494498
460287456 57069527
460287456 836613541
460287456 215131149
460287456 57494634
460287456 57070357
666002273 665997495
666002273 401836934
666002273 57069527
666002273 57494574
666002273 57210884
666002273 206000951
666002273 57069776
666002273 57494677
666002273 57243453
666002273 57068597
666002273 57070264
666002273 602513662
666002273 57494498
747217360 57494677
150683753 57494677
150683753 57494574
150683753 57069527
10026822 8947824
10026822 11060863
57069527 460287456
57069527 401836934
57069527 834590084
57069527 836613541
57069527 57494574
57069527 57210884
57069527 54636854
57069527 57243352
57069527 401808870
57069527 57069776
57069527 500965488
57069527 505293399
57069527 602526529
57069527 57068597
57069527 57243453
57069527 57494677
57069527 57494634
54675749 836614427
54675749 35496608
54675749 401836934
54675749 401767970
54675749 206000951
54675749 665952574
54675749 421687082
54675749 602513662
54675749 57070511
54675749 57070264
54675749 57068597
54675749 57494677
54675749 836612056
54675749 57494574
54675749 57070357
54675749 57069776
54675749 500965488
54675749 57068813
54675749 58358293
54675749 54636854
54675749 57069444
54675749 57494498
602529879 57494677
11060863 10026822
57069776 35496608
57069776 401836934
57069776 401767970
57069776 57069527
57069776 834590084
57069776 836613541
57069776 57494574
57069776 57210884
57069776 666002273
57069776 206000951
57069776 421687082
57069776 57068597
57069776 57494677
57069776 500965488
57069776 58358293
57069776 57243453
57069776 57069444
57069776 54675749
57069776 57494498
57070511 836614427
57070511 35496608
57070511 54636854
57070511 57243352
57070511 57069776
57070511 500965488
57070511 54675749
57070511 57494498
57070511 57068813
57070511 57494677
30626648 8947824
500965488 401767970
500965488 57069527
500965488 57494574
500965488 57210884
500965488 216084886
500965488 57494677
500965488 57494634
500965488 57069776
500965488 57494498
500965488 54675749
500965488 54636854
500965488 57243453
500965488 57068813
2311393 8947824
57243352 401767970
57243352 57069527
57243352 57070511
57243352 57494677
57070264 665997495
57070264 35496608
57070264 460287456
57070264 401836934
57070264 401767970
57070264 57069527
57070264 834590084
57070264 57494574
57070264 57210884
57070264 747184107
57070264 58358293
57070264 206000951
57070264 662976393
57070264 166638689
57070264 54685602
57070264 57069776
57070264 500965488
57070264 602576734
57070264 54675749
57070264 602513662
57070264 605176818
57070264 57068597
57070264 57068813
57070264 836612056
57070264 57494634
57070264 215131149
57070264 57494677
57070264 57243453
28415892 8947824
602522595 58358293
602522595 54636854
602522595 500965488
602522595 54675749
602522595 57494677
602522595 57070264
57494677 836614427
57494677 665997495
57494677 460287456
57494677 150683753
57494677 401836934
57494677 401767970
57494677 57069527
57494677 834590084
57494677 836613541
57494677 57494574
57494677 57210884
57494677 602529879
57494677 666002273
57494677 836612786
57494677 58358293
57494677 500960845
57494677 54636854
57494677 206000951
57494677 662976393
57494677 747217360
57494677 836611994
57494677 836611746
57494677 57070357
57494677 54685602
57494677 57243352
57494677 57069776
57494677 500965488
57494677 216084886
57494677 54675749
57494677 57494498
57494677 505293399
57494677 602513662
57494677 57070511
57494677 605176818
57494677 57070264
57494677 602526529
57494677 57068597
57494677 57068813
57494677 57243453
57494677 215131149
57494677 836612056
57243256 35496608
57243256 57069444
57243256 57069527
57243256 57070357
57243256 54685602
57243256 500965488
57243256 421687082
57243256 57494677
401767970 35496608
401767970 401836934
401767970 57069527
401767970 834590084
401767970 57494574
401767970 57210884
401767970 206000951
401767970 57243352
401767970 57069776
401767970 500965488
401767970 602576734
401767970 54675749
401767970 57494498
401767970 602513662
401767970 605176818
401767970 57070264
401767970 602526529
401767970 57068597
401767970 57068813
401767970 57243453
401767970 57494677
401767970 57494634
57068597 57069386
57068597 401767970
57068597 57069527
57068597 57494574
57068597 166638689
605176818 401836934
605176818 401767970
605176818 57210884
605176818 206000951
605176818 836612056
605176818 57494634
605176818 57494677
605176818 602526529
605176818 57070264
54636854 401836934
54636854 57069527
54636854 57210884
54636854 401808870
54636854 665952574
54636854 57068597
54636854 57494677
54636854 500965488
54636854 57068813
54636854 54675749
836611994 57494677
602576734 401767970
602576734 206000951
602576734 57494677
602576734 602526529
602576734 602513662
602536745 35496608
602536745 57068597
57243453 665997495
57243453 35496608
57243453 460287456
57243453 401836934
57243453 401767970
57243453 57069527
57243453 834590084
57243453 836613541
57243453 57494574
57243453 57210884
57243453 666002273
57243453 57068597
57243453 57494677
57243453 215131149
57243453 57069776
57243453 500965488
