152883502 65295089
152883502 58441703
152726376 57646095
152726376 58441703
210228309 65295089
210228309 57646095
210228309 210187679
210228309 58441703
634822602 58441703
210191632 58441703
32157345 58441703
341866870 58441703
152474134 58441703
498208309 58441703
582560484 58441703
57646095 65295089
57646095 210216598
57646095 152674550
57646095 27547055
57646095 58441703
57646095 210228309
57646095 15859590
57646095 152919150
57646095 152728851
57646095 152955764
57646095 581252182
57646095 44752164
57646095 3304541
57646095 152726376
57646095 152715191
152473975 57387833
23143816 58441703
152674550 57646095
152674550 210187679
152674550 27547055
152596798 152674550
152596798 58441703
152728851 57646095
152728851 57387833
152728851 58441703
152728851 27547055
836612207 58441703
152858050 210216598
152858050 58441703
27547055 47631865
27547055 57646095
27547055 58441703
27547055 210209885
27547055 152919150
27547055 152840367
27547055 65295089
27547055 152728851
27547055 152674550
27547055 152955764
27547055 44752164
210216598 152674550
210216598 57646095
210216598 58441703
210216598 152858050
210216598 210209885
44752164 27547055
44752164 57646095
44752164 58441703
44752164 57387833
17975885 57387833
50859833 58441703
601643157 58441703
561027717 58441703
152955764 47631865
152955764 57646095
152955764 58441703
152955764 27547055
128948037 58441703
152934164 27547055
152934164 57387833
152934164 58441703
103252486 58441703
97088096 58441703
15859590 210196969
15859590 57646095
15859590 58441703
580874360 57387833
3304541 58441703
3304541 57646095
152601347 152883502
152601347 58441703
47631865 27547055
47631865 57387833
47631865 58441703
47631865 152955764
581840862 58441703
57643910 57387833
152478786 58441703
58441703 27547055
563674949 58441703
45221270 58441703
152727505 58441703
210187679 152674550
210187679 210228309
152591781 58441703
305156948 58441703
836613192 128742348
154885812 58441703
547159046 58441703
152715191 58441703
152715191 57646095
152840367 27547055
152840367 32157345
126018672 65295089
126018672 58441703
65295089 126018672
65295089 57646095
65295089 152883502
65295089 210228309
65295089 210209885
65295089 27547055
581252182 58441703
581014977 58441703
210209885 210216598
210209885 27547055
210209885 58441703
141107587 58441703
582424266 58441703
152919150 27547055
152919150 57646095
152919150 58441703
57387833 152934164
57387833 47631865
57387833 152473975
57387833 58441703
57387833 152728851
57387833 44752164
155902811 58441703
210196969 57387833
210196969 58441703
210196969 15859590
152920081 58441703
806338775 58441703
601602858 58441703
152501348 57387833
152501348 58441703
481179017 58441703
44066684 58441703
