700262948 81482865
836611111 164792019
836611111 110246859
836611111 81482865
836611111 40165851
217136481 81482865
321514902 714073942
321514902 81482865
321514902 307529526
269296045 81482865
163847073 14329814
163847073 714073942
163847073 217136481
163847073 81482865
163847073 17166228
163847073 98939631
163847073 666803292
163847073 110246859
163847073 307529526
49313294 110246859
49313294 81482865
110246859 164792019
110246859 836611111
110246859 163847073
110246859 666803292
110246859 49313294
110246859 98939631
110246859 17166228
110246859 81482865
110246859 217136481
110246859 714073942
714073942 516583050
714073942 164792019
714073942 110246859
714073942 666803292
714073942 98939631
714073942 81482865
714073942 321514902
40165851 14329814
40165851 836611111
40165851 307529526
40165851 81482865
40165851 714073942
30395496 207656225
30395496 81482865
516583050 98939631
516583050 81482865
516583050 714073942
538577569 81482865
751788622 81482865
164792019 836611111
164792019 307529526
164792019 110246859
164792019 98939631
164792019 714073942
307529526 164792019
307529526 14329814
307529526 98939631
307529526 81482865
307529526 321514902
307529526 40165851
666803292 14329814
666803292 81482865
666803292 714073942
17166228 163847073
17166228 110246859
17166228 81482865
81482865 516583050
81482865 14329814
81482865 163099410
81482865 30395496
81482865 163847073
81482865 307529526
81482865 538577569
81482865 110246859
81482865 666803292
81482865 49313294
81482865 528609605
81482865 98939631
81482865 751788622
81482865 700262948
81482865 538349231
81482865 207656225
81482865 217136481
81482865 40165851
81482865 714073942
528609605 81482865
207656225 14329814
207656225 30395496
207656225 81482865
538349231 666803292
538349231 98939631
538349231 81482865
163099410 81482865
14329814 307529526
14329814 666803292
14329814 98939631
14329814 81482865
14329814 207656225
14329814 40165851
836610722 81482865
736123857 81482865
98939631 516583050
98939631 164792019
98939631 14329814
98939631 836611111
98939631 307529526
98939631 110246859
98939631 538349231
98939631 81482865
98939631 714073942
155570075 81482865
