48641910 60139356
57051301 60139356
60139356 12453648
72535477 60139356
637568161 60139356
139815469 60139356
224610605 60139356
58249394 60139356
13540883 12453648
13540883 60139356
12942245 12453648
12942245 60139356
321480302 12453648
321480302 60139356
12453648 60139356
836614416 60139356
224521517 12453648
325041478 60139356
11509395 60139356
32783859 60139356
57482294 12453648
836612473 60139356
798519787 60139356
44083079 60139356
56877811 60139356
836614666 60139356
34892327 60139356
20815814 60139356
652189190 60139356
97439703 12453648
97439703 60139356
72107896 60139356
52513374 60139356
44151923 60139356
836614343 836614666
44374537 60139356
57350727 12453648
40465645 60139356
128583452 60139356
82148852 60139356
56970485 60139356
54632150 60139356
44745824 12453648
44288413 12453648
2440348 60139356
11816338 12453648
11816338 60139356
45047434 60139356
43885045 60139356
54682046 48267533
54682046 60139356
52022615 60139356
22775365 60139356
666325239 60139356
58309618 60139356
127738336 12453648
152139527 60139356
60999962 60139356
57225085 60139356
306502450 60139356
61274110 12453648
61274110 60139356
529725566 60139356
128504368 60139356
11776598 12453648
11776598 60139356
45005931 60139356
48058047 60139356
49044955 12453648
49044955 60139356
836613666 12453648
45445459 12453648
51029711 60139356
36404295 60139356
49061587 60139356
43955565 60139356
696020871 60139356
44802193 60139356
57370164 60139356
15480557 60139356
72569349 60139356
52493153 60139356
48267533 60139356
648799874 60139356
57833022 60139356
127311808 60139356
754663868 60139356
52610807 60139356
