24421579 39408499
82584416 638018130
82584416 39408499
24432368 39408499
24432368 129771320
58303556 67449824
5337728 39408499
48079564 39408499
48079564 540388053
82407990 24432368
82407990 26921122
224401213 77903649
377324399 39408499
377324399 642274242
377324399 540388053
377324399 646988746
836611944 37940011
836611944 540388053
132293062 39408499
836614239 642274242
836614239 540388053
58461514 39408499
211525036 642274242
211525036 540388053
12977811 39408499
697350033 39408499
163880173 39408499
163880173 129771320
15263190 39408499
15263190 129771320
71298766 39408499
37940011 39408499
37940011 642274242
37940011 540388053
37940011 12977811
37940011 129771320
37940011 836611944
13175380 642274242
13175380 540388053
364190391 638018130
364190391 82584416
696914212 39408499
836613287 190419966
225111956 39408499
836613556 39408499
129771320 39408499
50884395 45510937
612675189 540388053
39749300 39408499
26921122 24432368
26921122 39408499
26921122 129771320
18368386 39408499
647000666 642274242
647000666 540388053
497850243 4737223
510894465 39408499
586786762 642274242
586786762 540388053
67449824 58303556
642274242 540388053
2263569 30599759
342674045 642274242
342674045 540388053
638018130 82584416
57484803 39408499
21148344 39408499
21148344 129771320
39408499 12977811
4737223 129771320
4737223 497850243
44894113 39408499
208514943 540388053
14037228 39408499
54393356 211525036
45510937 39408499
45510937 50884395
192272733 39408499
192272733 642274242
192272733 540388053
247229782 129771320
247229782 540388053
247229782 642274242
60319683 39408499
540388053 247229782
540388053 836614239
540388053 647000666
540388053 389511554
540388053 208514943
540388053 39408499
540388053 21148344
540388053 192272733
540388053 543709548
540388053 642274242
540388053 48079564
540388053 586786762
540388053 37940011
540388053 13175380
540388053 646988746
540388053 342674045
540388053 377324399
540388053 836611944
190419966 836613287
646988746 642274242
646988746 540388053
646988746 377324399
179488671 39408499
77903649 224401213
389511554 642274242
389511554 540388053
30599759 638018130
30599759 2263569
