33148940 34490455
166103459 836610917
160326829 528641545
160326829 651433066
160326829 203564400
131206158 112040866
651433066 203564400
651433066 62450269
651433066 160326829
203564400 651433066
203564400 99038025
203564400 160326829
203564400 528641545
203564400 297596609
203564400 34490455
203564400 220528217
203564400 299898895
528641545 252110480
528641545 203564400
528641545 160326829
62450269 651433066
135178018 713760854
137419108 759296
99038025 203564400
713760854 135178018
759296 137419108
759296 305559735
252110480 528641545
183759587 175598370
183759587 19334500
299898895 203564400
297596609 203564400
836610917 166103459
112040866 131206158
220528217 203564400
305559735 759296
529749235 141625097
34490455 33148940
34490455 203564400
175598370 691373567
141625097 529749235
691373567 175598370
