65268573 82528631
58254445 79778266
821914028 502747087
60282453 101327042
44232561 45222588
44232561 48537914
44232561 61239965
44232561 50874667
44232561 5804518
48708841 113438969
48708841 5804518
55247996 48060491
55247996 45222588
55247996 82528631
224040928 101327042
50858784 5804518
39962904 82528631
39962904 60092618
39962904 5804518
50874667 48060491
50874667 113438969
50874667 44232561
50874667 5804518
366190137 101327042
48537914 82528631
48537914 44232561
274420829 102428629
253899641 48716159
253899641 82528631
48716159 253899641
48716159 5804518
58331084 101327042
228451127 5804518
604201511 231008546
61239965 44232561
61239965 5804518
82528631 69075611
82528631 48060491
82528631 39962904
82528631 45222588
82528631 65268573
82528631 48537914
82528631 44796793
82528631 55247996
82528631 253899641
82528631 231008546
82528631 5804518
5804518 50874667
5804518 82528631
5804518 61239965
5804518 44232561
5804518 113438969
5804518 50858784
5804518 3928398
5804518 48060491
5804518 228451127
5804518 82400177
5804518 39962904
5804518 128695085
5804518 45222588
5804518 48708841
20087844 52393404
69075611 82528631
58364114 101327042
44796793 45222588
44796793 82528631
82400177 5804518
11837778 44457276
687011965 60282453
45222588 50858784
45222588 44796793
45222588 55247996
45222588 82528631
45222588 44232561
45222588 5804518
102428629 274420829
231008546 604201511
231008546 82528631
128695085 5804518
60092618 39962904
44725991 5804518
39922032 101327042
113438969 48060491
113438969 48708841
113438969 50874667
113438969 5804518
44457276 11837778
48060491 113438969
48060491 82528631
48060491 5804518
101327042 60282453
3928398 5804518
