57647823 57646590
57647823 57847332
582522615 25771406
582522615 57646590
582522615 57847332
59872308 25136526
59872308 35838433
59872308 57646590
20899071 35838433
20899071 57646590
20899071 57647484
20899071 152948162
20899071 127173162
728466451 31415083
210231178 57646590
210231178 57847332
210231178 152930886
210231178 132531582
57647484 20899071
57647484 35838433
57647484 31415083
57647484 25136526
57647484 57847332
51806412 127173162
67242970 67521746
90956664 127173162
298850818 31415083
24537811 67521746
57646590 20899071
57646590 25136526
57646590 214031277
57646590 59872308
57646590 582522615
57646590 57847332
57646590 127173162
57646590 58286449
57646590 210231178
57646590 57647823
57646590 31415083
57646590 57644609
229045009 127173162
27713535 90366582
27713535 35838433
27713535 27412491
27713535 67521746
27713535 31415083
27713535 132531582
27713535 57644609
214031277 57646590
132531582 27713535
298835889 24537811
25136526 59872308
25136526 57646590
25136526 57647484
90366582 27713535
210200159 31415083
10393428 127173162
27412491 27713535
57596643 24537811
48739780 127173162
836612439 833535140
163259536 127173162
31415083 27713535
31415083 728466451
31415083 57646590
31415083 152849902
31415083 67521746
31415083 57647484
31415083 35838433
31415083 298850818
31415083 152930886
31415083 57847332
31415083 57644609
57644609 27713535
57644609 132531582
35838433 20899071
35838433 27713535
35838433 59872308
35838433 57646590
35838433 57647484
35838433 27412491
35838433 31415083
57847332 152948162
57847332 210231178
57847332 57647484
57847332 57647823
57847332 31415083
57847332 582522615
127173162 90956664
152849902 31415083
152930886 127173162
152930886 210231178
152930886 57644609
67521746 24537811
67521746 27713535
67521746 67242970
67521746 31415083
152948162 20899071
152948162 27713535
152948162 35838433
152948162 57847332
833959126 127173162
112227700 230926775
583649012 127173162
58286449 57646590
