34084601 46919442
71705516 64663455
71705516 142776813
71705516 34907514
71705516 30097463
34907514 64663455
34907514 142776813
34907514 127894503
34907514 2553503
34907514 13515448
34907514 74965895
34907514 220845590
34907514 30097463
64663455 694553420
64663455 132461613
64663455 127894503
64663455 128263960
64663455 130221842
64663455 302714988
64663455 13515448
64663455 130715134
64663455 30097463
64663455 67233054
130715134 64663455
130715134 130221842
130715134 13515448
130715134 30097463
130715134 67233054
67233054 64663455
67233054 127894503
67233054 128263960
67233054 130221842
67233054 13515448
67233054 130715134
67233054 30097463
82356030 64663455
82356030 132461613
82356030 30097463
220845590 64663455
220845590 128263960
220845590 34907514
220845590 130221842
220845590 30097463
220845590 67233054
130221842 64663455
130221842 128263960
130221842 30097463
130221842 67233054
128263960 127894503
128263960 67233054
128263960 30097463
128263960 13515448
128263960 130221842
2553503 64663455
2553503 142776813
2553503 694553420
2553503 34907514
2553503 302714988
2553503 56356160
2553503 161148008
2553503 13515448
2553503 73882469
2553503 74965895
2553503 30097463
46919442 64663455
46919442 34084601
46919442 30097463
30097463 64663455
30097463 132461613
30097463 13515448
56356160 64663455
56356160 129267728
56356160 34907514
56356160 130221842
56356160 2553503
56356160 161148008
56356160 13515448
56356160 73882469
56356160 74965895
56356160 30097463
56356160 130715134
128504500 64663455
128504500 132461613
128504500 34907514
128504500 302714988
836613804 127894503
836613804 130221842
91943575 64663455
91943575 128263960
91943575 130221842
91943575 130715134
91943575 67233054
836614863 64663455
836614863 129267728
836614863 34907514
836614863 2553503
836614863 669965151
836614863 13515448
836614863 220845590
836614863 30097463
85169641 64663455
85169641 128790757
85169641 30097463
132461613 64663455
132461613 128504500
132461613 694553420
132461613 82356030
132461613 127894503
132461613 128263960
132461613 31524892
132461613 130221842
132461613 13515448
132461613 130715134
132461613 30097463
132461613 67233054
302714988 64663455
302714988 130221842
302714988 2553503
302714988 30097463
161148008 64663455
161148008 129267728
161148008 34907514
161148008 2553503
161148008 56356160
161148008 30097463
161148008 130715134
161148008 74965895
127894503 64663455
127894503 128263960
127894503 34907514
127894503 130221842
127894503 13515448
127894503 130715134
127894503 30097463
127894503 67233054
33299282 64663455
33299282 128263960
33299282 34907514
33299282 13515448
33299282 73882469
33299282 74965895
33299282 30097463
33299282 67233054
303036340 64663455
303036340 132461613
303036340 30097463
48963128 64663455
48963128 129267728
48963128 2553503
48963128 161148008
48963128 30097463
669965151 64663455
669965151 836614863
669965151 30097463
836611878 64663455
142776813 64663455
142776813 71705516
142776813 52057458
142776813 34907514
142776813 2553503
142776813 161148008
142776813 13515448
142776813 74965895
142776813 220845590
142776813 30097463
668843403 64663455
509096444 13515448
509096444 30097463
694553420 64663455
694553420 128263960
694553420 130221842
694553420 13515448
73882469 56356160
73882469 30097463
129267728 64663455
129267728 56356160
129267728 161148008
129267728 30097463
74965895 64663455
74965895 129267728
74965895 34907514
74965895 2553503
74965895 56356160
74965895 161148008
74965895 30097463
176607651 64663455
176607651 694553420
176607651 128790757
176607651 34907514
176607651 13515448
176607651 30097463
76896470 64663455
76896470 129267728
76896470 836614863
76896470 34907514
76896470 13515448
76896470 30097463
76896470 130715134
52057458 142776813
52057458 74965895
836614768 64663455
836614768 30097463
31524892 64663455
31524892 132461613
31524892 30097463
128790757 64663455
128790757 176607651
128790757 34907514
128790757 30097463
13515448 64663455
13515448 127894503
13515448 128263960
13515448 34907514
13515448 130221842
13515448 67233054
13515448 30097463
13515448 130715134
181584256 64663455
181584256 129267728
181584256 30097463
