57646539 72060985
57646539 57653353
57646539 57643568
57646539 57650147
57646539 152593839
57646539 38405456
57646539 101699381
501147534 4806761
501147534 581445405
501147534 58363294
501147534 57643913
501147534 57650147
501147534 210273604
501147534 57647998
5716252 38405456
5716252 139095689
207355886 54416541
207355886 58270295
301277081 58270295
152726376 57643913
152726376 359366824
152726376 107477050
152726376 52572204
152726376 57647998
68881882 38405456
107477050 57646087
107477050 175151866
107477050 57643764
107477050 58162980
107477050 214927763
107477050 57643913
107477050 152593839
107477050 20435056
107477050 359366824
107477050 57648704
107477050 166488644
107477050 31492004
107477050 38405456
107477050 29201169
107477050 101699381
107477050 210196130
107477050 57647998
107477050 7585266
57643764 57646087
57643764 210197401
57643764 57648259
57643764 54912254
57643764 357438221
57643764 57653353
57643764 58363294
57643764 107477050
57643764 57650147
57643764 57648320
57643764 57646539
57643764 152447534
57643764 101699900
57643764 101699381
57643764 57647998
251850259 54416541
210241872 57643913
210241872 38405456
210241872 101699381
210241872 139095689
210241872 57647998
58347167 4806761
58347167 57650147
58347167 57648704
58347167 210191328
58347167 359366879
39006335 57643913
39006335 57650147
39006335 210282292
50651867 57648259
57653353 175151866
57653353 152957764
57653353 57643764
57653353 152529833
57653353 57648259
57653353 54912254
57653353 57643568
57653353 57650147
57653353 152593839
57653353 20435056
57653353 359366824
57653353 210191328
57653353 61383872
57653353 57646539
57653353 210282292
57653353 57647998
581445405 175151866
581445405 152529833
581445405 54912254
581445405 57643568
581445405 57643913
581445405 501147534
581445405 57650147
581445405 57648320
581445405 359366824
581445405 152921331
210282292 175151866
210282292 152529833
210282292 57648259
210282292 54912254
210282292 162852569
210282292 57653353
210282292 57643568
210282292 39006335
210282292 57650147
210282292 57648320
210282292 20435056
210282292 359366824
210282292 57648704
210282292 210191328
210282292 57648633
210282292 57646539
210282292 634127576
210282292 57647998
20435056 175151866
20435056 57648259
20435056 57653353
20435056 214927763
20435056 107477050
20435056 57643568
20435056 57650147
20435056 38405456
20435056 210282292
20435056 57647998
166488644 107477050
166488644 38405456
152838999 57643913
152838999 39006335
152838999 7585266
152921331 58162980
152921331 152593839
152921331 57648320
152921331 74016916
152921331 50651867
152921331 57647998
152921331 7585266
175151866 72060985
175151866 581349599
175151866 57646087
175151866 581445405
175151866 152529833
175151866 57648259
175151866 54912254
175151866 57653353
175151866 107477050
175151866 57650147
175151866 152593839
175151866 20435056
175151866 359366824
175151866 57648704
175151866 210191328
175151866 61383872
175151866 152730707
175151866 359366879
175151866 210282292
175151866 57647998
54912254 152545828
54912254 57646087
54912254 175151866
54912254 210197401
54912254 57643764
54912254 57653353
54912254 58162980
54912254 57650147
54912254 57648704
54912254 52572204
54912254 210282292
54912254 57647998
57648633 4806761
57648633 57643913
57648633 152593839
57648633 57648320
57648633 57648704
57648633 61383872
57648633 31492004
57648633 38405456
57646374 57646087
58133779 298852024
101699900 152545828
101699900 57646087
101699900 210197401
101699900 57643764
101699900 107477050
101699900 155858797
101699900 57650147
101699900 38405456
58162980 54912254
58162980 210278025
58162980 107477050
58162980 57643913
58162980 61383872
58162980 52572204
58162980 152921331
58162980 38405456
58162980 57647998
58162980 7585266
634127576 57650147
634127576 210282292
58270295 677284988
58270295 56935026
58270295 207355886
58270295 301277081
58270295 298852024
58270295 57647998
58270295 251850259
298852024 56935026
298852024 58133779
298852024 58270295
298852024 251850259
31492004 107477050
31492004 38405456
58363294 57643764
58363294 57643913
58363294 501147534
58363294 57647998
423228008 74016916
38405456 210241872
38405456 68881882
38405456 210197401
38405456 58162980
38405456 27464619
38405456 214927763
38405456 107477050
38405456 57650147
38405456 51693883
38405456 152593839
38405456 57648320
38405456 20435056
38405456 359366824
38405456 152732084
38405456 57648704
38405456 57648633
38405456 74016916
38405456 166488644
38405456 61383872
38405456 210242753
38405456 57646539
38405456 5716252
38405456 31492004
38405456 101699900
38405456 152730707
38405456 101699381
152621856 359366824
152621856 101699381
152730707 175151866
152730707 57650147
152730707 38405456
152730707 152838706
152730707 7585266
61383872 4806761
61383872 175151866
61383872 57648259
61383872 57653353
61383872 58162980
61383872 57643568
61383872 57643913
61383872 152728598
61383872 57650147
61383872 57648320
61383872 57648704
61383872 57648633
61383872 38405456
61383872 29201169
61383872 152838706
61383872 57647998
51693883 210278025
51693883 57643913
51693883 38405456
51693883 101699381
51693883 7585266
45058688 4806761
57648320 210241872
57648320 581445405
57648320 152957764
57648320 57643764
57648320 47180236
57648320 57643568
57648320 57650147
57648320 359366824
57648320 57648704
57648320 210191328
57648320 57648633
57648320 61383872
57648320 52572204
57648320 152921331
57648320 38405456
57648320 210282292
57648320 101699381
57648320 57647998
210197401 57643764
210197401 54912254
210197401 57643568
210197401 152593839
210197401 359366824
210197401 101699900
210197401 38405456
210197401 57647998
47180236 57646087
47180236 57650147
47180236 152593839
47180236 57648320
359366824 4806761
359366824 72060985
359366824 175151866
359366824 581445405
359366824 210197401
359366824 57653353
359366824 214927763
359366824 107477050
359366824 57643568
359366824 152728598
359366824 57650147
359366824 152593839
359366824 57648320
359366824 57648704
359366824 210242753
359366824 52572204
359366824 38405456
359366824 210282292
359366824 152621856
359366824 57647998
359366824 152726376
57650147 72060985
57650147 57646087
57650147 175151866
57650147 581445405
57650147 57643764
57650147 152529833
57650147 57648259
57650147 47180236
57650147 54912254
57650147 57653353
57650147 27464619
57650147 214927763
57650147 57643568
57650147 57643913
57650147 39006335
57650147 58413966
57650147 501147534
57650147 152728598
57650147 155858797
57650147 58347167
57650147 152593839
57650147 57648320
57650147 20435056
57650147 359366824
57650147 57648704
57650147 61383872
57650147 57646539
57650147 796530627
57650147 69228547
57650147 152447534
57650147 101699900
57650147 38405456
57650147 152730707
57650147 634127576
57650147 210282292
57650147 101699381
57650147 57647998
4806761 45058688
4806761 57643913
4806761 501147534
4806761 155858797
4806761 58347167
4806761 359366824
4806761 57648633
4806761 61383872
56935026 298852024
56935026 58270295
357438221 57643764
72060985 175151866
72060985 214927763
72060985 57643568
72060985 57650147
72060985 152593839
72060985 359366824
72060985 57646539
72060985 57647998
796530627 57650147
796530627 152593839
152545828 152593839
152545828 152447534
152545828 54912254
152732084 152529833
152732084 38405456
54416541 207355886
54416541 11993826
54416541 251850259
359366879 175151866
359366879 58347167
101699381 210241872
101699381 57643764
101699381 57648259
101699381 107477050
101699381 57643913
101699381 57650147
101699381 51693883
101699381 57648320
101699381 74016916
101699381 57646539
101699381 38405456
101699381 152621856
101699381 57647998
57648259 175151866
57648259 152957764
57648259 57643764
57648259 57653353
57648259 57643568
57648259 57650147
57648259 152593839
57648259 20435056
57648259 57648704
57648259 61383872
57648259 210282292
57648259 101699381
57648259 50651867
57648259 57647998
152529833 175151866
152529833 581445405
152529833 57653353
152529833 57650147
152529833 152732084
152529833 57648704
152529833 210191328
152529833 210282292
11993826 58133779
11993826 54416541
52572204 54912254
52572204 210278025
52572204 58162980
52572204 155858797
52572204 152593839
52572204 359366824
52572204 5716252
52572204 57647998
52572204 152726376
52572204 7585266
152957764 57648259
152957764 57653353
152957764 57648320
152957764 152567856
152957764 57647998
57648704 57646087
57648704 175151866
57648704 152529833
57648704 57648259
57648704 54912254
57648704 27464619
57648704 107477050
57648704 57643568
57648704 57643913
57648704 155858797
57648704 57650147
57648704 58347167
57648704 57648320
57648704 359366824
57648704 57648633
57648704 74016916
57648704 61383872
57648704 38405456
57648704 210282292
57648704 57647998
57648704 7585266
210196130 57646087
210196130 107477050
69228547 57643913
69228547 152728598
69228547 155858797
69228547 57650147
210242753 57643568
210242753 57643913
210242753 359366824
210242753 74016916
210242753 38405456
210242753 57647998
29201169 57643913
29201169 61383872
836611157 57643913
806253726 57643913
155858797 4806761
155858797 210278025
155858797 57650147
155858797 57648704
155858797 52572204
155858797 99759688
155858797 101699900
57643568 72060985
57643568 57646087
57643568 581445405
57643568 210197401
57643568 57643764
57643568 57648259
57643568 57653353
57643568 57643913
57643568 57650147
57643568 57648320
57643568 20435056
57643568 359366824
57643568 57648704
57643568 210191328
57643568 74016916
57643568 61383872
57643568 210242753
57643568 57646539
57643568 210282292
57643568 57647998
99759688 57643913
99759688 155858797
152728598 107477050
152728598 57650147
152728598 359366824
152728598 61383872
152728598 69228547
152728598 57647998
152447534 152545828
152447534 57643764
152447534 57650147
58413966 57650147
58413966 57647998
27464619 57643913
27464619 57650147
27464619 57648704
27464619 38405456
27464619 7585266
57643913 4806761
57643913 57646087
57643913 210241872
57643913 806253726
57643913 581445405
57643913 836611157
57643913 210278025
57643913 58162980
57643913 27464619
57643913 107477050
57643913 57643568
57643913 501147534
57643913 155858797
57643913 57650147
57643913 51693883
57643913 152593839
57643913 405016854
57643913 57648704
57643913 57648633
57643913 61383872
57643913 210242753
57643913 99759688
57643913 69228547
57643913 29201169
57643913 101699381
57643913 152567856
57643913 7585266
581349599 175151866
210191328 175151866
210191328 152529833
210191328 57653353
210191328 107477050
210191328 57643568
210191328 58347167
210191328 210282292
210191328 57647998
7585266 27464619
7585266 152921331
7585266 58162980
7585266 107477050
7585266 152730707
7585266 152838999
7585266 57648704
7585266 52572204
7585266 51693883
7585266 57643913
7585266 11993826
7585266 57647998
139095689 5716252
152593839 152545828
152593839 72060985
152593839 175151866
152593839 57648259
152593839 47180236
152593839 57653353
152593839 107477050
152593839 57643913
152593839 57650147
152593839 359366824
152593839 57648633
152593839 52572204
152593839 57646539
152593839 152921331
152593839 38405456
152593839 57647998
152567856 152957764
152567856 57643913
162852569 210282292
152838706 61383872
152838706 152730707
57647998 57648704
57647998 74016916
57647998 57643568
57647998 58162980
57647998 101699381
57647998 57648320
57647998 61383872
57647998 210242753
57647998 57648259
57647998 57643764
57647998 58363294
57647998 210241872
57647998 57646087
57647998 107477050
57647998 152921331
57647998 175151866
57647998 152728598
57647998 57650147
57647998 58270295
57647998 210197401
57647998 54912254
57647998 52572204
57647998 210191328
57647998 57653353
57647998 359366824
57647998 20435056
57647998 152957764
57647998 210282292
57647998 58413966
57647998 72060985
57647998 152593839
57647998 501147534
57647998 152726376
57647998 7585266
210278025 58162980
210278025 57643913
210278025 155858797
210278025 51693883
35892890 152593839
677284988 58270295
210273604 57643913
210273604 501147534
74016916 57643568
74016916 57648704
74016916 210242753
74016916 423228008
74016916 38405456
74016916 101699381
74016916 57647998
57646087 175151866
57646087 57646374
57646087 57643764
57646087 47180236
57646087 54912254
57646087 107477050
57646087 57643568
57646087 57643913
57646087 57650147
57646087 57648704
57646087 101699900
57646087 210196130
57646087 57647998
214927763 72060985
214927763 107477050
214927763 57650147
214927763 20435056
214927763 359366824
214927763 38405456
