607637072 127232458
44145391 127232458
86396352 127232458
167405873 127232458
84568745 127232458
26521058 127232458
95296847 127232458
317887805 127232458
132572379 127232458
221284073 127232458
339717283 127232458
131686609 127232458
783254171 127232458
128282303 127232458
156592033 127441147
319204553 127232458
279464492 127232458
85881473 127232458
312419989 127232458
458663767 127232458
44716193 127232458
619874342 127232458
214900392 127232458
161511127 127232458
127441147 127232458
358693622 127232458
