163854705 38883254
788745700 298849055
40596314 38883254
61769821 26656359
61769821 100862762
61769821 38883254
61769821 130257536
61769821 58138300
61769821 649749028
61769821 58025646
61769821 299477731
649749028 26656359
649749028 132639990
195704319 38883254
58025409 38883254
234030668 38883254
58024837 38883254
298849055 58138300
298849055 788745700
31184163 38883254
17247728 26656359
17247728 38883254
51671344 26656359
677250139 38883254
6837820 26656359
6837820 100862762
6837820 38883254
383315761 38883254
12044831 38883254
58367247 692862216
58367247 38883254
58329975 38883254
58138300 298849055
58138300 65319116
58138300 100862762
58138300 38883254
58138300 130257536
58138300 61769821
58138300 58025646
58138300 299477731
130257536 58138300
130257536 649749028
130257536 61769821
130257536 26656359
130257536 100862762
130257536 38883254
130257536 58024837
26656359 649749028
26656359 17247728
26656359 61769821
26656359 49343001
26656359 58025646
26656359 65319116
26656359 58252487
26656359 51671344
26656359 17447325
26656359 32598244
26656359 100862762
26656359 38883254
26656359 6837820
26656359 130257536
26656359 692862216
26656359 299477731
299477731 26656359
299477731 649749028
299477731 61769821
299477731 100862762
299477731 58138300
299477731 38883254
299477731 65319116
299477731 58025646
299477731 692862216
299477731 17447325
38883254 58138300
38883254 17247728
38883254 49343001
38883254 58025646
38883254 65319116
38883254 26656359
38883254 40270372
38883254 234030668
38883254 383315761
38883254 40596314
38883254 12044831
38883254 132639990
38883254 58024837
38883254 130257536
38883254 692862216
682665927 58024837
65319116 58138300
65319116 26656359
65319116 100862762
65319116 38883254
32598244 26656359
58025646 26656359
58025646 100862762
58025646 38883254
58025646 58138300
58025646 61769821
692862216 38883254
17447325 26656359
17447325 38883254
17447325 299477731
40270372 38883254
49343001 58138300
49343001 298849055
49343001 26656359
49343001 692862216
49343001 38883254
132639990 38883254
100862762 58138300
100862762 649749028
100862762 61769821
100862762 58025646
100862762 65319116
100862762 26656359
100862762 51671344
100862762 38883254
100862762 682665927
100862762 6837820
100862762 58024837
100862762 130257536
