77681812 155344684
77681812 57381788
77681812 62417419
77681812 35028739
77681812 60697919
77681812 127177899
77681812 29930434
105676833 28815369
105676833 10501475
164149290 127177899
51663590 155344684
51663590 49839677
51663590 138149351
51663590 62417419
51663590 35028739
51663590 30532862
51663590 199000889
51663590 210282203
51663590 58299450
51663590 60697919
51663590 127177899
51663590 50615254
51663590 26172932
51663590 45640397
252159008 127177899
58074784 155344684
58074784 57381788
58074784 49839677
58074784 35028739
58074784 60697919
58074784 127177899
58074784 29930434
58074784 45640397
58074784 26172932
28815369 30532862
28815369 105676833
28815369 60697919
28815369 26172932
28815369 158185260
320370231 127177899
58010457 155344684
58010457 127177899
58010457 45640397
210282203 155344684
210282203 57381788
210282203 49839677
210282203 62417419
210282203 51663590
210282203 155344887
210282203 35028739
210282203 199000889
210282203 60697919
210282203 127177899
210282203 155344681
210282203 45640397
210282203 26172932
56324962 127177899
57381788 155344684
57381788 58074784
57381788 49839677
57381788 77681812
57381788 138149351
57381788 62417419
57381788 155344887
57381788 35028739
57381788 199000889
57381788 210282203
57381788 644084528
57381788 58299450
57381788 60697919
57381788 127177899
57381788 29930434
57381788 155344681
57381788 45640397
57381788 26172932
57381788 50615254
579508878 127177899
44572165 127177899
10501475 29930434
10501475 30532862
10501475 127177899
10501475 58381006
10501475 45640397
10501475 105676833
3397591 127177899
45153109 127177899
114636502 155344684
45640397 155344684
45640397 57381788
45640397 58074784
45640397 158232794
45640397 49839677
45640397 77681812
45640397 3355422
45640397 62417419
45640397 51663590
45640397 58010457
45640397 155344887
45640397 35028739
45640397 199000889
45640397 210282203
45640397 71298515
45640397 644084528
45640397 58299450
45640397 54418676
45640397 60697919
45640397 127177899
45640397 58297888
45640397 510772116
45640397 155344681
45640397 26172932
45640397 50615254
45640397 10501475
45640397 644086867
54418615 298856383
54418615 127177899
102383782 29692885
102383782 60697919
102383782 155344681
102383782 127177899
45070980 127177899
599255476 127177899
155344887 155344684
155344887 57381788
155344887 62417419
155344887 35028739
155344887 199000889
155344887 210282203
155344887 50615254
155344887 26172932
155344887 45640397
155344887 155344681
155344887 127177899
155344887 60697919
155344887 58299450
155344684 57381788
155344684 49839677
155344684 77681812
155344684 62417419
155344684 58010457
155344684 155344887
155344684 114636502
155344684 35028739
155344684 60697919
155344684 127177899
155344684 50615254
155344684 26172932
155344684 45640397
50615254 155344684
50615254 57381788
50615254 49839677
50615254 62417419
50615254 51663590
50615254 155344887
50615254 35028739
50615254 210282203
50615254 60697919
50615254 127177899
50615254 155344681
50615254 45640397
50615254 26172932
129028435 127177899
155344681 155344684
155344681 57381788
155344681 62417419
155344681 155344887
155344681 102383782
155344681 35028739
155344681 210282203
155344681 58299450
155344681 60697919
155344681 127177899
155344681 434524700
155344681 50615254
155344681 26172932
155344681 45640397
1761560 29692885
205890947 127177899
644086867 127177899
644086867 58381006
26172932 155344684
26172932 57381788
26172932 158232794
26172932 49839677
26172932 77681812
26172932 138149351
26172932 62417419
26172932 51663590
26172932 155344887
26172932 35028739
26172932 30532862
26172932 39349538
26172932 28815369
26172932 71298515
26172932 644084528
26172932 60697919
26172932 127177899
26172932 29930434
26172932 45640397
26172932 434524700
26172932 644086867
71298515 158232794
71298515 49839677
71298515 77681812
71298515 138149351
71298515 62417419
71298515 34875184
71298515 35028739
71298515 30532862
71298515 28815369
71298515 58299450
71298515 60697919
71298515 127177899
71298515 45640397
71298515 26172932
10244602 127177899
199000889 57381788
199000889 58074784
199000889 158232794
199000889 62417419
199000889 45640397
199000889 127177899
199000889 210282203
199000889 35028739
199000889 155344887
30532862 49839677
30532862 138149351
30532862 127177899
30532862 29930434
55926559 127177899
58092642 30532862
58092642 127177899
54418676 57381788
54418676 26172932
54418676 45640397
54418676 127177899
54418676 30532862
54418676 35028739
54418676 77681812
663279249 49839677
663279249 127177899
60697919 155344684
60697919 57381788
60697919 58074784
60697919 77681812
60697919 3355422
60697919 62417419
60697919 51663590
60697919 155344887
60697919 102383782
60697919 35028739
60697919 30532862
60697919 210282203
60697919 28815369
60697919 71298515
60697919 58299450
60697919 127177899
60697919 58297888
60697919 155344681
60697919 45640397
60697919 26172932
60697919 50615254
60697919 644086867
68951111 49839677
298856383 49839677
298856383 127177899
298856383 54418615
434524700 58299450
434524700 26172932
161141306 28815369
307342831 127177899
29692885 102383782
29692885 1761560
67928529 127177899
54406151 35028739
54406151 127177899
11776474 127177899
11776474 599255476
58297888 155344684
58297888 49839677
58297888 77681812
58297888 62417419
58297888 35028739
58297888 30532862
58297888 60697919
58297888 127177899
58297888 29930434
58297888 45640397
58297888 26172932
127182241 49839677
127182241 138149351
97482642 49839677
97482642 127177899
605161421 127177899
58381006 10501475
82639725 127177899
158185260 28815369
301391679 127177899
49839677 138149351
49839677 127182241
49839677 30532862
49839677 127177899
49839677 29930434
3355422 57381788
3355422 77681812
3355422 62417419
3355422 30532862
3355422 60697919
3355422 127177899
3355422 45640397
3355422 26172932
735118533 127177899
397272130 127177899
34875184 35028739
138149351 49839677
138149351 127177899
221027326 127177899
39349538 127177899
39349538 26172932
22509894 127177899
58320035 49839677
58320035 30532862
58320035 127177899
510772116 155344684
510772116 127177899
510772116 45640397
510772116 26172932
302215824 127177899
85843486 127177899
62417419 155344684
62417419 57381788
62417419 49839677
62417419 77681812
62417419 138149351
62417419 155344887
62417419 35028739
62417419 30532862
62417419 210282203
62417419 644084528
62417419 58299450
62417419 60697919
62417419 127177899
62417419 29930434
62417419 45640397
62417419 26172932
62417419 50615254
64814550 127177899
33033180 127177899
127177899 155344684
127177899 49839677
127177899 77681812
127177899 138149351
127177899 51663590
127177899 35028739
127177899 30532862
127177899 29930434
127177899 45640397
127177899 26172932
127177899 50615254
127177899 599255476
447919264 127177899
35028739 155344684
35028739 57381788
35028739 77681812
35028739 138149351
35028739 62417419
35028739 51663590
35028739 155344887
35028739 34875184
35028739 210282203
35028739 60697919
35028739 127177899
35028739 29930434
35028739 45640397
35028739 26172932
35028739 50615254
644084528 155344684
644084528 57381788
644084528 26172932
644084528 45640397
644084528 127177899
644084528 35028739
644084528 62417419
456793931 127177899
58299450 57381788
58299450 62417419
58299450 51663590
58299450 155344887
58299450 71298515
58299450 434524700
58299450 45640397
58299450 155344681
58299450 127177899
58299450 60697919
535981088 127177899
836612726 127177899
45414269 30532862
137990021 127177899
158232794 26172932
260393178 127177899
29930434 57381788
29930434 49839677
29930434 77681812
29930434 138149351
29930434 35028739
29930434 30532862
29930434 127177899
29930434 26172932
29930434 10501475
479722340 30532862
49025796 49839677
