13953349 273294348
13953349 112809643
13953349 26936937
100805725 54355991
37486388 112809643
45161793 205885112
257893631 112809643
836614545 112809643
171756891 112809643
570932631 112809643
26936937 112809643
26936937 13953349
99184156 112809643
56583429 112809643
150009021 112809643
457443367 17563936
457443367 112809643
434905633 112809643
327517293 112809643
48588148 112809643
48964251 112809643
33380386 112809643
521731400 112809643
203929184 17563936
203929184 112809643
604847342 112809643
82640925 112809643
273370937 112809643
31845938 30744590
346122353 112809643
67745406 54434520
67745406 112809643
82668221 112809643
55048224 112809643
112809643 32957149
172829270 112809643
10687696 112809643
323013585 112809643
24655819 54355991
24655819 112809643
323144268 112809643
54355991 24655819
54355991 100805725
151355721 112809643
54434520 67745406
54434520 24655819
32957149 112809643
82665788 112809643
12985779 112809643
182257993 112809643
147928435 112809643
45037194 112809643
205885112 45161793
273294348 13953349
299282942 112809643
17563936 112809643
239608137 112809643
220764413 112809643
836614874 112809643
23418031 112809643
51989067 112809643
86032068 112809643
30744590 31845938
260646531 112809643
302145908 112809643
35058348 112809643
