28596515 58470251
28596515 8595628
30547050 133795823
25858287 24734151
25858287 32329862
68993855 8595628
68993855 17672003
68993855 28841327
17672003 8595628
152432484 20435056
57747803 17672003
40606585 107856317
152938196 32329862
152938196 19648247
152938196 67737010
8595628 32857014
8595628 6270962
357364735 17672003
24734151 302412138
24734151 10343825
24734151 32857014
24734151 6270962
24734151 67737010
24734151 25858287
24734151 7926955
24734151 58470251
24734151 17672003
24734151 8595628
28729094 17672003
28729094 8595628
18687208 6270962
18687208 8595628
107856317 58480396
107856317 32329862
107856317 90844018
107856317 11490072
107856317 130374177
107856317 155456092
20435056 90844018
20435056 152432484
133795823 152912960
133795823 30547050
58480396 107856317
58480396 32857014
58480396 58470251
58480396 8595628
142525138 8595628
51701245 207069988
18345809 17672003
6270962 32857014
6270962 8595628
32329862 107856317
32329862 302412138
32329862 10343825
32329862 19648247
32329862 210271319
32329862 152938196
32329862 152953902
32329862 67737010
32329862 25858287
32329862 57650568
155456092 107856317
155456092 155833994
11490072 107856317
302412138 24734151
302412138 32329862
130723150 57649329
130723150 7926955
58446882 6270962
58446882 8595628
58446882 17672003
7926955 130374177
7926955 24734151
7926955 107856317
19648247 32329862
19648247 152938196
57649329 10343825
57649329 130723150
57649329 152633984
101695878 107856317
101695878 152912960
58445491 8595628
57070761 8595628
490446898 298838738
58432934 8595628
32857014 6270962
32857014 8595628
128501710 17672003
130374177 107856317
130374177 28841327
130374177 155833994
152953902 32329862
28841327 68993855
28841327 107856317
28841327 18345809
28841327 11490072
28841327 57649329
28841327 210271319
28841327 152907404
28841327 130374177
28841327 57650568
28841327 7926955
25337075 57764538
25337075 58470251
25337075 8595628
298838738 490446898
128732839 18345809
128732839 155833994
57650568 67737010
57650568 28841327
90844018 107856317
90844018 20435056
210271319 32329862
155833994 128732839
155833994 130374177
155833994 155456092
67737010 128732839
67737010 24734151
67737010 32329862
67737010 152938196
67737010 152633984
67737010 57650568
67737010 133795823
12657928 17672003
12657928 8595628
57764538 8595628
57764538 58432934
57764538 25337075
154884691 8595628
58470251 58480396
58470251 25337075
58470251 32857014
58470251 8595628
152633984 223834492
152633984 57649329
152633984 581252148
10343825 24734151
10343825 32329862
10343825 57649329
