51512343 127205666
177284113 421440356
177284113 127205666
270378784 127205666
32880732 127205666
35484495 127205666
35484495 57847516
299266525 127205666
299266525 123627642
54422322 127205666
107658950 30430155
24574455 127205666
24574455 57847516
123627642 127205666
123627642 299266525
156893406 127205666
8286512 127205666
91927342 127205666
91927342 9523164
91927342 21098132
91927342 57847516
179585464 127205666
200003019 127205666
200003019 199812727
200003019 199671919
200003019 57847516
86234616 127205666
129266436 127205666
50858317 127205666
200058431 127205666
200058431 57847516
102813823 30430155
49344232 127205666
38861538 421440356
38861538 127205666
199677555 127205666
9523164 127205666
9523164 91927342
82542731 127205666
785133391 127205666
83648599 127205666
21098132 91927342
21098132 73342703
498619398 127205666
26498484 127205666
26498484 57847516
152630003 127205666
836613161 127205666
55464621 127205666
55464621 155487439
40413096 200003019
40413096 127205666
40413096 57847516
687006087 127205666
26901877 127205666
38134311 127205666
508846061 127205666
99106512 30430155
99106512 127205666
42414978 127205666
199800461 30430155
199800461 127205666
836611989 127205666
262786885 127205666
299509071 127205666
178030682 127205666
268782966 127205666
16965430 127205666
199671919 127205666
35957254 127205666
30430155 127205666
55521498 127205666
165438084 127205666
68916228 30430155
687030966 127205666
155487439 55464621
155487439 35484495
73342703 21098132
73342703 127205666
107674284 30430155
7851476 127205666
230846280 127205666
199782622 127205666
218436448 57847516
57392206 30430155
