657607701 57069330
17973661 72457553
17973661 500022517
17973661 82666194
15313544 60081052
15313544 5944255
15313544 66986366
15313544 114071558
15313544 82356006
131568871 72457553
131568871 127540833
43893847 5944255
44995439 5944255
56973459 58154277
56973459 72457553
56973459 127540833
152671231 82666194
401821404 57069330
82666194 58154277
82666194 54181590
82666194 500022517
82666194 152679682
82666194 123530745
82666194 99795048
82666194 57653186
82666194 152671231
82666194 17973661
66986366 15313544
72457553 56973459
72457553 23609835
72457553 127540833
72457553 99795048
72457553 17973661
23609835 72457553
23609835 22574141
73947703 72457553
643786713 127540833
58154277 56973459
58154277 82666194
58154277 123530745
500022517 82666194
500022517 79087377
500022517 17973661
189801606 57069330
189801606 57067872
37643382 15313544
695803034 57069330
262684871 15313544
51659935 5944255
57450417 127540833
114071558 15313544
4998125 72457553
4998125 57653186
50853563 5944255
120615031 5944255
367652924 57070111
367652924 57069330
57069330 57070150
57069330 657607701
57069330 57067872
57069330 401821404
57069330 57070111
57069330 189801606
57069330 196885792
57069330 97271708
57069330 695803034
57069330 216087847
57069330 367652924
57067872 57069330
57067872 57070111
57067872 189801606
57067872 196885792
97271708 5944255
97271708 15313544
5944255 60081052
5944255 15313544
602549499 57069330
99795048 54181590
99795048 82666194
99795048 123530745
99795048 72457553
152679682 82666194
127540833 5944255
127540833 72457553
123530745 58154277
123530745 82666194
123530745 57653186
49417168 5944255
79847116 72457553
82356006 15313544
118340880 127540833
196885792 57069330
196885792 57067872
54181590 82666194
54181590 99795048
57653186 82666194
57653186 123530745
57653186 4998125
57070111 57069330
57070111 60081052
57070111 57070150
57070111 216087847
57070111 57067872
57070111 18435679
57070111 189801606
57070111 367652924
159621727 114071558
836614328 60081052
60081052 15313544
