200058382 58525902
274911423 58525902
812610848 58525902
147418755 58525902
45240546 58525902
57456642 58525902
57456642 23134542
107669423 58525902
705596623 58525902
167865686 58525902
105320443 58525902
299159679 58525902
139700410 58525902
228969796 58525902
58352084 58525902
58352084 57653260
57653260 58525902
57653260 57192128
57653260 58352084
302572883 58525902
82776418 8105911
82776418 58525902
163552958 58097288
163552958 155693031
163552958 602511006
163552958 38861538
599478113 58525902
31142505 58525902
73526993 58525902
52608690 58525902
369246982 31287960
230612189 58525902
199954149 58525902
836612109 58525902
580963239 58525902
27544442 58525902
602511006 163552958
58288955 58525902
58288955 134735456
358175257 58525902
40326985 58525902
152447026 606396526
152447026 58525902
305910389 23134542
299217190 58525902
606396526 58525902
606396526 152447026
182644935 58525902
58107411 155693031
58107411 58525902
58107411 23134542
58107411 163552958
269969921 58525902
665986523 58525902
359469067 58525902
79666832 58525902
107665328 134735456
107665328 58525902
26738008 58525902
107668359 58525902
21507587 58525902
138609351 58525902
155693031 163552958
57192128 58525902
57192128 57653260
128521568 58525902
687021287 58525902
