350155416 528346280
350155416 151846897
350155416 528706537
350155416 310591413
76023508 49234805
76023508 128669525
76023508 58049591
76023508 151846897
92199097 685424404
92199097 128669525
92199097 58049591
92199097 168651450
92199097 151846897
58049591 133945429
58049591 528706537
58049591 195186447
58049591 76023508
58049591 128669525
168651450 76023508
168651450 310591413
168651450 195186447
168651450 151846897
168651450 210991911
168651450 128669525
168651450 300250733
168651450 58049591
168651450 6164030
310591413 697812013
310591413 58099580
310591413 302804816
310591413 49480470
310591413 788884594
310591413 195186447
310591413 160462889
310591413 350155416
310591413 685401228
310591413 128834989
310591413 528706537
310591413 76023508
310591413 151846897
310591413 133945429
310591413 528346280
310591413 168651450
310591413 58049591
310591413 58095172
310591413 128669525
310591413 300250733
310591413 545028287
310591413 58423719
300250733 151846897
300250733 168651450
300250733 528346280
300250733 195186447
300250733 697812013
300250733 310591413
300250733 302804816
300250733 58423719
300250733 58099580
300250733 65406901
528346280 310591413
528346280 49480470
528346280 195186447
528346280 350155416
528346280 528706537
528346280 151846897
528346280 300250733
528346280 545028287
528346280 58423719
58095172 195186447
58095172 49234805
58095172 151846897
58492204 210991911
58492204 58049591
128669525 49234805
128669525 57467672
128669525 128834989
128669525 92199097
128669525 58049591
128669525 166898967
128669525 76023508
128669525 58099580
128669525 58423719
17407581 168651450
17407581 58049591
166898967 685401228
166898967 128669525
65406901 49234805
65406901 195186447
65406901 128834989
65406901 76023508
65406901 133945429
65406901 168651450
65406901 58049591
65406901 300250733
128834989 697812013
128834989 310591413
128834989 195186447
128834989 528706537
128834989 151846897
128834989 65406901
128834989 58423719
128834989 128669525
128834989 545028287
697812013 310591413
697812013 302804816
697812013 49480470
697812013 195186447
697812013 128834989
697812013 685416117
697812013 528706537
697812013 151846897
697812013 528346280
697812013 58492204
697812013 58049591
697812013 128669525
697812013 300250733
697812013 545028287
697812013 58423719
302804816 210991911
302804816 697812013
302804816 58099580
302804816 310591413
302804816 195186447
302804816 151846897
302804816 128669525
302804816 300250733
302804816 58423719
302804816 58049591
160462889 151846897
698839020 58423719
15735768 128669525
91266573 49480470
6164030 195186447
6164030 58423719
56416746 195186447
56416746 151846897
56416746 128669525
56416746 58423719
49480470 697812013
49480470 310591413
49480470 91266573
49480470 195186447
49480470 151846897
49480470 528346280
49480470 58423719
528706537 697812013
528706537 310591413
528706537 195186447
528706537 350155416
528706537 128834989
528706537 58095172
528706537 58049591
528706537 528346280
528706537 151846897
62417418 91266573
210983686 91266573
151846897 92199097
151846897 697812013
151846897 310591413
151846897 302804816
151846897 57467672
151846897 195186447
151846897 128834989
151846897 528706537
151846897 76023508
151846897 528346280
151846897 168651450
151846897 58049591
151846897 58095172
151846897 58423719
151846897 300250733
151846897 545028287
545028287 58049591
545028287 195186447
545028287 128834989
545028287 697812013
545028287 58423719
545028287 310591413
545028287 151846897
545028287 58492204
545028287 528346280
58423719 128834989
58423719 698839020
58423719 56416746
58423719 697812013
58423719 6164030
58423719 528346280
58423719 195186447
58423719 302804816
58423719 151846897
58423719 49480470
58423719 545028287
58423719 300250733
58423719 166898967
58423719 128669525
685401228 166898967
685401228 151846897
685401228 310591413
788884594 58049591
195186447 210991911
195186447 697812013
195186447 58099580
195186447 310591413
195186447 302804816
195186447 49480470
195186447 685424404
195186447 49234805
195186447 56416746
195186447 788884594
195186447 160462889
195186447 128834989
195186447 528706537
195186447 151846897
195186447 133945429
195186447 528346280
195186447 168651450
195186447 6164030
195186447 58049591
195186447 58095172
195186447 128669525
195186447 300250733
195186447 545028287
195186447 58423719
