130388857 37656071
130388857 58184117
130388857 208473106
130388857 127236534
130388857 22688844
130388857 45512531
130388857 649953964
81378230 22688844
81378230 127236534
387171620 649953964
22688844 13538810
22688844 127236534
22688844 10351052
22688844 349628071
22688844 25126322
22688844 298854272
22688844 208473106
22688844 15540505
22688844 55565027
22688844 37656071
22688844 58184117
22688844 130388857
22688844 45512531
22688844 649953964
22688844 22117934
22688844 22669652
22688844 36098081
649953964 127236534
649953964 772327954
649953964 58184117
649953964 45512531
649953964 130388857
649953964 10351052
649953964 22688844
649953964 387171620
13538810 127236534
13538810 22688844
10351052 127236534
10351052 22688844
10351052 208473106
10351052 37080791
10351052 58184117
10351052 130388857
10351052 36098081
37656071 208473106
37656071 22688844
37656071 127236534
37656071 13538810
37656071 349628071
37656071 58184117
37656071 130388857
22117934 22688844
22117934 22669652
37080791 10351052
37080791 22688844
37080791 127236534
37080791 58184117
37080791 130388857
208473106 127236534
208473106 10351052
208473106 22688844
208473106 130388857
208473106 58184117
208473106 37656071
349628071 127236534
349628071 22688844
349628071 58184117
349628071 130388857
772327954 45512531
772327954 649953964
36098081 22669652
36098081 10351052
36098081 22688844
127236534 13538810
127236534 10351052
127236534 349628071
127236534 22688844
127236534 208473106
127236534 15540505
127236534 37080791
127236534 58184117
127236534 130388857
298854272 58184117
298854272 22688844
298854272 127236534
58184117 349628071
58184117 208473106
58184117 298854272
58184117 37656071
58184117 55565027
58184117 13538810
58184117 22688844
58184117 37080791
58184117 10351052
58184117 25126322
58184117 22669652
58184117 127236534
58184117 130388857
58184117 45512531
58184117 649953964
22669652 58184117
22669652 22688844
22669652 36098081
22669652 22117934
55565027 22688844
55565027 127236534
55565027 58184117
25126322 127236534
25126322 22688844
25126322 58184117
15540505 127236534
15540505 22688844
45512531 22688844
45512531 127236534
45512531 130388857
45512531 58184117
45512531 772327954
45512531 649953964
