581953854 128252409
581953854 298840648
581953854 581967013
581953854 190507719
155865355 128252409
155865355 298840648
155865355 155843689
155865355 190507719
155865355 155879864
155843689 128252409
155843689 155879864
155843689 190507719
155843689 155865355
155843689 298840648
32207091 128252409
32207091 298840648
155879864 128252409
601653792 128252409
581967013 128252409
581967013 298840648
581967013 581953854
128252409 298840648
152811150 128252409
152811150 298840648
58077761 128252409
58077761 298840648
155815859 128252409
93075788 298840648
50852358 128252409
50852358 298840648
50852358 190507719
136201624 298840648
601634599 128252409
601634599 298840648
155818743 128252409
155818743 298840648
132190033 128252409
132190033 298840648
833398051 298840648
190507719 128252409
190507719 298840648
190507719 155865355
190507719 155843689
298840648 128252409
298840648 155865355
298840648 190507719
298840648 50852358
298840648 601634599
