162758162 643729854
162758162 528765887
792504524 6448176
6448176 78349150
6448176 792504524
6448176 131409408
6448176 164379995
6448176 98422694
188207430 507555248
505449731 109585673
836611135 507555248
453866093 529109402
453866093 499777240
453866093 528400698
453866093 507555248
753786633 499777240
753786633 820178067
753786633 507555248
529127707 507555248
643729854 162758162
179023435 507555248
820178067 499777240
820178067 507555248
98422694 6448176
98422694 164379995
535997359 507555248
219703558 507555248
219703558 499777240
219703558 753786633
219703558 529109402
219703558 164379995
528765887 820175206
528765887 661044783
528765887 162758162
528765887 507555248
507555248 529109402
507555248 16484732
507555248 499777240
507555248 453866093
507555248 219703558
520046084 440891647
202084951 507555248
450436769 460769015
450436769 138533044
661044783 528765887
54638976 499777240
834841392 507555248
460769015 186785619
460769015 450436769
211008353 507555248
321808761 182351429
662419647 207359187
131409408 6448176
425844434 507555248
51079757 186785619
138533044 450436769
138533044 109585673
207359187 662419647
499777240 164379995
499777240 820178067
499777240 453866093
499777240 219703558
499777240 507555248
501520773 507555248
365838482 507555248
365838482 519318622
289169057 529109402
178920701 507555248
178920701 499777240
519318622 365838482
211005623 507555248
186785619 51079757
528400698 499777240
528400698 453866093
258213864 507555248
78349150 691949159
78349150 6448176
109585673 505449731
52500949 507555248
164379995 6448176
164379995 499777240
164379995 98422694
691949159 78349150
215924445 499777240
215924445 507555248
215924445 453866093
142856017 507555248
