581292116 127188252
633957961 127188252
76432612 127188252
82514248 127188252
580985283 127188252
77705735 127188252
277132580 127188252
806245801 127188252
560238820 127188252
562264890 127188252
581920352 127188252
45014194 127188252
172780921 127188252
52667144 127188252
266008141 127188252
423092099 127188252
130236705 127188252
543628668 127188252
519651551 127188252
411950948 127188252
581120350 127188252
148909250 127188252
570627107 127188252
581575509 127188252
58413390 127188252
550144372 127188252
139344420 127188252
505702802 127188252
350688707 127188252
785450685 127188252
570041088 127188252
47585943 127188252
833586058 127188252
298839773 127188252
447710294 127188252
5485589 127188252
58322544 127188252
225812791 127188252
306253693 127188252
155834196 127188252
744520012 127188252
581136011 127188252
268388287 127188252
57351479 127188252
682207998 127188252
56950809 127188252
833709250 127188252
58284007 127188252
580882891 127188252
836614529 127188252
