24253636 36656058
24253636 72587274
24253636 7674409
152430904 58259939
152430904 58325652
152430904 152913175
152430904 421466318
152430904 27019571
152430904 16944767
152932384 44757781
421541205 801177164
58331415 152934275
58331415 58325652
58331415 24253636
185141434 14906081
833329093 498215503
152784179 27019571
9791959 490439641
16944767 7674409
16944767 58325652
16944767 24253636
261671774 758007620
261671774 801177164
261671774 152919623
261671774 7674409
261671774 58325652
261671774 421541205
152913175 581196022
152913175 58325652
152913175 152430904
44757781 152695103
44757781 152934275
44757781 152932384
421480288 421541205
581381224 58325652
581381224 421480288
633983817 459390683
7674409 72587274
7674409 58325652
7674409 24253636
7674409 152481665
8011257 49214169
8011257 58325652
152499265 152447376
498215503 152934275
58441414 58259939
58441414 83884916
58441414 58325652
58325652 49214169
58325652 421498191
58325652 152934275
58325652 8011257
58325652 152904709
58325652 7674409
58325652 163023934
58325652 58259939
58325652 498215503
58325652 801177164
58325652 208535296
58325652 581381224
58325652 16944767
58325652 55048290
152447376 152499265
16984678 58325652
152820894 152934275
152735266 152931722
16975966 7674409
16975966 58325652
758007620 261671774
152882562 44757781
152900090 152934275
421498191 72587274
421498191 58325652
490439641 7674409
152695103 44757781
545248112 58325652
80410811 58325652
580870160 49214169
580870160 801177164
83884916 58259939
83884916 58441414
49336025 152898603
49336025 58082958
49336025 498215503
49336025 152430904
801177164 580870160
801177164 261671774
801177164 421541205
801177164 58325652
421499245 58325652
58259939 58441414
58259939 83884916
58259939 58325652
58259939 152430904
14906081 185141434
14906081 58325652
152934275 152939174
152934275 152820894
152934275 44757781
152934275 58331415
152934275 540772182
152934275 58082958
152934275 498215503
152934275 58325652
152934275 421541205
152934275 833329093
58082958 490439641
152904709 58325652
208535296 58325652
540772182 152898603
152481665 24253636
152481665 7674409
72587274 421498191
72587274 7674409
72587274 58325652
72587274 24253636
833357249 58325652
459390683 152898603
459390683 152934275
49214169 580870160
49214169 8011257
49214169 58325652
27019571 152784179
55048290 58325652
55048290 49214169
152898603 459390683
152898603 58325652
