21597238 32842064
21597238 130236504
210191345 32842064
32842064 21428347
32842064 210187249
32842064 152103850
32842064 121878515
32842064 57650159
32842064 155875569
32842064 4660868
32842064 128504578
32842064 210191345
32842064 57650631
32842064 57646999
32842064 101698506
32842064 152934419
32842064 152730233
32842064 57648269
32842064 152670868
32842064 152565654
32842064 152630961
32842064 582168367
32842064 152701415
32842064 58163137
32842064 152884038
32842064 50613671
32842064 175500588
32842064 21597238
32842064 210208710
32842064 82854010
32842064 301957964
32842064 152448793
32842064 28675206
32842064 152593747
32842064 601615678
32842064 130236504
32842064 581417704
32842064 152912268
32842064 52392144
32842064 166898967
152670868 57646999
152670868 57650631
152670868 4660868
152670868 32842064
152670868 130236504
152670868 152912268
57650631 57646999
57650631 50613671
57650631 155875569
57650631 121878515
57650631 57648269
57650631 4660868
57650631 152670868
57650631 152934419
57650631 57650159
57650631 128504578
57650631 32842064
57650631 152912268
130236504 57650159
130236504 32842064
130236504 152670868
57646999 175500588
57646999 152701415
57646999 92112711
57646999 57650631
57646999 121878515
57646999 58163137
57646999 57648269
57646999 4660868
57646999 152670868
57646999 57650159
57646999 32842064
152565654 32842064
152565654 152630961
152630961 32842064
175500588 57650159
175500588 57646999
175500588 57648269
175500588 4660868
175500588 32842064
175500588 130236504
152730233 32842064
166898967 32842064
152448793 32842064
152884038 32842064
28675206 21428347
28675206 155875569
28675206 152103850
28675206 32842064
57648269 58163137
57648269 57646999
57648269 175500588
57648269 57650631
57648269 4660868
57648269 152934419
57648269 128504578
57648269 32842064
21428347 101698506
21428347 28675206
21428347 32842064
121878515 57646999
121878515 57650631
121878515 4660868
121878515 128504578
121878515 32842064
58163137 101698506
58163137 57648269
58163137 152730233
58163137 32842064
152934419 57650631
152934419 57648269
152934419 4660868
152934419 101698506
152934419 57650159
152934419 32842064
581417704 32842064
101698506 58163137
101698506 152934419
101698506 32842064
152912268 152670868
152912268 128504578
152912268 57650631
152912268 32842064
152912268 92112711
210187249 32842064
152103850 28675206
152103850 82854010
152103850 32842064
152103850 52392144
52392144 32842064
52392144 152103850
155875569 28675206
155875569 57650631
155875569 82854010
155875569 128504578
155875569 32842064
92112711 21428347
92112711 57646999
92112711 101698506
92112711 82854010
92112711 152912268
152701415 57646999
152701415 128504578
152701415 32842064
210208710 32842064
82854010 582168367
82854010 155875569
82854010 50613671
82854010 152103850
82854010 92112711
82854010 32842064
301957964 32842064
582168367 152630961
582168367 82854010
582168367 32842064
4660868 121878515
4660868 210187249
4660868 57648269
4660868 175500588
4660868 57646999
4660868 57650631
4660868 152670868
4660868 152934419
4660868 57650159
4660868 128504578
4660868 32842064
152593747 32842064
50613671 57650631
50613671 82854010
50613671 32842064
128504578 152701415
128504578 155875569
128504578 57648269
128504578 121878515
128504578 57650631
128504578 4660868
128504578 32842064
128504578 152912268
57650159 175500588
57650159 4660868
57650159 152934419
57650159 57646999
57650159 57650631
57650159 130236504
57650159 32842064
