607845386 33286729
58156247 58299425
77154055 12914742
445781524 35592440
58403114 35592440
57191534 58518119
57191534 4898411
15403235 58518119
15403235 35592440
15403235 11933135
665950450 127462154
665950450 35592440
665950450 58518119
9313040 35592440
139575065 33286729
580997036 24177874
137507665 33286729
298857567 37518135
35592440 67162891
35592440 19445290
35592440 127415323
35592440 15403235
35592440 24177874
35592440 33286729
35592440 58518119
35592440 4898411
11933135 127462154
11933135 58518119
11933135 20943664
11933135 67162891
11933135 35592440
11933135 4898411
61290559 33286729
67290235 33286729
12914742 77154055
121576738 58518119
141678810 35592440
299608229 58518119
299608229 24177874
299608229 4898411
164583179 35592440
164583179 24177874
40170526 33286729
6714884 33286729
19445290 35592440
52608536 127462154
52608536 24177874
52608536 35592440
52608536 58518119
52608536 4898411
127462154 58518119
127462154 20943664
127462154 67162891
127462154 35592440
127462154 11933135
292208043 33286729
39780318 35592440
4898411 33286729
4898411 20943664
4898411 133002592
4898411 67162891
4898411 24177874
4898411 35592440
4898411 11933135
4898411 604681040
4898411 57191534
4898411 58518119
4898411 121576738
4898411 127462154
4898411 39780318
4898411 15403235
4898411 52608536
4898411 139899989
4898411 97271708
57069112 58518119
57069112 24177874
20943664 127462154
20943664 58518119
20943664 67162891
20943664 35592440
20943664 24177874
20943664 11933135
20943664 4898411
54989575 33286729
133002592 4898411
224297895 33286729
37318323 127462154
37318323 35592440
58282235 37518135
97271708 11933135
97271708 35592440
97271708 58518119
687031141 58518119
223888708 35592440
128004828 33286729
58299425 35592440
58299425 58156247
58299425 4898411
24177874 164583179
24177874 52608536
24177874 35592440
24177874 139899989
24177874 4898411
37518135 11933135
29666181 33286729
67162891 127462154
67162891 35592440
67162891 11933135
67162891 4898411
49044656 24177874
519801156 33286729
283591348 127462154
604681040 4898411
114194051 11933135
114194051 24177874
15921227 33286729
58518119 127462154
58518119 11933135
58518119 35592440
33286729 364261961
33286729 35592440
33286729 11933135
91662170 33286729
364261961 33286729
127375199 33286729
