154535111 127529198
61003263 11498906
48736741 127529198
218730599 541794
218730599 300148987
218730599 231053836
56426660 11498906
349572503 61998513
349572503 240146445
541794 127529198
541794 218730599
741689454 11498906
48755727 127529198
217138727 49058438
217138727 26815328
217138727 49069271
300148987 218730599
48635192 49058438
48635192 44918463
105159603 349572503
26815328 49058438
26815328 217138727
26815328 49069271
49058438 217138727
49058438 26815328
49058438 48635192
49058438 49069271
653457721 11498906
653457721 57448627
44972512 49058438
44972512 48604157
44972512 49069271
228788269 61998513
231053836 218730599
448634653 240146445
11498906 72144856
11498906 741689454
11498906 61003263
11498906 653457721
72144856 11498906
57474229 127529198
48744787 127529198
240146445 448634653
240146445 349572503
44969155 127529198
49069271 49058438
49069271 217138727
49069271 48604157
49069271 44972512
49069271 26815328
44918463 127529198
44918463 48635192
212832171 127230194
57448627 653457721
61998513 228788269
61998513 349572503
48604157 44972512
48604157 49069271
