152796480 152920063
152796480 152920036
152796480 57647480
152796480 104736899
152796480 152734913
152796480 152694280
152796480 490443142
582722110 57647480
582722110 104736899
582722110 490443142
152898301 152734913
20096808 152796480
20096808 57647480
20096808 104736899
20096808 152734913
20096808 152694280
57647480 32915206
57647480 152920063
57647480 152796480
57647480 104736899
57647480 152694280
57647480 490443142
152920063 152734913
104736899 32915206
104736899 152920063
104736899 152796480
104736899 152920036
104736899 57647480
104736899 20096808
104736899 152898944
104736899 50207255
104736899 152734913
104736899 152694280
104736899 490443142
26977390 104736899
26977390 490443142
152898944 152920063
152898944 152796480
152898944 104736899
152898944 152734913
152694280 152796480
152694280 57647480
152694280 20096808
152694280 104736899
152694280 152734913
32915206 57647480
32915206 20096808
32915206 104736899
32915206 490443142
490443142 26977390
490443142 152920036
490443142 152920063
490443142 152796480
490443142 104736899
490443142 152734913
490443142 582722110
490443142 57647480
152920036 152796480
152920036 104736899
152734913 152898301
152734913 152920063
152734913 152796480
152734913 152898944
152734913 104736899
152734913 50207255
152734913 152694280
152734913 490443142
50207255 57647480
50207255 104736899
50207255 152734913
