45222562 82529494
86171762 3903651
8379231 3903651
58368192 3903651
44681752 3903651
60271121 54498111
60271121 3903651
60271121 83691493
33989118 58070028
133025933 83691493
133025933 3903651
30854027 3903651
60287683 128538515
105688420 632664773
105688420 139593164
105688420 58083370
133616510 3903651
67426579 3903651
86100290 3903651
460327435 129595143
445839980 3903651
22940846 3903651
71791953 128955826
83888955 60285450
60278285 58070028
60278285 3903651
83481847 3903651
83481847 58070028
82812380 3903651
54498111 58070028
54498111 3903651
45064481 8379231
15563780 58070028
15563780 3903651
57348118 3903651
57348118 83691493
58478254 3903651
223860566 58070028
223860566 3903651
442322464 72527276
442322464 744720936
442322464 129595143
3903651 7511797
3903651 83691493
3903651 27061660
3903651 163435183
3903651 60278285
3903651 58070028
58070028 27061660
58070028 3903651
32838198 82812380
299365985 58070028
299365985 3903651
49250768 3903651
49250768 82812380
139593164 105688420
139593164 3903651
60285450 3903651
42217160 744720936
72465684 3903651
84590094 3903651
32895687 27061660
32895687 72465684
32895687 3903651
14815688 60278285
128955826 3903651
128955826 71791953
58046338 58070028
58046338 86171762
58046338 54498111
58046338 3903651
83691493 3903651
368368389 3903651
24512024 83691493
24512024 3903651
33593124 3903651
72458767 3903651
72458767 128538515
72458767 58070028
31597187 3903651
163435183 3903651
163435183 8806440
163435183 58070028
7511797 3903651
214285317 3903651
82529494 45222562
52395125 54498111
52395125 58070028
52395125 15563780
52395125 3903651
223858806 3903651
744717454 129595143
201434126 128538515
75656480 3903651
58379291 3903651
58379291 60278285
108428896 3903651
58073213 3903651
58083370 105688420
58083370 3903651
49212252 3903651
49212252 58070028
22317084 3903651
58013306 3903651
16523641 8806440
27061660 32895687
27061660 58070028
27061660 3903651
8806440 60281103
8806440 60285450
8806440 32838198
8806440 82812380
8806440 83691493
8806440 3903651
152703003 3903651
632664773 105688420
22388147 3903651
694796493 3903651
694796493 58070028
128538515 3903651
72527276 129595143
72527276 442322464
363770976 3903651
363770976 58070028
