19627207 30330529
3568916 118234236
49062973 48702066
49062973 45222863
49062973 302766885
49062973 302883848
49062973 44887697
455006176 339172236
68950195 48713008
68950195 2225127
45222863 48702066
45222863 49062973
45222863 13040818
45222863 302766885
45222863 75775159
45222863 302883848
45222863 155856463
48702066 49062973
48702066 45222863
48702066 302766885
75775159 13040818
75775159 45222863
75775159 49053474
141709965 164545016
339172236 455006176
49053474 75775159
44887697 49062973
701996657 75775159
155856463 45222863
35440699 2225127
13040818 45222863
13040818 302766885
13040818 75775159
13040818 35440699
302883848 45222863
302883848 49062973
302766885 48702066
302766885 130475088
302766885 49062973
302766885 13040818
302766885 45222863
164545016 141709965
233494111 600473355
30330529 19627207
118234236 3568916
