347469158 30984090
347469158 24927043
347469158 95537024
347469158 139372355
9619978 30984090
9619978 28320090
9619978 24927043
9619978 136204963
9619978 95537024
9619978 74478392
9619978 139372355
9619978 8663762
9619978 28081469
836612753 6499203
349508174 24927043
61758026 24927043
61758026 8663762
28898781 24927043
28898781 8663762
29418514 30984090
29418514 24927043
29418514 136204963
100962319 433385427
100962319 44962867
100962319 236947854
100962319 33337287
100962319 29487294
100962319 40166484
100962319 6499203
100962319 104771497
34609184 30984090
489069953 44962867
489069953 285364791
489069953 29487294
29487294 90356221
29487294 44962867
29487294 285364791
29487294 489069953
29487294 100962319
29487294 6499203
29487294 21719930
533607295 226097231
533607295 95537024
533607295 139372355
21758109 24927043
21758109 61761562
141156050 30984090
141156050 24927043
141156050 15054307
141156050 33337287
141156050 7823344
34159436 24927043
104771497 30984090
104771497 24927043
104771497 100962319
49491665 30984090
49491665 24927043
49491665 136204963
49491665 15054307
6945863 30984090
6945863 31879589
6945863 31409119
6945863 24927043
6945863 100962319
6945863 6499203
236979682 34964274
236979682 24927043
236979682 95537024
236979682 15054307
148227346 30984090
130228785 138130200
89229440 24927043
89229440 139372355
28081469 30984090
28081469 28320090
28081469 226097231
28081469 35049181
28081469 9619978
28081469 95537024
28081469 139372355
8663762 24927043
95529338 285364791
11480369 30984090
11480369 24927043
11480369 23791967
11480369 35049181
11480369 74478392
11480369 8663762
11480369 15054307
61799343 8663762
61761562 21758109
61761562 24927043
21719930 34964274
21719930 44962867
21719930 489069953
21719930 29487294
24927043 30984090
24927043 74478392
24927043 8663762
61793474 24927043
61793474 61781163
73210732 30984090
31409119 30984090
31409119 24927043
31409119 35049181
31409119 6499203
35049181 30984090
35049181 11480369
35049181 23887379
35049181 31409119
35049181 24927043
35049181 6499203
35049181 28081469
33337287 23791967
33337287 24927043
33337287 15054307
33337287 7823344
72094066 30984090
72094066 23791967
515873736 30984090
515873736 24927043
515873736 139372355
637344955 226097231
637344955 95537024
637344955 139372355
95537024 226097231
836614134 12830641
81321459 30984090
349557806 74448212
349557806 24927043
43720869 139372355
565038590 139372355
81800690 74478392
226097037 24927043
226097037 12830641
226097037 236979682
226097037 8663762
226097037 15054307
28320090 30984090
28320090 34964274
28320090 24927043
28320090 28081469
28320090 15054307
28320090 8663762
28320090 139372355
28320090 95537024
28320090 9619978
285371757 24927043
285371757 23791967
285371757 15054307
12679484 30984090
12679484 139372355
12679484 95537024
6499203 74448212
6499203 34964274
6499203 23887379
6499203 31409119
6499203 24927043
6499203 44962867
6499203 285364791
6499203 6945863
6499203 836612753
6499203 285371443
6499203 35049181
6499203 100962319
6499203 29487294
236947854 30984090
236947854 11480369
236947854 100962319
23791967 34964274
23791967 24927043
23791967 15054307
54314278 30984090
15054307 30984090
15054307 24927043
801198326 139372355
12830641 24927043
226097231 30984090
226097231 24927043
226097231 95537024
226097231 139372355
34964274 30984090
34964274 74478392
34964274 24927043
40166484 30984090
40166484 24927043
40166484 23791967
40166484 100962319
40166484 8663762
40166484 99563872
44962867 30984090
44962867 31409119
44962867 90356221
44962867 24927043
44962867 285364791
44962867 23791967
44962867 35049181
44962867 489069953
44962867 100962319
44962867 6499203
44962867 21719930
44962867 8663762
44962867 15054307
44962867 29487294
44962867 7823344
72142873 136204963
30984090 24927043
305172976 24927043
61800567 24927043
23887379 6499203
23887379 35049181
23887379 24927043
90356221 29487294
7823344 33337287
7823344 23791967
7823344 30984090
7823344 24927043
31879589 30984090
31879589 24927043
74448212 24927043
74448212 6499203
136204963 24927043
136204963 8663762
34300625 24927043
61781163 30984090
61781163 24927043
61781163 15054307
285364791 44962867
285364791 489069953
285364791 6499203
285364791 95529338
285364791 29487294
