432633602 57650455
432633602 127166025
57650314 55891300
57650314 57650628
57650314 210269680
57650314 57652998
57650314 127166025
57650314 31415083
57650314 57653466
57650314 172468654
57650314 57644385
57653466 22569458
57653466 57589780
57653466 127166025
57653466 31415083
57653466 57650314
25761225 127166025
19841344 127166025
17018034 127166025
17018034 57652998
17018034 31415083
17018034 57644385
155834270 49073097
155834270 127166025
155834270 152785275
152935055 127166025
581737078 127166025
57650628 31210323
57650628 57650455
57650628 127166025
57650628 57644527
57650628 57652998
57650628 152930003
57650628 57650314
218422794 127166025
58054250 127166025
152940541 127166025
152940541 50642497
57644385 22569458
57644385 210230232
57644385 57644527
57644385 210236899
57644385 57650455
57644385 172468654
57644385 29648501
57644385 13335353
57644385 152926283
57644385 31415083
57644385 55891300
57644385 57589780
57644385 57652998
57644385 10393428
57644385 57650314
57644385 582593844
57644385 127166025
57644385 17018034
57644385 44758749
152673663 127166025
7632155 127166025
69192484 127166025
69192484 57644527
152953829 127166025
152953829 13335353
210267447 127166025
210267447 31415083
52577976 127166025
33595592 127166025
329445758 127166025
152785275 155834270
152785275 127166025
152785275 172468654
152785275 57650455
580923990 127166025
581781410 127166025
44758749 127166025
44758749 210230232
44758749 152926283
44758749 57644385
44758749 172468654
44758749 152953829
50642497 57650455
50642497 127166025
50642497 152940541
50642497 57644527
50642497 152926283
50642497 31210323
5511652 127166025
48613953 127166025
103059797 127166025
49165303 127166025
49165303 581050212
581403133 127166025
121768391 127166025
121768391 57589780
121768391 55891300
581315019 127166025
633941338 127166025
152926283 31210323
152926283 127166025
152926283 29648501
152926283 50642497
152926283 57650628
152926283 13335353
152926283 57644527
152926283 57652998
152926283 210230232
152926283 57644385
172546144 127166025
57652998 17018034
57652998 57650628
57652998 13335353
57652998 152926283
57652998 152673663
57652998 57589780
57652998 127166025
57652998 57650314
57652998 107496003
57652998 172468654
57652998 57650455
57652998 210236899
57652998 57644385
633966356 127166025
57644527 31210323
57644527 57650455
57644527 210236899
57644527 127166025
57644527 55891300
57644527 50642497
57644527 57650628
57644527 26793160
57644527 152926283
57644527 69192484
57644527 10393428
57644527 31415083
57644527 172468654
57644527 57644385
152479612 127166025
210277954 127166025
44600943 127166025
172468654 57644527
172468654 152930003
172468654 57589780
172468654 57652998
172468654 127166025
172468654 31415083
172468654 152785275
172468654 57650314
172468654 57650455
172468654 57644385
172468654 44758749
298835889 57650455
298835889 127166025
101695765 127166025
152734092 127166025
22569458 31210323
22569458 57650455
22569458 210236899
22569458 49073097
22569458 127166025
22569458 57653466
22569458 57589780
22569458 29648501
22569458 31415083
22569458 107496003
22569458 210269680
22569458 57644385
148973013 127166025
31210323 22569458
31210323 57650455
31210323 127166025
31210323 57650628
31210323 57644527
31210323 152926283
31210323 50642497
31210323 10393428
31210323 44758749
49073097 57589780
49073097 127166025
49073097 31415083
49073097 57650455
581892048 127166025
54249535 127166025
781429536 127166025
298831974 127166025
13335353 127166025
13335353 29648501
13335353 152926283
13335353 57652998
13335353 57644385
13335353 152953829
96627494 127166025
111955857 127166025
111955857 31415083
10393428 127166025
10393428 29648501
10393428 57644527
10393428 31210323
10393428 57644385
57368004 127166025
152581074 127166025
29648501 22569458
29648501 13335353
29648501 152926283
29648501 10393428
29648501 127166025
29648501 31415083
29648501 57644385
26793160 57650455
26793160 127166025
26793160 57644527
26793160 107496003
836614354 127166025
581050212 49165303
581050212 127166025
232028064 127166025
280787756 127166025
582371951 127166025
163259536 210236899
163259536 127166025
31415083 210267447
31415083 17018034
31415083 22569458
31415083 152504437
31415083 57644527
31415083 210269680
31415083 57589780
31415083 111955857
31415083 29648501
31415083 49073097
31415083 57652998
31415083 127166025
31415083 57650314
31415083 107496003
31415083 57653466
31415083 172468654
31415083 57650455
31415083 57644385
230926775 228250192
230926775 127166025
152930003 127166025
152930003 57650628
152930003 152926283
152930003 172468654
152504437 57650455
152504437 127166025
152504437 31415083
55891300 57650455
55891300 127166025
55891300 57644527
55891300 107496003
55891300 57644385
624300368 127166025
155831282 127166025
210269680 22569458
210269680 127166025
210269680 57589780
210269680 57650628
210269680 107496003
74691038 127166025
582593844 127166025
57589780 22569458
57589780 121768391
57589780 633941338
57589780 210269680
57589780 49073097
57589780 57652998
57589780 127166025
57589780 31415083
57589780 57653466
57589780 172468654
57589780 57650455
57589780 210236899
57589780 57644385
536978412 57650455
536978412 127166025
138989294 127166025
2520437 127166025
228313109 127166025
210236899 22569458
210236899 57644527
210236899 163259536
210236899 57589780
210236899 57652998
210236899 127166025
210236899 57650455
210236899 57644385
152673757 127166025
107496003 22569458
107496003 55891300
107496003 26793160
107496003 210269680
107496003 57652998
107496003 31415083
107496003 57650455
304458797 57650455
304458797 127166025
582027706 127166025
50642348 127166025
57650455 22569458
57650455 31210323
57650455 152504437
57650455 298835889
57650455 304458797
57650455 536978412
57650455 55891300
57650455 50642497
57650455 57650628
57650455 432633602
57650455 57644527
57650455 26793160
57650455 633941338
57650455 57589780
57650455 49073097
57650455 57652998
57650455 127166025
57650455 31415083
57650455 152785275
57650455 107496003
57650455 172468654
57650455 210236899
57650455 57644385
210230232 127166025
210230232 152926283
210230232 57644385
210230232 44758749
