152850261 127166025
566243190 127166025
128325446 152933736
128325446 152674346
128325446 582287460
128325446 601657093
128325446 127166025
128325446 57648251
128325446 210243294
128325446 57645764
128325446 210253306
128325446 797554898
128325446 57609669
128325446 10499826
128325446 31415083
128325446 57653044
128325446 57646728
128325446 48565228
128325446 57650050
57653044 601657093
57653044 155848958
57653044 128325446
57653044 57645764
57653044 31415083
57653044 57646728
57653044 48565228
152674346 127166025
152674346 128325446
152674346 10499826
152674346 57646728
805330492 127166025
534284920 127166025
19841344 127166025
25225404 38734650
25225404 127166025
268636377 127166025
57609669 128325446
57609669 127166025
806238266 127166025
155841280 127166025
481075613 127166025
836614158 127166025
581647411 127166025
728444651 127166025
728466451 31415083
728466451 833658470
728466451 349592749
728466451 127166025
582341424 127166025
57646728 152674346
57646728 581960156
57646728 127166025
57646728 155848958
57646728 128325446
57646728 57645764
57646728 31415083
57646728 57653044
57646728 48565228
152501181 127166025
836611638 127166025
582287460 127166025
582287460 128325446
581792484 127166025
155835158 127166025
48565228 58135367
48565228 127166025
48565228 128325446
48565228 57653044
48565228 57646728
58135367 127166025
10499826 152933736
10499826 152674346
10499826 38734650
10499826 127166025
10499826 111615111
10499826 128325446
10499826 57645764
812518450 127166025
581403133 127166025
210215216 127166025
210215216 210243294
210215216 57645764
210243294 210215216
210243294 127166025
210243294 128325446
210243294 31415083
581367952 127166025
303195433 19841344
455890786 58087729
210253306 128325446
210253306 127166025
758018719 127166025
44463066 127166025
38672011 127166025
44680077 127166025
836614549 127166025
19145708 127166025
581092115 127166025
836614816 127166025
836613453 127166025
232687974 127166025
155852367 127166025
45213911 127166025
83381404 127166025
180153460 127166025
834437426 127166025
111615111 127166025
154846864 127166025
349592749 728466451
349592749 57645764
349592749 127166025
349592749 31415083
30861969 127166025
833658470 31415083
346638520 127166025
163259536 127166025
31415083 728466451
31415083 128325446
31415083 210243294
31415083 57653044
31415083 57646728
31415083 349592749
31415083 57650050
31415083 127166025
31415083 833658470
31415083 57648251
581810446 127166025
155848958 127166025
155848958 57653044
155848958 57646728
57645764 210215216
57645764 128325446
57645764 10499826
57645764 57653044
57645764 57646728
57645764 349592749
57645764 57650050
57645764 127166025
38734650 127166025
38734650 10499826
580971872 127166025
724596644 127166025
836613261 127166025
57650050 57645764
57650050 127166025
57650050 31415083
57650050 57648251
57650050 128325446
152928720 38734650
152928720 127166025
152928720 31415083
601657093 127166025
601657093 128325446
601657093 57653044
797554898 128325446
581960156 127166025
581960156 57646728
346428379 127166025
4044427 127166025
57648251 128325446
57648251 152933736
57648251 57650050
57648251 127166025
57648251 31415083
836613223 127166025
580997791 127166025
127896893 127166025
581337733 127166025
561501499 127166025
152933736 128325446
152933736 210243294
152933736 10499826
152933736 127166025
152933736 57648251
57611889 57650050
57611889 127166025
581577295 127166025
25144795 127166025
58087729 455890786
58087729 127166025
33922007 127166025
