13949612 58476784
13949612 39640965
13949612 20574568
812475977 58476784
11099968 58476784
299668521 58476784
834013205 58476784
152856893 58476784
97264945 58476784
500930271 58476784
602536856 58476784
61476992 58476784
61476992 97264945
605994201 58476784
582338724 58476784
15542180 58476784
57646749 58476784
57646749 232664032
57646749 601863397
57646749 44983977
57646749 24829034
57646749 152580363
57646749 57650568
57646749 86219837
601674171 58476784
145688325 58476784
145688325 13949612
39640965 58476784
39640965 13949612
39640965 20574568
68782391 39640965
210247040 58476784
2255008 58476784
35870886 58476784
539426001 58476784
44983977 58476784
44983977 57646749
44983977 86219837
54260395 58476784
57706596 58476784
252067966 58476784
20574568 58476784
20574568 39640965
20574568 13949612
57822053 58476784
57822053 13949612
57822053 20574568
152888988 58476784
24829034 58476784
57167853 13949612
57832227 58476784
57832227 13949612
152858845 58476784
152858845 15860763
54904957 58476784
54904957 39640965
415640773 58476784
232664032 58476784
232664032 57646749
152580363 58476784
152580363 57646749
152580363 15860763
36129371 58476784
36129371 39640965
152448488 58476784
57164925 58476784
57164925 20574568
154158177 58476784
154158177 20574568
210191026 58476784
836205594 58476784
86219837 39454409
86219837 6367483
86219837 58476784
86219837 57646749
10999368 58476784
20911236 58476784
20911236 20574568
57228794 39640965
57228794 20574568
12005334 58476784
321537553 58476784
555029635 58476784
555029635 232664032
57650568 58476784
57650568 6367483
57650568 57646749
144815706 58476784
58468395 58476784
601863397 58476784
601863397 57646749
834597456 58476784
34879117 58476784
152906076 58476784
352421362 58476784
328282190 58476784
39454409 86219837
58410636 58476784
58410636 15860763
167861368 58476784
167861368 86219837
55023221 58476784
6367483 57650568
6367483 86219837
747269046 58476784
34182453 58476784
34182453 39640965
28371496 58476784
28371496 58410636
15860763 58476784
15860763 152858845
15860763 152580363
548443114 58476784
