140467905 152933444
140467905 57650104
140467905 57610799
16249477 152933444
16249477 57650104
16249477 152888846
152833724 152933444
152580006 152485948
152580006 571319703
152930004 152933444
152848824 152933444
10234314 152933444
10234314 93768050
10234314 571319703
10234314 152626909
10234314 130338844
10234314 58149311
152933444 152723646
152933444 152485948
152933444 152930004
152933444 130236746
152933444 152631340
152933444 152694874
152933444 152907516
152933444 57650104
152933444 152528151
152933444 45820576
152933444 152596892
152933444 581670151
152933444 12484892
152933444 4243186
152933444 57653181
152933444 152898197
152933444 57653196
152933444 57610799
152933444 57483923
152933444 152674230
152933444 152485849
152933444 16249477
152933444 140467905
152933444 57644798
152933444 152848824
152933444 10234314
152933444 634314459
152933444 152602225
152933444 40371778
152933444 152702027
152933444 152912115
152933444 152931065
152933444 93768050
152933444 152572648
152933444 152619863
152933444 152603356
152933444 152523547
152933444 152820934
152933444 75286283
152933444 152898538
152933444 152567512
152933444 152695478
152933444 152567454
152933444 152930568
152933444 152906659
152933444 152626909
152933444 152687817
152933444 152572527
152933444 152713210
152933444 298835249
152933444 58156485
152933444 130338844
152933444 210196020
152933444 758047932
152933444 152687301
152933444 152924760
152933444 152601544
152933444 2195836
152933444 152603899
152933444 152692584
152933444 152924218
152933444 152877613
57610799 152694874
57610799 152933444
57610799 16249477
57610799 140467905
57610799 152702385
57610799 152702027
57610799 152912115
57610799 152619863
57610799 84146613
57610799 152924760
57610799 2195836
152619863 152933444
152619863 57610799
130236746 152694874
130236746 152933444
152500384 152933444
152500384 152528151
152500384 152710950
57650104 152933444
57650104 57653181
57650104 16249477
57650104 140467905
57650104 57644798
57650104 93768050
57650104 152888846
57650104 152906659
57650104 152692584
11001659 75286283
130338844 10234314
130338844 57483923
130338844 152933444
152888846 57650104
152888846 16249477
152710950 84146613
152710950 152500384
210196020 152933444
57651863 152567512
57651863 152710950
152912115 152933444
152912115 57610799
152694874 130236746
152694874 152933444
152694874 57610799
152694874 152898538
152694874 152626909
152694874 130338844
152694874 152601544
152694874 58149311
152694874 152692584
152924218 152933444
12484892 152933444
12484892 57653181
152601544 152933444
152601544 152626909
152485849 152933444
57653196 152933444
57653196 45820576
152567512 152933444
152567512 57644798
152567512 57651863
634314459 152933444
57644798 152933444
57644798 57650104
57644798 152567512
45820576 152933444
45820576 57653196
45820576 152931065
152930568 152933444
152528151 152933444
152528151 152500384
152528151 152906659
152695478 152933444
152695478 57653181
152913281 152687301
152820934 152933444
152820934 152702385
152621169 75286283
152674230 152933444
152674230 16249477
152485948 152933444
29927809 152933444
152687301 152933444
152631340 152933444
152898197 152933444
152626909 152694874
152626909 152933444
152626909 10234314
152626909 93768050
152626909 152906659
152626909 298835249
152626909 152601544
571319703 10234314
571319703 152580006
571319703 152692584
58156485 152933444
57585929 16249477
57585929 152702385
57585929 130338844
152702385 57653181
152702385 57610799
152702385 57585929
152702385 152820934
152702385 58149311
152702385 152877613
152596892 152933444
152596892 152692584
57483923 152933444
57483923 4243186
57483923 130338844
75286283 152933444
75286283 152931065
75286283 152621169
134611379 152877613
152877613 152933444
152713210 152933444
59880947 152933444
152898538 152694874
152898538 152933444
152898538 298835249
152898538 60095099
152567454 152933444
152924760 152933444
152924760 298835249
57653181 152933444
57653181 57650104
57653181 12484892
57653181 152702385
57653181 152695478
57653181 152692584
58149311 93768050
58149311 152694874
58149311 10234314
58149311 152692584
152572527 152933444
152572527 298835249
152603899 152933444
581670151 152933444
152906659 152933444
152906659 57650104
152906659 152528151
152906659 152898197
60095099 152898538
60095099 152933444
152907516 152933444
93768050 152933444
93768050 57650104
93768050 10234314
93768050 152626909
152603356 152933444
152574103 152820934
758047932 152933444
152692584 152933444
152692584 152694874
152692584 152596892
152692584 571319703
152692584 57650104
152692584 57653181
2195836 57610799
2195836 152933444
152723646 152933444
152931065 152933444
152931065 298835249
84146613 57610799
84146613 152710950
152572648 152933444
298835249 152933444
298835249 152931065
298835249 152898538
298835249 152626909
298835249 152572527
298835249 152924760
152702027 152933444
152702027 57610799
4243186 152485948
4243186 152933444
