44160081 44943714
41133680 20215243
114487003 20215243
114487003 48979966
65320315 65307240
65320315 54583936
138621364 54583936
69189680 61720972
69189680 82528398
69189680 79272878
69189680 46653046
69189680 57385765
69189680 20277940
69189680 118811630
69189680 54583936
69189680 50839159
69189680 49521358
73587964 20549168
16166995 20215243
49521358 61720972
49521358 54583936
49521358 50839159
49521358 69189680
44504957 79272878
44504957 24427787
44504957 54583936
44504957 20215243
31697036 20215243
65307240 65320315
65307240 79272878
65307240 224229475
138577246 20215243
199922863 20215243
32607950 20215243
24427787 20215243
89855399 20215243
94666263 20215243
82528398 20277940
82528398 54583936
82528398 224229475
82528398 69189680
69342015 79272878
69342015 55238576
20549168 73587964
44322761 44943714
44367898 20215243
73780904 208521399
73780904 44943714
73780904 57385765
73780904 54583936
79272878 61720972
79272878 69342015
79272878 85054543
79272878 65307240
79272878 54583936
79272878 55238576
79272878 69189680
57385765 73780904
57385765 85054543
57385765 44943714
57385765 54583936
57385765 69189680
49314024 20215243
20277940 82528398
20277940 54583936
20277940 69189680
836613045 138577246
33165474 79272878
33165474 20215243
54583936 44504957
54583936 73780904
54583936 69342015
54583936 65320315
54583936 82528398
54583936 79272878
54583936 138621364
54583936 208521399
54583936 50891796
54583936 57385765
54583936 20277940
54583936 44322761
54583936 48979966
54583936 20215243
54583936 50839159
54583936 69189680
49054047 20215243
132307962 85054543
132307962 118811630
44790715 20215243
460774515 20215243
208385802 48979966
48979966 114487003
75237110 85054543
75237110 208521399
75237110 20215243
80869730 20215243
224229475 61720972
224229475 82528398
224229475 85054543
224229475 65307240
224229475 50839159
689599326 20215243
84895941 20215243
48713372 79272878
48713372 85054543
118811630 208521399
118811630 132307962
118811630 69189680
199951297 20215243
107295421 20215243
46653046 79272878
46653046 54583936
46653046 20215243
46653046 69189680
85054543 69342015
85054543 79272878
85054543 48713372
85054543 208521399
85054543 57385765
85054543 75237110
85054543 132307962
85054543 224229475
85054543 20215243
50839159 61720972
50839159 44943714
50839159 54583936
50839159 224229475
50839159 69189680
50839159 49521358
55238576 69342015
55238576 79272878
208521399 73780904
208521399 85054543
208521399 118811630
208521399 75237110
208521399 54583936
208521399 20215243
44943714 61720972
44943714 73780904
44943714 44160081
44943714 130094102
44943714 57385765
44943714 50839159
44943714 69189680
61720972 79272878
61720972 130094102
61720972 44943714
61720972 224229475
61720972 50839159
61720972 69189680
