545814424 50712825
142750783 234341043
48494086 144537577
48494086 34804145
369040832 384617079
144545366 269157945
144545366 234341043
234341043 206926371
234341043 144545366
234341043 142750783
269157945 50593887
269157945 144545366
298808978 16584480
217183314 144545366
144537577 258555622
144537577 34804145
144537577 54210476
258555622 144537577
258555622 217183314
258555622 34804145
258555622 532614472
258555622 448278085
258555622 54210476
34804145 144537577
50712825 545814424
384617079 369040832
206926371 234341043
54210476 144537577
16584480 298808978
448278085 258555622
