32401090 127318590
44539927 4673854
6105320 127318590
295345152 128781620
44754943 4673854
60708683 23165845
152808029 4673854
91671305 44758631
91671305 4673854
4673854 58072874
4673854 31138674
4673854 58357738
4673854 77166530
4673854 44539927
4673854 44754943
4673854 47981809
4673854 155869529
4673854 120645955
4673854 152938490
4673854 75286227
4673854 59188732
4673854 58104230
4673854 44758631
4673854 58263381
4673854 23871136
4673854 13654871
4673854 91671305
32266428 75286227
58104230 4673854
58104230 23994915
152938490 4673854
152938490 130203661
130465704 13654871
58072874 4673854
130203661 152938490
13654871 130465704
13654871 67521687
13654871 31138674
13654871 85647343
13654871 120645955
13654871 23871136
13654871 4673854
13654871 128781620
75286227 32266428
75286227 4673854
75286227 23871136
77166530 4673854
77166530 29019353
77166530 155821716
59188732 4673854
99755078 4673854
44758631 31138674
44758631 91671305
44758631 4673854
23165845 60708683
67521687 13654871
120645955 152956830
120645955 13654871
120645955 85647343
120645955 4673854
120645955 23871136
23871136 4673854
23871136 120645955
23871136 65291147
23871136 75286227
77841601 127318590
152956830 120645955
73526900 127318590
152934977 13654871
23994915 38668890
23994915 13654871
23994915 120645955
23994915 29019353
23994915 155848896
58257327 393014393
58257327 4673854
58357738 4673854
58263381 4673854
155821716 31138674
155821716 77166530
47981809 4673854
393014393 58257327
31138674 13654871
31138674 4673854
31138674 65291147
31138674 155821716
31138674 44758631
38668890 23994915
54311935 127318590
152691859 4673854
558727807 4673854
121021500 127318590
29019353 77166530
29019353 139510778
29019353 23994915
65291147 31138674
58031378 127318590
58401411 4673854
11165797 4673854
11165797 65291147
