660718744 127171453
583244943 127171453
130624599 127171453
767721149 127171453
17667613 127171453
23011994 31438647
23011994 127171453
77524733 127171453
37599721 127171453
127664075 127171453
8891786 127171453
20440399 127171453
142768332 127171453
54347768 127171453
805724405 127171453
77362455 127171453
56268114 127171453
180308128 127171453
9535416 127171453
51905083 127171453
788745523 127171453
155575730 127171453
378135968 127171453
502657505 127171453
64685415 127171453
55910407 127171453
130977859 127171453
56114876 127171453
521871963 127171453
84473002 127171453
6992364 127171453
922690 127171453
922690 32485364
32485364 9534232
32485364 922690
731974682 127171453
179553404 127171453
13562310 127171453
49918013 127171453
9534232 127171453
836610451 127171453
103351412 127171453
179509289 127171453
836610393 127171453
69640300 127171453
349545401 127171453
37511661 127171453
97903615 127171453
31438647 23011994
501787536 127171453
164430293 560545609
718560631 127171453
148284942 127171453
300310399 127171453
110521888 127171453
42163859 127171453
58095002 127171453
215931954 155555098
215931954 127171453
220790649 127171453
268771990 127171453
102803517 127171453
154903235 127171453
49225500 127171453
404501932 300310399
56692668 127171453
263470655 127171453
155555098 127171453
155555098 215931954
76883469 127171453
560545609 127171453
560545609 164430293
99644224 127171453
164533767 127171453
