415612103 14256425
102796971 120189817
110869968 747577663
457431454 135929276
130072786 60934923
44806487 82267345
291952912 50516424
47645637 14256425
144552408 220528458
144552408 14256425
135929276 457431454
129677715 747577663
129677715 836610512
43931107 14256425
836610512 129677715
14256425 35826991
14256425 415612103
14256425 163277233
14256425 85060132
14256425 47645637
85060132 14256425
163277233 14256425
367166783 14256425
50516424 291952912
747577663 110869968
118333639 82267345
786011342 14256425
35826991 14256425
820175849 14256425
