25531793 25225404
25531793 805886616
25531793 130009431
25531793 127166025
25531793 3878831
25531793 57650525
25531793 57649843
152819568 127166025
581274392 127166025
57996331 127166025
129228600 127166025
581737078 127166025
605025392 127166025
25225404 127166025
25225404 3878831
25225404 24185635
25225404 25531793
20966575 127166025
20966575 31415083
26824665 127166025
26824665 152930944
64503382 57650525
64503382 57645481
64503382 152930944
64503382 57645861
64503382 57645764
64503382 127166025
64503382 31415083
64503382 57646438
836612174 127166025
58182077 14862636
58182077 127166025
677335066 127166025
24185635 127166025
24185635 3878831
200023967 127166025
728466451 31415083
728466451 833658470
728466451 127166025
836612385 127166025
152592630 127166025
152592630 3878831
152592630 57653397
152592630 57645481
152592630 31415083
166751842 127166025
152787006 152941752
152787006 57645481
152787006 57646438
152787006 127166025
152701006 127166025
152701006 57650525
152701006 57645861
152701006 152620687
152701006 64503382
541446561 127166025
541446561 57653397
49404568 127166025
123428496 24185635
28341486 64503382
28341486 127166025
28341486 3878831
152941752 152787006
152941752 130009431
152941752 127166025
152941752 3878831
152941752 57645861
152575873 127166025
152575873 152581194
67613156 57650525
67613156 57653397
67613156 57645481
67613156 57645861
67613156 130009431
67613156 127166025
67613156 31415083
82269519 127166025
175159631 127166025
175159631 57645861
175159631 57650525
175159631 3878831
805886616 127166025
805886616 3878831
805886616 64503382
805886616 57646438
805886616 25531793
58162153 127166025
581247072 57653397
581247072 31415083
152581194 127166025
152581194 152575873
152581194 57646438
519799119 127166025
299305488 127166025
298857252 127166025
130009431 152941752
130009431 57650525
130009431 57645481
130009431 58153124
130009431 57646438
130009431 25531793
130009431 152930944
130009431 57645764
130009431 127166025
130009431 3878831
130009431 67613156
57645481 152592630
57645481 152787006
57645481 67613156
57645481 130009431
57645481 127166025
57645481 57650525
57645481 57645861
57645481 152620687
57645481 64503382
57645481 57645764
57645481 57653397
57645481 58153124
57645481 57646438
57645481 129645512
57645481 21825407
57645481 152930944
57645481 44759999
578768342 127166025
17755761 127166025
154911832 127166025
175545447 127166025
229001445 127166025
109155438 127166025
57653397 152592630
57653397 541446561
57653397 67613156
57653397 127166025
57653397 57645861
57653397 152620687
57653397 581247072
57653397 229001445
57653397 57645481
57653397 57646438
57653397 31415083
185925103 127166025
152565377 127166025
31603353 127166025
31603353 3878831
57650525 67613156
57650525 130009431
57650525 127166025
57650525 3878831
57650525 57645861
57650525 64503382
57650525 57645764
57650525 152701006
57650525 57645481
57650525 57646438
57650525 25531793
57650525 31415083
57650525 152930944
57650525 44759999
57650525 175159631
580973342 127166025
3878831 152941752
3878831 57650525
3878831 25531793
3878831 129645512
3878831 24185635
3878831 31603353
3878831 57645861
3878831 130009431
3878831 57645764
3878831 127166025
3878831 31415083
3878831 28341486
3878831 21825407
3878831 44759999
3878831 175159631
836613932 127166025
152620687 152701006
152620687 57653397
152620687 57645481
152620687 127166025
21825407 57645481
21825407 127166025
21825407 3878831
129066930 127166025
129066930 3878831
129066930 175159631
111615111 127166025
810712477 127166025
10762023 127166025
833658470 31415083
31415083 152592630
31415083 728466451
31415083 57650525
31415083 152581194
31415083 57653397
31415083 581247072
31415083 58153124
31415083 57646438
31415083 20966575
31415083 57645861
31415083 130009431
31415083 64503382
31415083 127166025
31415083 833658470
31415083 3878831
31415083 67613156
152930944 130009431
152930944 127166025
152930944 57650525
152930944 26824665
152930944 57645861
152930944 64503382
152930944 57645764
152930944 57645481
152930944 57646438
152930944 129645512
630986069 127166025
152567169 127166025
57645861 152941752
57645861 57650525
57645861 152701006
57645861 57653397
57645861 57645481
57645861 57646438
57645861 152930944
57645861 64503382
57645861 127166025
57645861 31415083
57645861 3878831
57645861 67613156
57645861 175159631
57645764 57650525
57645764 57645481
57645764 57646438
57645764 152930944
57645764 130009431
57645764 64503382
57645764 127166025
57645764 3878831
57645764 44759999
57646438 152567169
57646438 152787006
57646438 130009431
57646438 127166025
57646438 57650525
57646438 57645861
57646438 57645764
57646438 57653397
57646438 57645481
57646438 152930944
57646438 64503382
833344109 127166025
421461258 127166025
421461258 49404568
421461258 24185635
241976633 127166025
152523906 127166025
44759999 127166025
44759999 57645764
44759999 3878831
44759999 57645481
44759999 57650525
57649843 127166025
57649843 25531793
152939676 127166025
58371282 127166025
155839369 127166025
155839369 3878831
353203964 127166025
353203964 57645764
14862636 58182077
14862636 127166025
448498343 127166025
129645512 127166025
129645512 3878831
129645512 57645481
129645512 152930944
836613198 127166025
581431377 127166025
58153124 130009431
58153124 127166025
58153124 57645481
58153124 31415083
58153124 175159631
