32531523 85795133
52907488 127186997
152574748 127186997
84546544 152847038
84546544 136692423
84546544 127186997
223774134 229013004
85903390 58162980
85903390 127186997
58298201 127186997
58298201 31415083
175152221 127186997
103986500 127186997
147944641 145456424
147944641 127186997
147944641 31415083
206539128 127186997
152596220 501148056
152596220 127186997
152728851 127186997
152728851 31415083
152912366 127186997
836614778 127186997
73034629 127186997
73034629 152801707
298858543 127186997
541429565 127186997
58162980 85903390
58162980 136692423
58162980 127186997
58162980 9843576
58162980 210257809
501148056 152596220
501148056 127186997
152801707 210257809
152801707 152574748
27298470 127186997
38586152 127186997
210271083 127186997
145456424 147944641
145456424 9843576
145456424 136692423
145456424 229013004
18043858 127186997
136692423 58162980
136692423 37235489
136692423 84546544
136692423 9843576
136692423 145456424
136692423 22390571
136692423 127186997
210257809 152801707
210257809 58162980
582105975 127186997
85795133 127186997
581792460 127186997
152891008 127186997
104756919 127186997
104756919 31415083
37235489 136692423
37235489 127186997
37235489 57649106
177361037 127186997
31415083 104756919
31415083 152575179
31415083 501148056
31415083 147944641
31415083 127186997
31415083 58298201
31415083 9843576
31415083 152728851
152674681 127186997
621644637 127186997
581113474 127186997
137633255 127186997
29506189 298834503
29506189 127186997
9843576 136692423
9843576 145456424
9843576 31415083
9843576 58162980
9843576 85795133
106565011 127186997
22390571 136692423
22390571 127186997
124451075 127186997
44760155 127186997
152847038 84546544
152847038 127186997
355934520 127186997
85017682 127186997
701146256 127186997
581368357 127186997
210243806 127186997
582255612 127186997
210261483 58298201
210261483 127186997
38473309 127186997
129009387 127186997
129009387 152912366
152575179 58298201
152575179 127186997
152575179 31415083
57649106 37235489
57649106 85795133
57649106 127186997
29164957 127186997
219563847 85795133
219563847 127186997
229013004 223774134
229013004 145456424
152504320 127186997
