21705412 67525311
21705412 217136653
21705412 693615877
21705412 169599151
155654026 67525311
155654026 183809132
155654026 693615877
190392688 67525311
183809132 155654026
183809132 67525311
183809132 159776083
183809132 693615877
67525311 299601029
67525311 21705412
67525311 693615877
67525311 190392688
67525311 183809132
67525311 217136653
67525311 516168616
67525311 215942799
67525311 75154079
67525311 155654026
516168616 169599151
516168616 21705412
516168616 693615877
516168616 261317110
516168616 159776083
516168616 217136653
516168616 67525311
215942799 67525311
215942799 261317110
693615877 21705412
693615877 183809132
693615877 159776083
693615877 217136653
693615877 516168616
693615877 155654026
693615877 67525311
217136653 169599151
217136653 21705412
217136653 693615877
217136653 67525311
217136653 516168616
217136653 159776083
384430283 67525311
384430283 159776083
299601029 67525311
159776083 693615877
159776083 183809132
159776083 384430283
159776083 217136653
169599151 21705412
169599151 217136653
169599151 516168616
169599151 67525311
169599151 75154079
261317110 215942799
261317110 516168616
