581802887 127166676
728421001 127166676
97266977 127166676
532584855 127166676
215942657 127166676
19229659 127166676
565508544 127166676
805330492 127166676
152576225 127166676
152850255 127166676
836612301 127166676
582415513 127166676
44758638 44852996
44758638 152784816
44758638 152808069
210183653 268407055
210183653 152728782
210183653 127166676
210183653 580946412
210183653 152784816
288254193 127166676
152566254 127166676
155912918 128876399
155912918 127166676
152728782 127166676
152728782 210183653
283573688 127166676
47616150 38734650
47616150 127166676
283651693 127166676
836612556 127166676
540773695 127166676
580946412 127166676
580946412 210183653
305630357 127166676
360822490 127166676
560215585 127166676
14071360 128876399
14071360 38734650
14071360 215766713
14071360 127166676
14071360 57650050
44852996 44758638
44852996 127166676
44852996 57645116
831040100 152572333
66843480 127166676
52570811 127166676
52570811 85051302
44629922 127166676
44629922 215942657
268407055 127166676
268407055 57645116
268407055 210183653
175158565 4044427
175158565 127166676
215766713 128876399
215766713 127166676
107496104 127166676
212275155 532584855
836612515 127166676
54617600 127166676
128876399 14071360
128876399 155912918
128876399 127166676
152572333 127166676
152808069 127166676
152919682 127166676
83098834 127166676
806316903 127166676
152796909 152808069
152796909 127166676
298834727 127166676
152724273 127166676
421456412 127166676
175501058 127166676
129458678 127166676
581602972 127166676
99810342 127166676
99810342 152930886
210257162 127166676
57645116 38734650
57645116 268407055
57645116 44852996
57645116 152784816
57645116 152930886
643171581 127166676
85051302 57650050
85051302 38734650
85051302 52570811
184626479 127166676
581361079 127166676
45659342 127166676
152481789 127166676
152481789 41008836
38734650 47616150
38734650 85051302
38734650 127166676
38734650 57645116
152727913 127166676
152727913 152784816
724596644 127166676
57650050 85051302
57650050 127166676
57650050 152784816
36351798 127166676
181243279 127166676
227568939 127166676
4044427 127166676
4044427 175158565
186902288 127166676
152927028 152930886
152930886 152927028
152930886 152566254
152930886 127166676
152930886 57645116
152930886 152784816
152930886 99810342
804915990 127166676
582055194 127166676
152784816 44758638
152784816 127166676
152784816 57645116
152784816 210183653
152784816 57650050
152784816 152727913
152784816 152930886
41008836 127166676
305607810 127166676
