52575413 25623574
6686743 13406789
6686743 28431976
52388777 25623574
58365719 112058500
152713318 54246746
152713318 210238496
152713318 5898693
152713318 28431976
152713318 9555261
152713318 57648585
152728851 57648645
112058500 58365719
112058500 54246746
92081322 57648645
92081322 28431976
13982462 25623574
152929552 25623574
58099624 130314583
154817627 25623574
123959164 54246746
123959164 25623574
13406789 54246746
13406789 28431976
13406789 6686743
13406789 82643364
49415828 28431976
49415828 152723737
27792694 28431976
19966432 155897457
19966432 25623574
19966432 28431976
82643490 152929552
82643490 57648645
152930635 28431976
152733416 54246746
152733416 57650428
152733416 150040108
57588059 57650428
57588059 25623574
57588059 5898693
9555261 28431976
9555261 152713318
9555261 57648645
9555261 52388777
9555261 152723737
152723737 210238496
152723737 210197882
152723737 49415828
152723737 28431976
152723737 210202160
152723737 57648645
152723737 9555261
133916887 25623574
152856833 54246746
152236396 25623574
82643364 28431976
82643364 13406789
57648645 54246746
57648645 57650428
57648645 5898693
57648645 49415828
57648645 152723737
57648645 82643364
57648645 152728851
57648645 152819058
57648645 92081322
57648645 28431976
57648645 9555261
57648645 57648585
210202160 152723737
152819058 25623574
152819058 57648645
152819058 152576050
152819058 28431976
42153515 25623574
57648585 152713318
57648585 57648645
57648585 210197882
57648585 210238496
28431976 19966432
28431976 54246746
28431976 57650428
28431976 210238496
28431976 49415828
28431976 13406789
28431976 210202160
28431976 152930635
28431976 152723737
28431976 82643364
28431976 27792694
28431976 152819058
28431976 152713318
28431976 6686743
28431976 92081322
28431976 57648645
28431976 123959164
28431976 9555261
57646903 54246746
57646903 25623574
83261117 25623574
54246746 57646903
54246746 112058500
54246746 152733416
54246746 210238496
54246746 25623574
54246746 601646986
54246746 123959164
54246746 152856833
54246746 28431976
54246746 13406789
54246746 152713318
54246746 57648645
210197882 210238496
210197882 152723737
210197882 57648585
152733483 210238496
5898693 57588059
5898693 57650428
5898693 210238496
5898693 152713318
5898693 57648645
57650428 57588059
57650428 152733416
57650428 210238496
57650428 5898693
57650428 52388777
57650428 28431976
57650428 57648645
210238496 152733483
210238496 54246746
210238496 57650428
210238496 210197882
210238496 28431976
210238496 152713318
210238496 152723737
210238496 57648585
601646986 54246746
49057697 25623574
155897457 19966432
155897457 25623574
