148944315 82724334
230933590 82724334
82724334 21009511
82724334 127318460
58177169 82724334
58177169 127318460
58177169 32719296
152602733 11634411
152602733 11086189
19214990 127318460
136589650 82724334
152816328 82724334
128811778 13777963
382823686 127318460
38307412 128504352
38307412 127318460
44746920 82724334
94305474 13777963
21009511 82724334
225842104 82724334
142729915 82724334
142729915 21009511
142729915 127318460
142729915 25251319
756508399 13777963
322184898 82724334
52008709 82724334
132324953 127318460
84529630 127318460
164356438 13777963
54180102 82724334
45059601 82724334
45059601 32719296
60695658 82724334
101695423 82724334
581268810 82724334
30495321 82724334
30495321 127318460
13777963 82724334
13777963 23621365
13777963 217175326
13777963 94305474
68947816 11181614
2491829 82724334
92064005 82724334
58278218 82724334
58278218 13777963
128504352 82724334
128504352 83375699
128504352 38307412
128504352 13777963
86344302 82724334
52394091 82724334
177094502 82724334
37318323 32719296
52389582 82724334
52389582 21009511
257116456 127318460
79389563 82724334
33563459 127318460
34231897 127318460
25251319 82724334
25251319 21009511
23621365 127318460
23621365 13777963
500974208 82724334
83375699 128504352
581247261 82724334
581247261 127318460
140864579 82724334
140864579 11086189
140864579 11634411
11086189 140864579
11086189 65399991
11086189 52389582
11086189 11634411
11086189 152602733
299882197 82724334
37821738 82724334
11181614 127318460
58362824 82724334
57483592 127318460
49343706 82724334
687037036 127318460
217175326 13777963
65399991 82724334
65399991 11181614
65399991 11086189
65399991 127318460
65399991 11634411
28879136 13777963
22961049 127318460
81485811 82724334
11396082 299882197
11634411 140864579
11634411 54180102
11634411 152602733
11634411 65399991
11634411 11086189
32719296 82724334
210242791 13777963
647717352 127318460
