175151834 57659533
128501391 580927238
128501391 42153787
30477839 758013547
30477839 49905526
97136590 152898675
97136590 135200716
97136590 28509939
97136590 129996102
155827385 57659533
152898675 152506567
152898675 97136590
129996102 124932745
129996102 97136590
328123421 49905526
57977339 758013547
152505878 210201715
210201715 152505878
210201715 28509939
28509939 152728643
28509939 97136590
28509939 210201715
28509939 57659533
28509939 152506567
28509939 92377959
758013547 30477839
152688344 135200716
92377959 28509939
580927238 318232598
580927238 128501391
22311546 30337522
30337522 760524039
30337522 22311546
152728643 28509939
152506567 152531650
152506567 28509939
152506567 144760898
57659533 175151834
57659533 155827385
57659533 28509939
25526937 20369894
133425365 144760898
233177748 144760898
758011845 49905526
144760898 133425365
144760898 233177748
144760898 152506567
760524039 30337522
152595150 42153787
701113789 30337522
701113789 318232598
