537548420 155578508
125400677 132652948
735843881 37422066
357253380 20513662
450173540 774729458
199873586 37422066
199873586 758681717
199873586 289193120
59569982 129281443
59569982 674863117
18763248 159769267
18763248 133597987
18763248 365639870
219606030 129170081
219606030 758681717
298804337 643934975
298804337 289193120
27521471 6695969
12177935 758681717
758681717 503054057
224902690 6288855
224902690 289193120
133597987 18763248
6695969 27521471
699598184 132652948
27621192 155671674
27621192 159769267
689360327 289189844
137005752 253407646
129170081 219606030
11001348 834307225
155578508 537548420
241411165 289193120
241411165 79873765
20513662 357253380
201409904 21911387
774729458 450173540
155671674 27621192
6288855 367131257
6288855 224902690
6288855 289193120
159769267 18763248
159769267 27621192
289189844 689360327
383123569 289193120
661372826 643934975
674863117 59569982
367131257 558702692
367131257 6288855
31971833 37422066
289193120 6288855
289193120 298804337
289193120 224902690
289193120 383123569
289193120 241411165
253407646 137005752
643934975 298804337
365639870 18763248
129281443 59569982
21911387 201409904
21911387 834307225
79873765 687686122
