48070292 23012903
44679242 44458126
44679242 49043777
44679242 23012903
44679242 49064930
50890149 23012903
138335744 23012903
44482962 23012903
231120509 23012903
49043777 44796524
49043777 23012903
49043777 49064930
44869215 23012903
735712240 23012903
82636656 23012903
44458126 44679242
9384868 23012903
48491194 23012903
44514802 23012903
836612985 23012903
49064930 44679242
49064930 49043777
49064930 23012903
44796524 49043777
52743447 23012903
577132616 23012903
54481012 49046950
54481012 23012903
54481012 48649525
45024536 23012903
44545871 23012903
44794777 23012903
44303824 23012903
52389600 23012903
43974055 23012903
747179507 23012903
153044853 23012903
48528114 44592429
48528114 23012903
45000940 23012903
44094547 23012903
114623305 23012903
114623305 92371932
61241345 23012903
47251979 23012903
71298834 67835347
71298834 23012903
742892084 23012903
52717466 23012903
415303654 23012903
154957777 649975716
41450569 23012903
178243238 23012903
199718837 23012903
70328259 23012903
128209155 48070292
128209155 23012903
128209155 48649525
48597639 23012903
148004487 23012903
61137391 23012903
47687174 23012903
44289380 23012903
49046950 54481012
49046950 23012903
604617808 23012903
92367752 23012903
92371932 114623305
48478616 23012903
44592429 48528114
44592429 23012903
49052410 23012903
48649525 128209155
48649525 23012903
44914021 23012903
77206329 23012903
329426505 23012903
44867277 23012903
20471729 23012903
179682266 23012903
649975716 23012903
649975716 154957777
67835347 71298834
44592664 23012903
