152513720 152896606
580873131 26462815
580873131 152713047
128947744 229007026
128947744 26462815
128947744 143285705
298831210 26462815
298831210 19808009
298831210 58102075
10180580 26462815
10180580 78893535
210256933 26462815
210256933 69212215
152601286 26462815
582118787 26462815
57467873 152713047
152906232 26462815
152906232 92112711
581649159 19808009
582195851 152713047
52575091 26462815
143285705 26462815
143285705 128947744
152594941 152601286
58102075 26462815
58102075 298831210
58102075 152896606
152896606 26462815
152896606 152513720
152896606 152931370
152896606 92112711
152896606 58102075
505325424 152713047
58106887 26462815
58106887 85051979
58106887 92112711
65270266 26462815
582548412 26462815
152524817 26462815
298830395 26462815
229007026 128947744
229007026 26462815
78893535 26462815
78893535 10180580
359366897 26462815
359366897 581424288
10196944 210267540
10196944 26462815
10196944 214927763
10196944 69212215
10196944 49179888
580910724 26462815
85051979 26462815
85051979 69212215
85051979 92112711
570576009 26462815
570576009 152905292
210267540 26462815
210267540 15931613
210267540 69212215
210267540 10196944
210267540 143285705
535206134 152713047
640788240 152535065
640788240 26462815
640788240 69212215
640788240 581011383
359366890 210187179
359366890 15931613
135128683 26462815
135128683 15931613
728411062 26462815
581011383 640788240
581011383 26462815
581011383 15931613
207078030 26462815
26462815 210267540
26462815 65270266
26462815 10180580
26462815 15931613
26462815 69212215
26462815 78893535
26462815 152931370
26462815 298831210
26462815 58106887
26462815 128947744
26462815 700842076
26462815 19808009
26462815 10196944
26462815 49179888
26462815 27412491
26462815 92112711
700842076 26462815
15931613 44758581
15931613 210187179
15931613 210267540
15931613 26462815
15931613 214927763
15931613 359366890
15931613 135128683
15931613 581011383
15931613 92112711
49179888 26462815
49179888 10196944
152907360 26462815
806235526 643003262
27412491 26462815
27412491 69212215
152565850 26462815
19808009 210187179
19808009 26462815
19808009 69212215
19808009 581649159
19808009 298831210
92112711 85051979
92112711 26462815
92112711 49179888
92112711 210267540
92112711 69212215
92112711 152906232
92112711 44758581
92112711 15931613
92112711 580910724
92112711 58106887
210187179 26462815
210187179 359366890
210187179 15931613
210187179 19808009
152713047 26462815
152713047 633958072
152713047 57467873
152713047 324445273
581424288 26462815
581424288 223828934
580964099 26462815
324445273 57467873
324445273 152713047
633958072 26462815
633958072 152713047
152677679 152713047
177373611 26462815
44758581 26462815
44758581 15931613
44758581 69212215
44758581 92112711
152931370 152896606
152931370 26462815
49441923 129479943
69212215 44758581
69212215 640788240
69212215 210267540
69212215 26462815
69212215 85051979
69212215 19808009
69212215 10196944
69212215 27412491
69212215 92112711
223828934 26462815
279992841 152713047
214927763 15931613
214927763 10196944
