142749014 127170980
432647762 166824538
432647762 167045111
167045111 166824538
167045111 432647762
167045111 333502383
61339889 127170980
163978320 127170980
301154835 127170980
11837546 127170980
27561666 36005175
27561666 127170980
166824538 333502383
166824538 432647762
166824538 167045111
161485812 127170980
102383670 27561666
102383670 127170980
29225991 127170980
56759925 127170980
131854222 127170980
127175345 127170980
71709675 127170980
85018681 127170980
85750099 127170980
35999267 127170980
35999267 36005175
56373822 127170980
1844444 127170980
39349538 36005175
56255710 29225991
56255710 127170980
127983374 127170980
49025813 68951759
49025813 127170980
9934908 127170980
9934908 36005175
36005175 127170980
48763701 68951759
328786631 127170980
128930101 127170980
68951759 48763701
68951759 127170980
68951759 127175345
10056293 127170980
20837146 127170980
