48730198 127386329
54890382 127386329
139427171 127386329
129777873 127386329
44981415 127386329
44544711 127386329
39690443 127386329
39690443 4592543
39690443 44254989
127846755 44915600
44915600 127386329
44915600 564580571
44915600 130775868
44915600 231194646
44915600 50584899
44915600 44826095
44915600 127846755
44915600 45223702
44915600 49043874
657298247 127386329
56050507 127386329
50876251 127386329
50876251 44915600
49054416 127386329
44676067 127386329
44676067 49063590
48709125 203818373
48709125 127386329
48709125 44915600
44929107 127386329
44758709 127386329
50584899 127386329
50584899 44915600
80884288 127386329
302918110 127386329
302918110 44915600
45475849 127386329
54609382 127386329
170321991 127386329
48713860 127386329
56799681 127386329
48667413 127386329
47521026 39690443
45034551 127386329
142832320 127386329
44952214 127386329
75377375 2520031
49063590 127386329
49063590 44676067
50878266 127386329
231194646 44915600
228465252 127386329
45020369 127386329
127272320 127386329
65369764 127386329
49043874 127386329
49043874 44254989
48047499 127386329
577009752 127386329
231051001 127386329
160500527 127386329
54262300 127386329
151600706 127386329
2520031 127386329
2520031 75377375
2520031 302918110
45223702 127386329
45223702 44826095
44826095 127386329
44826095 44915600
102342284 127386329
61259778 127386329
44254989 127386329
44254989 39690443
3500110 127386329
44039186 127386329
581711191 127386329
54262515 127386329
48737704 127386329
44732827 29459020
44732827 127386329
57512285 127386329
57512285 49054416
