130619029 127198959
137432170 127198959
137432170 127182378
630341911 162984550
630341911 127374315
173076913 127198959
48239739 115662765
48239739 127374315
346476372 127374315
127198959 137432170
127198959 4032501
127198959 167669012
127198959 127374315
127198959 127182378
127198959 72556676
127198959 156663187
496435036 127198959
156640156 127374315
156640156 127182378
836614759 127374315
836614759 127182378
49480098 127198959
49480098 162984550
49480098 127374315
49480098 127182378
179273604 127374315
48332939 127198959
132547696 127198959
132547696 127374315
127182378 127198959
127182378 162984550
127182378 127374315
127182378 219606090
45012130 127198959
45012130 127182378
45012130 127374315
699214245 127374315
496957161 127374315
132347500 127182378
132347500 127374315
7567937 312117625
7567937 127198959
7567937 162984550
7567937 127374315
7567937 92512277
7567937 127182378
82530182 13753755
82530182 127374315
82530182 127182378
53929384 131257140
53929384 127198959
53929384 162984550
53929384 127354920
53929384 127374315
53929384 92512277
53929384 219606090
53929384 127182378
130617407 127198959
132923548 127374315
132923548 127182378
72556676 127198959
72556676 127374315
72556676 127182378
96622640 312117625
96622640 127374315
96622640 127182378
424221704 127198959
127374315 127198959
127374315 162984550
127374315 127354920
127374315 92512277
127374315 219606090
127374315 127182378
374949182 127182378
32740711 219606090
600834631 127198959
162984550 836614759
162984550 131257140
162984550 127198959
162984550 4032501
162984550 127182378
162984550 219606090
162984550 127374315
162984550 127354920
310376240 127198959
310376240 127374315
310376240 127182378
743987447 127182378
92512277 127198959
92512277 7567937
92512277 127182378
92512277 219606090
92512277 127374315
160469520 127198959
92150337 127374315
92150337 127182378
44781644 127374315
44781644 127182378
266974142 127182378
414386855 127374315
414386855 127182378
219606090 32740711
219606090 127198959
219606090 127182378
219606090 92512277
219606090 127374315
219606090 162984550
20809611 127198959
20809611 127374315
20809611 127182378
44249105 127198959
312117625 127374315
751539394 127374315
751539394 127182378
142481618 127198959
142481618 162984550
142481618 127374315
142481618 127182378
131257140 127198959
131257140 162984550
131257140 127182378
131257140 219606090
131257140 127374315
161612959 162984550
161612959 127182378
161612959 127374315
413656938 127198959
413656938 127374315
413656938 127182378
115214982 127374315
13753755 82530182
13753755 127374315
13753755 127182378
767176639 127374315
767176639 127182378
127354920 162984550
127354920 127374315
127354920 219606090
127354920 127182378
68000916 127374315
68000916 127182378
192186209 49061721
115662765 127198959
115662765 127374315
115662765 127182378
163000852 127374315
163000852 127182378
836614230 127182378
167669012 127198959
167669012 127374315
167669012 127182378
172600457 127374315
156663187 127198959
431203239 127198959
6733034 127374315
49051368 127374315
49051368 127182378
814685289 127374315
814685289 127182378
29795302 127182378
415849373 127198959
49061721 127198959
48473608 127374315
4032501 127198959
4032501 162984550
4032501 127374315
4032501 219606090
4032501 127182378
119864741 127198959
54314698 127198959
54314698 162984550
54314698 127374315
54314698 219606090
54314698 127182378
299283384 127374315
756983580 127374315
414836435 127374315
414836435 127182378
