103349708 15702395
219713718 130669649
219713718 15702395
219713718 127217895
45312508 15702395
128687675 127217895
128687675 15702395
15702395 85681755
15702395 28898567
15702395 147899425
15702395 219713718
15702395 27353955
15702395 139116847
15702395 128687675
15702395 300523977
15702395 130669649
15702395 127217895
15702395 17624196
200073960 28898567
200073960 436164005
200073960 15702395
436164005 15702395
436164005 200073960
436164005 28898567
436164005 49343706
51711627 128687675
51711627 15702395
51711627 127217895
549348888 200073960
147899425 15702395
147899425 127217895
79041217 155451582
139116847 15702395
698188738 15702395
698188738 127217895
132874256 85681755
152149461 15702395
85681755 132874256
85681755 15702395
54423593 46331001
127217895 219713718
127217895 128687675
127217895 15702395
168862226 15702395
675123101 15702395
166861670 15702395
12943740 155451582
71804745 15702395
27353955 200073960
27353955 15702395
25085313 15702395
25085313 128687675
25085313 200073960
25085313 219713718
604516433 15702395
123391480 15702395
198371030 15702395
300523977 15702395
300523977 128687675
836610872 128687675
11513779 15702395
83410510 128687675
128084868 15702395
49343706 200073960
49343706 128687675
49343706 436164005
49343706 15702395
49052868 200073960
92050428 49343706
92050428 200073960
22868041 200073960
130669649 219713718
130669649 128687675
130669649 15702395
455850220 128687675
455850220 132874256
162990598 128687675
28898567 200073960
28898567 155451582
28898567 436164005
28898567 15702395
836611301 15702395
