49493246 127166025
57647843 152839678
57647843 57650999
57647843 36774033
57647843 128395878
57647843 128501311
57647843 57848901
57647843 22181667
57647843 127166025
57647843 134974763
57647843 152576901
57647843 175159271
57647843 44758644
57647843 58152000
57647843 57652558
57647843 31415083
57647843 107470405
228992475 127166025
6686743 36774033
6686743 127166025
57848901 107470405
57848901 210222323
57848901 152839678
57848901 57650999
57848901 29285703
57848901 298850818
57848901 44759379
57848901 57653284
57848901 20898358
57848901 128395878
57848901 57647843
57848901 128501311
57848901 22181667
57848901 127166025
57848901 210228534
57848901 57648529
57848901 70100286
57848901 57649628
57848901 134974763
57848901 152576901
57848901 175159271
57848901 210196772
57848901 44758644
57848901 57644057
57848901 57646995
57848901 58152000
57848901 152533638
57848901 57652558
57848901 57645709
57848901 44759586
57848901 152732494
167696561 127166025
210196772 57650999
210196772 128501311
210196772 57848901
210196772 22181667
210196772 127166025
210196772 57649628
210196772 44758644
210196772 57644057
210196772 57646995
210196772 57652558
210196772 57645709
37656735 45161249
37656735 128395878
37656735 47681940
37656735 127166025
57644057 129967538
57644057 7403232
57644057 210222323
57644057 90958218
57644057 152839678
57644057 45542898
57644057 29285703
57644057 298850818
57644057 152939029
57644057 833304499
57644057 44759379
57644057 36774033
57644057 128395878
57644057 128501311
57644057 152482429
57644057 57848901
57644057 22181667
57644057 127166025
57644057 210197215
57644057 210228534
57644057 57648529
57644057 70100286
57644057 57649628
57644057 134974763
57644057 175159271
57644057 210196772
57644057 152929794
57644057 152948162
57644057 172483062
57644057 57646995
57644057 152533638
57644057 57652558
57644057 31415083
57644057 57645709
57644057 152732494
152565005 127166025
152565005 31415083
152565005 48565228
22059580 127166025
129967538 107470405
129967538 36774033
129967538 127166025
129967538 210228534
129967538 57648529
129967538 57649628
129967538 175159271
129967538 44758644
129967538 57644057
129967538 210258058
29285703 210222323
29285703 90958218
29285703 44759379
29285703 210191204
29285703 57848901
29285703 57644057
29285703 57646995
29285703 48565228
29285703 57645709
29285703 36774033
29285703 127166025
29285703 31415083
57645709 152839678
57645709 57650999
57645709 29285703
57645709 57653284
57645709 36774033
57645709 57848901
57645709 127166025
57645709 57649628
57645709 175159271
57645709 210196772
57645709 44758644
57645709 57644057
57645709 152929794
57645709 152533638
57645709 31415083
57645709 152702847
58152000 90958218
58152000 57647843
58152000 57848901
58152000 127166025
58152000 210228534
58152000 152533638
58152000 31415083
58152000 152702847
833304499 127166025
833304499 57649628
833304499 44758644
833304499 57644057
833304499 57652558
57653284 7403232
57653284 90958218
57653284 152839678
57653284 57650999
57653284 152939029
57653284 44759379
57653284 210191204
57653284 36774033
57653284 128395878
57653284 57848901
57653284 127166025
57653284 57648529
57653284 57649628
57653284 134974763
57653284 57647560
57653284 152576901
57653284 44758644
57653284 210240908
57653284 152676871
57653284 57646995
57653284 152533638
57653284 57652558
57653284 152702847
57653284 57645709
57653284 44759586
152702847 90958218
152702847 152839678
152702847 127166025
152702847 210228534
152702847 57648529
152702847 57647560
152702847 152533638
107470405 129967538
107470405 45542898
107470405 210191204
107470405 128395878
107470405 57848901
107470405 127166025
107470405 45161249
107470405 57647843
5301008 127166025
152676871 57653284
152676871 127166025
152676871 57649628
152676871 57647560
152676871 44758644
152676871 48565228
90958218 29285703
90958218 44759933
90958218 57653284
90958218 20898358
90958218 127166025
90958218 210197215
90958218 57649628
90958218 57644057
90958218 58152000
90958218 152533638
90958218 31415083
90958218 152702847
152533638 57650999
152533638 152939029
152533638 44759379
152533638 57653284
152533638 128395878
152533638 57848901
152533638 127166025
152533638 57649628
152533638 175159271
152533638 57644057
152533638 152628917
152533638 152702847
582034058 36774033
582034058 127166025
728466451 31415083
728466451 127166025
421518800 127166025
23158351 127166025
45542898 107470405
45542898 152939029
45542898 36774033
45542898 127166025
45542898 175159271
45542898 57644057
22181667 7403232
22181667 57650999
22181667 36774033
22181667 20898358
22181667 57647843
22181667 128501311
22181667 57848901
22181667 127166025
22181667 210196772
22181667 44758644
22181667 57644057
22181667 152628917
22181667 57652558
22181667 31415083
22181667 48565228
44759379 29285703
44759379 582034058
44759379 127166025
44759379 57649628
44759379 152565005
44759379 44758644
44759379 57644057
44759379 152533638
44759379 31415083
57647560 57650999
57647560 57653284
57647560 128395878
57647560 210197215
57647560 210228534
57647560 57649628
57647560 134974763
57647560 44758644
57647560 152676871
57647560 57652558
57647560 152702847
57647560 36774033
57647560 152839678
57647560 127166025
57647560 31415083
57646995 57650999
57646995 29285703
57646995 57653284
57646995 36774033
57646995 45161249
57646995 57647843
57646995 57848901
57646995 127166025
57646995 70100286
57646995 57649628
57646995 134974763
57646995 210196772
57646995 44758644
57646995 57644057
57646995 152929794
210258058 129967538
210258058 127166025
210258058 175159271
210258058 152948162
298850818 57848901
298850818 44758644
298850818 57644057
298850818 152576901
298850818 127166025
298850818 31415083
210240908 7403232
210240908 57647843
210240908 127166025
210240908 134974763
48565228 152839678
48565228 29285703
48565228 152939029
48565228 155879656
48565228 22181667
48565228 127166025
48565228 57648529
48565228 134974763
48565228 152565005
48565228 44758644
48565228 152676871
152939029 45542898
152939029 57653284
152939029 44758644
152939029 57644057
152939029 152533638
152939029 48565228
152939029 36774033
152939029 127166025
152939029 57648529
45161249 128395878
45161249 175159271
45161249 44758644
45161249 152929794
45161249 57652558
45161249 36774033
45161249 127166025
45161249 70100286
45161249 107470405
210197215 90958218
210197215 36774033
210197215 127166025
210197215 57647560
210197215 44758644
210197215 57644057
210197215 31415083
210197215 152702847
505296797 127166025
101696577 127166025
101696577 175159271
101696577 31415083
237059256 127166025
152929794 45161249
152929794 128501311
152929794 127166025
152929794 57644057
152929794 57645709
7403232 57650999
7403232 57653284
7403232 210191204
7403232 57647843
7403232 22181667
7403232 57649628
7403232 134974763
7403232 175159271
7403232 44758644
7403232 57644057
7403232 210240908
7403232 57652558
7403232 152839678
7403232 127166025
7403232 31415083
152482429 127166025
152482429 57644057
210222323 57650999
210222323 29285703
210222323 36774033
210222323 57848901
210222323 127166025
210222323 57644057
210222323 152674042
57648529 129967538
57648529 57650999
57648529 57653284
57648529 57848901
57648529 210228534
57648529 57649628
57648529 44758644
57648529 57644057
57648529 152702847
57648529 48565228
57648529 36774033
57648529 127166025
57648529 31415083
57648529 152939029
210191204 7403232
210191204 107470405
210191204 29285703
210191204 57653284
210191204 36774033
210191204 128395878
210191204 127166025
536276008 127166025
536276008 31415083
812475893 127166025
152911941 44759379
152911941 36774033
152911941 127166025
747127472 127166025
36774033 129967538
36774033 210222323
36774033 90958218
36774033 57650999
36774033 45542898
36774033 44759933
36774033 37206074
36774033 57653284
36774033 210191204
36774033 582034058
36774033 128395878
36774033 57647843
36774033 128501311
36774033 22181667
36774033 210197215
36774033 57649628
36774033 175159271
36774033 44758644
36774033 57644057
36774033 152948162
36774033 57646995
36774033 152628917
36774033 152911941
36774033 57645709
36774033 57647560
36774033 152576901
36774033 45161249
36774033 152839678
36774033 29285703
36774033 127166025
36774033 31415083
36774033 152939029
36774033 144730856
36774033 57648529
36774033 152732494
581264258 127166025
134974763 7403232
134974763 57653284
134974763 128395878
134974763 57647843
134974763 57848901
134974763 127166025
134974763 57649628
134974763 57647560
134974763 152576901
134974763 57644057
134974763 210240908
134974763 57646995
134974763 31415083
134974763 48565228
152628917 36774033
152628917 22181667
152628917 127166025
152628917 152533638
172483062 36774033
172483062 127166025
172483062 44758644
172483062 57644057
210228534 129967538
210228534 57650999
210228534 57848901
210228534 127166025
210228534 57648529
210228534 57649628
210228534 57647560
210228534 175159271
210228534 44758644
210228534 57644057
210228534 58152000
210228534 57652558
210228534 152702847
171390857 127166025
175159271 129967538
175159271 7403232
175159271 45542898
175159271 36774033
175159271 45161249
175159271 128395878
175159271 57647843
175159271 57848901
175159271 127166025
175159271 210228534
175159271 57649628
175159271 44758644
175159271 57644057
175159271 152948162
175159271 101696577
175159271 210258058
175159271 152533638
175159271 31415083
175159271 57645709
836612867 127166025
677390835 127166025
155879656 127166025
152576901 57650999
152576901 57653284
152576901 57647843
152576901 57848901
152576901 134974763
152576901 44758644
152576901 152702847
152576901 36774033
152576901 152839678
152576901 127166025
152576901 298850818
152576901 31415083
31415083 90958218
31415083 57650999
31415083 44759379
31415083 44759933
31415083 728466451
31415083 536276008
31415083 128395878
31415083 57647843
31415083 128501311
31415083 22181667
31415083 210197215
31415083 57649628
31415083 134974763
31415083 152565005
31415083 175159271
31415083 44758644
31415083 57644057
31415083 101696577
31415083 58152000
31415083 57652558
31415083 57645709
31415083 57647560
31415083 7403232
31415083 152576901
31415083 36774033
31415083 152839678
31415083 29285703
31415083 127166025
31415083 298850818
31415083 57648529
31415083 44759586
31415083 152732494
37206074 36774033
37206074 57647843
37206074 127166025
37206074 57649628
152732494 127166025
152732494 36774033
152732494 128501311
152732494 57848901
152732494 57649628
152732494 57647843
152732494 57644057
47681940 127166025
138811621 127166025
44759586 57653284
44759586 128501311
44759586 57848901
44759586 127166025
44758644 129967538
44758644 7403232
44758644 152839678
44758644 298850818
44758644 152939029
44758644 833304499
44758644 44759379
44758644 44759933
44758644 57653284
44758644 36774033
44758644 45161249
44758644 128395878
44758644 57647843
44758644 57848901
44758644 22181667
44758644 127166025
44758644 210197215
44758644 210228534
44758644 57648529
44758644 70100286
44758644 57649628
44758644 57647560
44758644 152576901
44758644 175159271
44758644 210196772
44758644 152676871
44758644 172483062
44758644 57646995
44758644 57652558
44758644 31415083
44758644 48565228
44758644 57645709
757502309 127166025
57652558 7403232
57652558 57650999
57652558 833304499
57652558 57653284
57652558 45161249
57652558 128395878
57652558 57647843
57652558 128501311
57652558 57848901
57652558 22181667
57652558 127166025
57652558 210228534
57652558 57649628
57652558 57647560
57652558 210196772
57652558 44758644
57652558 57644057
57652558 31415083
57652558 152702847
54241705 127166025
229910680 127166025
128501311 36774033
128501311 57647843
128501311 57848901
128501311 22181667
128501311 127166025
128501311 210196772
128501311 57644057
128501311 57652558
128501311 31415083
128501311 44759586
128501311 152732494
20898358 90958218
20898358 57848901
20898358 127166025
128395878 107470405
128395878 152839678
128395878 57653284
128395878 210191204
128395878 36774033
128395878 45161249
128395878 57647843
128395878 57848901
128395878 127166025
128395878 134974763
128395878 57647560
128395878 175159271
128395878 44758644
128395878 57644057
128395878 152948162
128395878 37656735
128395878 152533638
128395878 57652558
128395878 31415083
128395878 152702847
128395878 57645709
70100286 57848901
70100286 44758644
70100286 57644057
70100286 57646995
70100286 127166025
297835382 127166025
833531925 127166025
152839678 57653284
152839678 128395878
152839678 57647843
152839678 57848901
152839678 44758644
152839678 57644057
152839678 152702847
152839678 48565228
152839678 57645709
152839678 57647560
152839678 7403232
152839678 152576901
152839678 36774033
152839678 127166025
152839678 31415083
836611982 127166025
634184918 127166025
144730856 237059256
144730856 36774033
144730856 127166025
152948162 36774033
152948162 128395878
152948162 128501311
152948162 127166025
152948162 175159271
152948162 57644057
581316175 127166025
152674042 210222323
152674042 127166025
152674042 57649628
44759933 90958218
44759933 36774033
44759933 127166025
44759933 44758644
44759933 31415083
57649628 129967538
57649628 7403232
57649628 90958218
57649628 57650999
57649628 29285703
57649628 833304499
57649628 44759379
57649628 37206074
57649628 57653284
57649628 36774033
57649628 57848901
57649628 127166025
57649628 210228534
57649628 57648529
57649628 134974763
57649628 57647560
57649628 175159271
57649628 210196772
57649628 44758644
57649628 57644057
57649628 152676871
57649628 57646995
57649628 152674042
57649628 152533638
57649628 57652558
57649628 31415083
57649628 57645709
57649628 152732494
