150345249 128207651
257182344 26134672
257182344 833654762
257182344 128276900
257182344 75102773
257182344 128207651
257182344 128629946
589406240 130658484
219094082 131235367
71766574 128207651
763196672 128207651
763196672 128276900
128207651 128629946
128207651 71766574
128207651 702337705
128207651 75102773
128207651 128276900
128207651 131235367
128207651 833654762
128207651 26134672
128207651 257182344
128207651 501416874
128207651 178652002
501416874 128207651
501416874 128276900
164370707 128207651
164370707 128276900
75102773 128207651
75102773 257182344
75102773 833654762
75102773 131235367
75102773 128276900
128276900 257182344
128276900 131235367
128276900 75102773
128276900 128207651
27773385 128207651
178652002 128207651
128629946 128207651
44057712 128207651
44297966 128207651
26134672 128207651
26134672 702337705
26134672 75102773
26134672 128276900
26134672 257182344
359546867 128207651
401808195 128207651
131235367 128207651
131235367 128276900
131235367 75102773
150333682 128207651
150333682 257182344
833654762 128207651
833654762 75102773
833654762 128276900
833654762 257182344
317269698 128207651
130658484 589406240
130658484 128207651
130658484 128276900
222465960 128276900
702337705 128207651
702337705 128276900
702337705 26134672
102531018 131235367
