152931344 128501245
152931344 29081059
152931344 57647423
152931344 93826244
152931344 581295245
29081059 14066949
29081059 128501245
29081059 34917975
29081059 35915258
29081059 85681504
29081059 210187394
29081059 298840515
29081059 99754386
29081059 19326160
29081059 93826244
29081059 57649341
19326160 128501245
19326160 10142017
19326160 152816388
57645405 128501245
57645405 44750232
57645405 20661189
152674309 14066949
152674309 128501245
152674309 21070786
152674309 85681504
152674309 133999450
152674309 152816388
152674309 79030726
581295245 152931344
581295245 128501245
105157453 128501245
105157453 152938121
105157453 99754386
105157453 93826244
85080753 128501245
85080753 582604991
85681504 14066949
85681504 128501245
85681504 152619940
85681504 57652685
85681504 44750232
85681504 152674309
85681504 155824685
85681504 29081059
85681504 20661189
85681504 52577870
85681504 50485657
85681504 35915258
85681504 65250504
85681504 210239054
85681504 57652167
152592762 128501245
152592762 582604991
152592762 57649341
298857833 128501245
99754386 128501245
99754386 105157453
99754386 5278843
99754386 29081059
99754386 50485657
57645893 128501245
57645893 58123408
57645893 44750232
57645893 152816388
57645893 712462938
57645893 20661189
57645893 57649341
65451530 14066949
65451530 128501245
581316479 128501245
152844814 128501245
152844814 582604991
152844814 44754953
152725756 128501245
152725756 152816934
152725756 152833570
99599602 128501245
99599602 74971440
50485657 128501245
50485657 21070786
50485657 85681504
50485657 99754386
50485657 20661189
50485657 582604991
129235222 128501245
152619940 128501245
152619940 35915258
152619940 57651608
152619940 85681504
152619940 152816388
152619940 152938121
152619940 58156639
152619940 57653254
152619940 99754386
152619940 101699884
79030726 210220563
79030726 57652685
79030726 44750232
79030726 152674309
79030726 152938121
79030726 57647423
79030726 581247266
79030726 57653254
79030726 152928738
79030726 57649341
35682627 128501245
35682627 57647423
35682627 57649341
58123408 128501245
58123408 57645893
21070786 128501245
21070786 5278843
21070786 44750232
21070786 152674309
21070786 50485657
155819747 128501245
155819747 210239054
155819747 20661189
44750232 128501245
44750232 210220563
44750232 21070786
44750232 57645893
44750232 85681504
44750232 155824685
44750232 133999450
44750232 152816388
44750232 57645405
44750232 152938121
44750232 168067042
44750232 52577870
541457583 128501245
133999450 128501245
133999450 44750232
133999450 152674309
150575370 128501245
150575370 57653254
150575370 582604991
152816934 128501245
152816934 152816388
152816934 152725756
210187394 128501245
210187394 152816388
210187394 29081059
152726357 128501245
152726357 35915258
152513355 128501245
152513355 20661189
152679453 57651608
152679453 210239054
152679453 79030726
152679453 582604991
35915258 23677725
35915258 14066949
35915258 128501245
35915258 210220563
35915258 152619940
35915258 29081059
35915258 20661189
35915258 152726357
35915258 85681504
35915258 35976748
35915258 57649341
582251638 128501245
168067042 128501245
168067042 44750232
168067042 152788727
168067042 20661189
168067042 582604991
23677725 14066949
23677725 128501245
23677725 35915258
23677725 65250504
23677725 152905156
23677725 85681504
23677725 152816388
23677725 57647423
23677725 152953891
23677725 20661189
23677725 93826244
473351460 128501245
57652167 85681504
57652167 35915258
57652167 44754953
57652167 57649341
83785605 128501245
83785605 152788232
83785605 582604991
152905156 23677725
152905156 128501245
152905156 152816388
582604991 128501245
582604991 152702781
582604991 57652685
582604991 152592762
210220563 128501245
210220563 79030726
210220563 20661189
5278843 128501245
5278843 21070786
5278843 20661189
5278843 57649341
128501245 23677725
128501245 14066949
128501245 210220563
128501245 152619940
128501245 152727341
128501245 34917975
128501245 581156871
128501245 21070786
128501245 105157453
128501245 5278843
128501245 35915258
128501245 58123408
128501245 10142017
128501245 155819747
128501245 152726357
128501245 473351460
128501245 65250504
128501245 129380492
128501245 129235222
128501245 152788232
128501245 199754031
128501245 581316479
128501245 152905156
128501245 57645893
128501245 152592762
128501245 57651608
128501245 44750232
128501245 85681504
128501245 152844814
128501245 152931344
128501245 152674309
128501245 155824685
128501245 150575370
128501245 133999450
128501245 35976748
128501245 152816388
128501245 152816934
128501245 298830701
128501245 57645405
128501245 155852268
128501245 152734296
128501245 581597083
128501245 210187394
128501245 152938121
128501245 269804091
128501245 57647423
128501245 35682627
128501245 152513355
128501245 581247266
128501245 65451530
128501245 57605418
128501245 712462938
128501245 210239054
128501245 669710945
128501245 229014269
128501245 298840515
128501245 57653254
128501245 29081059
128501245 99754386
128501245 152833570
128501245 152725756
128501245 101699884
128501245 152953891
128501245 152579462
128501245 152907591
128501245 152914528
128501245 152928738
128501245 19326160
128501245 168067042
128501245 806332235
128501245 541457583
128501245 20661189
128501245 582251638
128501245 52577870
128501245 85080753
128501245 50485657
128501245 99599602
128501245 582371234
128501245 93826244
128501245 582604991
128501245 210272036
128501245 44754953
128501245 57649341
128501245 298857833
128501245 581295245
155852268 128501245
155852268 582604991
57652685 85681504
57652685 79030726
57652685 20661189
57652685 93826244
57652685 582604991
10142017 128501245
10142017 35915258
14066949 23677725
14066949 34917975
14066949 35915258
14066949 65250504
14066949 85681504
14066949 152674309
14066949 152816388
14066949 65451530
14066949 57605418
14066949 29081059
14066949 152833570
14066949 20661189
44754953 128501245
44754953 57652167
44754953 52577870
44754953 152833570
44754953 152816388
44754953 582371234
44754953 57649341
57647423 23677725
57647423 128501245
57647423 152734296
57647423 35682627
57647423 79030726
57647423 52577870
57647423 152816388
57647423 35976748
152928738 128501245
669710945 128501245
152907591 128501245
152907591 34917975
152907591 20661189
152907591 52577870
152907591 582604991
152727341 128501245
57649341 29081059
57649341 101699884
57649341 152816388
57649341 35915258
57649341 57645893
57649341 5278843
57649341 152938121
57649341 79030726
57649341 57653254
57649341 44754953
57649341 128501245
57649341 35682627
57649341 152592762
57649341 57652167
58156639 152619940
58156639 152727341
58156639 57653254
58156639 44754953
298840515 128501245
129380492 128501245
129380492 152816388
57653254 128501245
57653254 152619940
57653254 150575370
57653254 58156639
57653254 79030726
57653254 20661189
57653254 57649341
34917975 14066949
34917975 128501245
34917975 152816388
34917975 35682627
34917975 29081059
34917975 152907591
34917975 20661189
199754031 128501245
199754031 582604991
581247266 128501245
582371234 44754953
65250504 23677725
65250504 14066949
65250504 128501245
65250504 85681504
152816388 23677725
152816388 14066949
152816388 128501245
152816388 152619940
152816388 34917975
152816388 129380492
152816388 57645893
152816388 44750232
152816388 152674309
152816388 35976748
152816388 152816934
152816388 210187394
152816388 712462938
152816388 29081059
152816388 99754386
152816388 19326160
152816388 20661189
152816388 582371234
152816388 152905156
152816388 57647423
152816388 93826244
152816388 44754953
152816388 57649341
581156871 128501245
20661189 23677725
20661189 14066949
20661189 128501245
20661189 210220563
20661189 152619940
20661189 34917975
20661189 105157453
20661189 5278843
20661189 57652685
20661189 35915258
20661189 152788232
20661189 57645893
20661189 85681504
20661189 155824685
20661189 152816388
20661189 57645405
20661189 57647423
20661189 152513355
20661189 57653254
20661189 29081059
20661189 152907591
20661189 168067042
20661189 582251638
20661189 50485657
20661189 93826244
74971440 35915258
74971440 57651608
74971440 93826244
152702781 582604991
57651608 128501245
57651608 152619940
57651608 74971440
57651608 152938121
57651608 152679453
35976748 128501245
35976748 57647423
35976748 35915258
229014269 128501245
712462938 128501245
712462938 57645893
712462938 152816388
210239054 128501245
210239054 155819747
210239054 152788232
210239054 152679453
210239054 85681504
152734296 128501245
152734296 57647423
155824685 128501245
155824685 152788232
155824685 44750232
155824685 20661189
152938121 128501245
152938121 152619940
152938121 105157453
152938121 44750232
152938121 79030726
152938121 101699884
152938121 57649341
581597083 128501245
269804091 128501245
806332235 128501245
57605418 14066949
57605418 128501245
57605418 44750232
152833570 14066949
152833570 128501245
152833570 152725756
152788232 128501245
152788232 83785605
152788232 210239054
152788232 20661189
93826244 23677725
93826244 29081059
93826244 152931344
93826244 20661189
93826244 128501245
93826244 74971440
93826244 152816388
93826244 133999450
93826244 57652685
152953891 23677725
152953891 128501245
52577870 128501245
52577870 44750232
52577870 85681504
52577870 152816388
52577870 57647423
52577870 152907591
52577870 44754953
152788727 128501245
152788727 152816388
152788727 168067042
101699884 128501245
101699884 152619940
101699884 152938121
101699884 57649341
152579462 128501245
152579462 582604991
298830701 128501245
152914528 128501245
210272036 128501245
