32092492 10448952
36600037 10448952
74630761 31295751
52074488 79795530
52074488 83554406
31295751 10448952
31295751 74630761
61239525 10448952
61239525 3720700
61239525 7916033
7654521 10448952
7654521 79795530
55864970 3720700
55864970 7916033
208499746 79795530
208499746 83554406
96198530 10394941
58373544 61239525
58373544 7654521
83554406 52074488
83554406 208499746
83554406 7916033
10744527 83125235
10744527 10448952
10744527 3720700
10744527 17738438
10744527 10394941
132190995 307201150
31435178 57841108
235673307 135328806
59317246 8475047
743133300 15959180
57841108 56956348
57841108 31435178
7916033 61239525
7916033 55864970
7916033 3720700
7916033 83554406
7916033 31295751
7916033 67041247
17738438 20983958
17738438 15959180
17738438 10744527
83692474 36161653
22069508 10448952
22069508 31295751
22069508 69434299
22069508 7916033
135328806 235673307
135328806 10448952
307201150 132190995
3720700 10744527
3720700 55864970
3720700 61239525
3720700 7916033
8475047 10448952
6577968 10448952
83125235 10744527
67091152 10448952
10394941 10448952
10394941 10744527
56956348 57841108
20983958 17738438
59846315 130987216
67041247 36161653
67041247 7916033
10448952 36161653
10448952 6577968
10448952 128593032
10448952 10744527
10448952 10394941
15959180 743133300
15959180 10448952
15959180 67091152
15959180 17738438
8783882 10448952
36161653 10448952
79795530 52074488
79795530 208499746
79795530 7654521
82264286 10448952
130987216 59846315
128593032 10448952
49840470 10448952
