19317134 24961030
19317134 144786805
19317134 141769106
19317134 16907289
19317134 10690707
19317134 127204263
19317134 60332750
19317134 163789360
27671900 78565624
27671900 24961030
27671900 144786805
27671900 141769106
27671900 16907289
27671900 60332750
144786805 24961030
144786805 19317134
144786805 27671900
60332750 24961030
60332750 141769106
60332750 27671900
60332750 16907289
60332750 19317134
60332750 10690707
16907289 24961030
16907289 141769106
16907289 27671900
16907289 19317134
16907289 10690707
16907289 60332750
10690707 24961030
10690707 144786805
10690707 141769106
10690707 16907289
10690707 19317134
10690707 60332750
78565624 27671900
141769106 24961030
141769106 144786805
141769106 60332750
141769106 127204263
141769106 10690707
141769106 19317134
141769106 16907289
141769106 27671900
