127453801 127166661
38531446 127166661
135734206 127166661
383205687 127166661
836614438 127166661
434650459 127166661
779594673 127166661
46287973 127166661
101487256 127166661
3986694 127166661
142477328 127166661
177220137 127166661
689831420 127166661
39936271 127166661
7522115 127166661
86559381 127166661
36246258 127166661
127386367 127166661
54304668 127166661
107213302 127166661
58156624 127166661
50236607 127166661
155012006 127166661
42274060 127166661
228961679 127166661
285121213 127166661
183047505 127166661
583764471 127166661
178681253 127166661
83284429 127166661
211524052 127166661
231650678 127166661
802640402 127166661
316321603 127166661
44717909 127166661
37571612 127166661
29377597 127166661
174520235 127166661
32968682 127166661
46971856 127166661
364321859 127166661
620297308 127166661
23806352 127166661
459777488 127166661
82681658 127166661
8925776 127166661
551845808 497812161
482409987 127166661
85641621 127166661
165428295 127166661
131671921 127166661
757069619 127166661
774978570 127166661
54617752 127166661
161490838 127166661
233068339 127166661
180970519 127166661
55573955 127166661
41725906 127166661
49405579 127166661
49045398 127166661
413299907 127166661
52028312 127166661
163888724 127166661
27079803 127166661
444553235 127166661
680444200 127166661
497812161 551845808
497812161 127166661
35460436 127166661
389677868 127166661
50885355 127166661
151604101 127166661
230936744 127166661
27176921 127166661
193568301 127166661
630476922 127166661
163060835 127166661
72474877 127166661
101001291 58156624
