497523614 127181400
55955306 127181400
83148506 127181400
83148506 60886634
65484879 127181400
125961121 127181400
608253557 127181400
300057682 127181400
101835870 127181400
48912135 127181400
717294709 127181400
48779988 127181400
642013112 127181400
13874963 127181400
505414277 8963505
498302524 127181400
60730089 127181400
60730089 760181608
836612779 127181400
56881385 36513402
512574640 127181400
127399835 77374440
224241971 98446885
760181608 60730089
760181608 127181400
19309699 127181400
85180375 127181400
128810840 127930661
103297356 8963505
155313066 98446885
263481943 127181400
498739447 127181400
132007242 127181400
498279542 127181400
181605021 127181400
34972249 9913267
45116104 127181400
129446507 127181400
25950729 127181400
115028054 127181400
663390574 127181400
56282001 127181400
25233064 127181400
18404521 127181400
56058088 127181400
682928396 127181400
671962778 127181400
456525770 127181400
8963505 505414277
8963505 103297356
8963505 127181400
570207792 127181400
51579284 127181400
129376579 127181400
45481698 127181400
513095 127181400
139534655 127181400
48992529 127181400
2238253 127930661
2238253 127181400
180928031 127181400
60886634 127181400
60886634 83148506
83108306 127181400
98446885 155313066
98446885 224241971
34102826 127181400
536868177 127181400
447919264 127181400
522250465 127181400
37254614 127181400
37254614 19309699
77374440 127399835
77374440 127181400
45344430 127181400
642028427 127181400
50706602 34972249
36513402 56881385
36513402 127181400
49005686 127181400
54392910 127181400
257882686 127181400
127930661 128810840
