539635724 11468540
140052675 11468540
140052675 159920024
53989270 11468540
323992332 11468540
18992830 217130817
18992830 11468540
300391273 11468540
159902844 11468540
154916552 8110040
154916552 11468540
155798079 11468540
144788018 11468540
692770685 11468540
323643933 11468540
700910616 11468540
138551462 148161417
138551462 29376016
138551462 38023634
138551462 11468540
72715017 11468540
72715017 144533405
29376016 148161417
29376016 73035900
29376016 136277784
29376016 11468540
29376016 136758527
73458143 11468540
225411419 30244422
225411419 136758527
323702352 11468540
307713587 30244422
307713587 11468540
30244422 307713587
30244422 225411419
663314658 11468540
34478030 11468540
229855594 11468540
144526046 11468540
1999431 11468540
148161417 138551462
148161417 29376016
148161417 11468540
246738606 11468540
152218657 11468540
57597945 11468540
25726993 143184454
25726993 8110040
25726993 12557031
25726993 11468540
25726993 159920024
25726993 225425943
25726993 24472988
25726993 144552433
144506781 11468540
49079942 11468540
225425943 11468540
26673529 11468540
38023634 57461357
38023634 73035900
38023634 11468540
38023634 159920024
10415085 11468540
324008882 11468540
217130817 11468540
217130817 18992830
176078322 11468540
225421088 11468540
255074247 11468540
248957200 11468540
213838931 225411419
213838931 11468540
144533405 72715017
7575720 11468540
159920024 138551462
159920024 73035900
159920024 25726993
159920024 8110040
159920024 11468540
159920024 136758527
51876366 11468540
143184454 38023634
143184454 25726993
836613082 11468540
68728291 11468540
73035900 24472988
73035900 11468540
9978115 11468540
24472988 73035900
24472988 25726993
24472988 12557031
836614637 11468540
8110040 25726993
8110040 11468540
8110040 159920024
136758527 225411419
226393396 11468540
51608153 11468540
5968366 11468540
170424564 11468540
12646010 11468540
38229158 11468540
144522410 11468540
324138552 11468540
12557031 25726993
12557031 24472988
144552433 11468540
144552433 66604391
215924771 11468540
