45515590 36563013
45515590 127171130
45515590 38529559
27727414 52449767
27727414 45511772
27727414 30994733
27727414 212619527
27727414 36563013
27727414 18304144
27727414 127171130
27727414 607661717
264129433 127171130
65397895 45059963
72059541 36563013
72059541 127171130
17615269 36563013
44949375 127171130
607661717 36563013
509043355 36563013
509043355 127171130
67397411 52449767
67397411 36563013
67397411 127171130
38529559 45515590
38529559 127171130
30994733 27727414
44999313 36563013
44999313 127171130
50878120 50887485
22053653 27327697
22053653 212619527
22053653 36563013
22053653 127171130
168724669 127171130
36563013 27727414
36563013 127171130
24865388 127171130
97750828 31787666
31876032 127171130
205683056 52199471
205683056 36563013
205683056 164841027
205683056 127171130
545387391 127171130
27327697 22053653
27327697 45511772
27327697 127171130
264680444 36563013
50876889 127171130
50887485 50878120
50887485 127171130
161487627 27727414
161487627 127171130
108479703 36563013
696924255 127171130
127171130 163596759
52449767 27727414
52449767 36563013
52449767 127171130
565055898 127171130
301962526 127171130
44564035 127171130
350590593 127171130
31787666 97750828
164841027 205683056
319542027 127171130
212619527 22053653
212619527 27727414
212619527 36563013
212619527 127171130
45511772 27727414
45511772 27327697
45511772 36563013
45511772 127171130
163596759 127171130
18304144 27727414
18304144 127171130
18304144 44527324
48147902 36563013
164786894 515972466
52199471 205683056
52199471 127171130
