28060160 57644075
210709663 32224445
152931231 32224445
47654140 32224445
82114514 32224445
152478342 32224445
458934563 32224445
56168368 32224445
833305204 32224445
581473404 32224445
234411148 32224445
79792105 32224445
152530081 32224445
152530081 57644075
155477532 32224445
806321269 32224445
834028327 32224445
152511922 32224445
32224445 40489661
32224445 152915038
32224445 152726483
32224445 110574185
32224445 79792105
32224445 53745417
32224445 601886554
32224445 94803909
32224445 115048310
32224445 152934091
32224445 581674861
32224445 115216087
32224445 152931231
32224445 254067674
32224445 201374915
32224445 634668932
32224445 254067976
32224445 152714669
32224445 541451024
32224445 152629253
32224445 152476149
32224445 152899567
32224445 81476235
32224445 234411148
32224445 458934563
32224445 210187671
32224445 298857279
32224445 806321269
32224445 152931840
32224445 210709663
32224445 152687937
32224445 581518802
32224445 402424196
32224445 581564355
32224445 152727955
32224445 581473404
32224445 490439231
32224445 28060160
32224445 152686491
32224445 152530081
32224445 581274893
32224445 155477532
32224445 224401083
32224445 217136665
32224445 152567027
32224445 833305204
32224445 57644075
32224445 47654140
32224445 59847544
59847544 32224445
58050384 32224445
152734492 32224445
210187671 57644075
210187671 32224445
756724360 32224445
25620781 57644075
152899567 32224445
152899567 57644075
581564355 32224445
581674861 32224445
49459220 32224445
152686491 32224445
581274893 32224445
152714669 32224445
57644075 32224445
57644075 25620781
57644075 152899567
57644075 152915038
57644075 210187671
57644075 28060160
57644075 152726483
57644075 152530081
57644075 152734410
490439231 152915038
490439231 32224445
152476149 32224445
634668932 32224445
115216087 32224445
152505358 32224445
152915038 490439231
152915038 32224445
152915038 57644075
402424196 32224445
152629253 32224445
152567027 32224445
581518802 32224445
94803909 32224445
565758078 32224445
152734410 32224445
152734410 152931231
152734410 57644075
217136665 32224445
115048310 32224445
152931840 32224445
758012476 32224445
152726483 32224445
152726483 57644075
457443888 32224445
701338853 32224445
149148072 32224445
152724929 32224445
152687937 32224445
81476235 32224445
601886554 32224445
110574185 32224445
834028261 32224445
40489661 32224445
53745417 32224445
152934091 32224445
201374915 32224445
