33488516 23857805
33488516 61721125
76162077 61721125
138860431 61721125
28740973 23857805
28740973 65467671
28740973 35063677
28740973 65389640
28740973 64440057
28740973 113263256
28740973 12538724
28740973 61721125
72104427 23857805
72104427 65467671
72104427 61721125
136234652 61721125
75011086 120858310
75011086 61721125
199862573 61721125
14431472 35063677
14431472 65467671
14431472 61721125
8379905 64440057
8379905 61721125
46991386 61721125
49056390 364552762
49056390 27987774
49056390 61721125
111614946 12538724
111614946 61721125
62025846 25392447
62025846 61721125
23857805 39291418
23857805 57126956
23857805 39625976
23857805 60939250
23857805 35063677
23857805 58524683
23857805 72104427
23857805 12538724
23857805 33488516
23857805 65467671
23857805 64440057
23857805 25392447
23857805 28740973
23857805 61721125
231528507 61721125
120858310 75011086
120858310 61721125
33444563 80543569
33444563 61636055
33444563 64440057
33444563 65467671
33444563 61721125
61636055 39291418
61636055 113263256
61636055 33444563
61636055 35063677
61636055 8897145
61636055 104876040
61636055 138860431
61636055 129052006
61636055 50987507
61636055 82528020
61636055 12538724
61636055 64440057
61636055 65467671
61636055 25555551
61636055 302884580
61636055 61721125
25555551 65389640
25555551 129052006
25555551 127543596
25555551 64440057
25555551 65467671
25555551 61721125
50987507 61721125
39042854 65266249
39042854 61721125
49225523 58524683
49225523 61721125
64440057 134211693
64440057 39291418
64440057 8379905
64440057 33444563
64440057 35063677
64440057 20486734
64440057 72104427
64440057 138860431
64440057 130236540
64440057 73602215
64440057 65467671
64440057 25555551
64440057 23857805
64440057 82528020
64440057 25392447
64440057 28740973
64440057 27987774
64440057 61721125
20486734 60939250
20486734 35063677
20486734 72104427
20486734 12538724
20486734 64440057
20486734 61721125
48434119 46483252
48434119 61721125
208444686 61721125
39291418 60939250
39291418 35063677
39291418 23857805
39291418 65389640
39291418 12538724
39291418 64440057
39291418 65467671
39291418 25555551
39291418 61721125
49521847 35063677
49521847 61721125
58524683 49225523
58524683 23857805
58524683 61721125
364552762 163901956
364552762 49056390
364552762 61721125
364552762 27987774
52729609 61721125
259325815 35063677
49055387 61721125
231484426 61721125
163901956 80543569
43993036 61721125
65389640 39291418
65389640 35063677
65389640 25555551
65389640 28740973
65389640 61721125
46483252 61721125
129052006 61721125
82528020 61721125
65266249 44564879
65266249 104876040
65266249 39042854
65266249 61721125
61721125 48434119
61721125 65467671
61721125 25392447
61721125 72104427
61721125 64440057
61721125 23857805
61721125 65389640
61721125 73602215
61721125 28740973
61721125 46991386
61721125 120858310
61721125 39625976
61721125 62025846
61721125 130165343
61721125 137408845
61721125 46483252
61721125 52729609
61721125 134211693
61721125 82528020
61721125 104876040
61721125 61636055
61721125 127543596
61721125 33444563
61721125 27987774
44120757 61721125
104876040 11587621
104876040 65266249
104876040 61636055
104876040 61721125
137408845 61721125
35063677 39291418
35063677 113263256
35063677 60939250
35063677 11146004
35063677 11587621
35063677 20486734
35063677 23857805
35063677 65266249
35063677 65389640
35063677 129052006
35063677 61636055
35063677 130165343
35063677 82528020
35063677 12538724
35063677 64440057
35063677 65467671
35063677 14431472
35063677 28740973
35063677 61721125
60939250 39291418
60939250 35063677
60939250 20486734
60939250 23857805
60939250 12538724
130165343 61721125
11330116 61721125
45022605 61721125
26146581 25392447
26146581 61721125
48687532 65389640
48687532 61721125
302884580 61721125
130236540 61721125
130236540 64440057
44411349 199862573
44411349 127543596
44411349 64440057
44411349 61721125
11146004 35063677
11146004 65467671
11146004 61721125
12538724 39291418
12538724 96198764
12538724 113263256
12538724 57126956
12538724 80543569
12538724 60939250
12538724 35063677
12538724 26146581
12538724 20486734
12538724 111614946
12538724 23857805
12538724 72104427
12538724 65467671
12538724 28740973
12538724 61721125
80543569 33444563
80543569 163901956
80543569 364552762
80543569 46483252
80543569 12538724
80543569 61721125
39625976 23857805
39625976 72104427
39625976 61721125
113263256 35063677
113263256 72104427
113263256 61636055
113263256 12538724
113263256 64440057
113263256 25392447
113263256 28740973
113263256 61721125
73602215 61721125
82527880 61721125
44564879 39291418
44564879 102064863
44564879 61721125
57126956 23857805
57126956 61721125
11587621 35063677
11587621 61721125
25392447 64440057
25392447 62025846
25392447 26146581
25392447 61721125
65467671 39291418
65467671 33444563
65467671 35063677
65467671 11146004
65467671 23857805
65467671 72104427
65467671 61636055
65467671 12538724
65467671 64440057
65467671 14431472
65467671 25555551
65467671 28740973
65467671 61721125
127543596 61721125
44969647 61721125
27987774 64440057
27987774 364552762
27987774 49056390
27987774 82528020
27987774 61721125
96198764 12538724
96198764 61721125
44620798 61721125
134211693 61721125
48745483 65389640
48745483 72104427
48745483 134211693
48745483 130165343
48745483 364552762
48745483 64440057
48745483 23857805
48745483 12538724
48745483 61721125
