57652372 57646634
57652372 57646433
57652372 57644385
57652372 152933713
57652372 152938829
57652372 57644548
57652372 152905510
57652372 152729781
57652372 44750375
57652372 152499762
57652372 152631335
52127266 127720222
212626029 127720222
85053235 127720222
97261090 57646634
97261090 97047333
97261090 152710222
97261090 67885144
97261090 152733252
97261090 152809222
97261090 211323923
97261090 127720222
82644668 65235165
82644668 57646634
82644668 152904601
82644668 57644548
82644668 127720222
152620397 58362028
152620397 127720222
152620397 97261090
152710222 57646634
152710222 152904601
152710222 57644548
152710222 152622195
152710222 97261090
152710222 152938829
152710222 127720222
97047333 57646634
97047333 82644668
97047333 97261090
97047333 34659802
97047333 152940558
97047333 127720222
152668917 127720222
65235165 57646634
65235165 58362028
65235165 57644548
65235165 82644668
65235165 67885144
65235165 152733252
65235165 127720222
152732963 127720222
57646433 57644385
57646433 57644548
57646433 57646634
57646433 152622195
57646433 67885144
57646433 57649341
57646433 152703384
57646433 44750375
57646433 57652372
152575313 127720222
152514676 127720222
152630616 127720222
152784655 152631335
152784655 127720222
44750375 57646433
44750375 67885144
44750375 57649341
44750375 57644385
44750375 57644548
44750375 57652372
44750375 127720222
60401540 152631267
60401540 57648767
60401540 127720222
152631267 152577891
152631267 60401540
152631267 58419646
152631267 127720222
57644385 57644548
57644385 152904601
57644385 57646634
57644385 57648767
57644385 57646433
57644385 34659802
57644385 152628277
57644385 57649341
57644385 44750375
57644385 57652372
57644385 127720222
152578883 152524817
152578883 127720222
152729781 57649341
152729781 57652372
152729781 127720222
57646634 152905510
57646634 65235165
57646634 97047333
57646634 57644548
57646634 152622195
57646634 57644385
57646634 57648767
57646634 82644668
57646634 97261090
57646634 57646433
57646634 67885144
57646634 152938829
57646634 58419646
57646634 57649341
57646634 152703384
57646634 152809222
57646634 57652372
57646634 152921321
57646634 152940558
152524817 152499419
152524817 57646634
152524817 58362028
152524817 152622195
152524817 152578883
152524817 152631267
152524817 60401540
152524817 58419646
152524817 152668917
152524817 127720222
152800299 127720222
67885144 57646433
67885144 65235165
67885144 57644548
67885144 97261090
67885144 152904601
67885144 152891288
67885144 57646634
67885144 152499762
67885144 152700633
67885144 152931482
67885144 152938829
67885144 44750375
67885144 152809222
67885144 127720222
152581678 127720222
152921321 57646634
152921321 127720222
45403499 58106067
45403499 57770805
45403499 60401540
45403499 58419646
152502514 127720222
152938829 67885144
152938829 97261090
152938829 152710222
152938829 57646634
152938829 57644548
152938829 58419646
152938829 152668917
152938829 57652372
152938829 127720222
65267414 57644548
65267414 152905510
65267414 67885144
65267414 127720222
58419646 45403499
58419646 57646634
58419646 152631267
58419646 152938829
152600840 127720222
741383556 57770805
58106067 57646634
58106067 57648767
58106067 152668917
58106067 127720222
58106067 152940558
34659802 57644548
34659802 10020852
34659802 57644385
34659802 127720222
152905510 57646634
152905510 65267414
152905510 82644668
57770805 152628277
57770805 45403499
57770805 152566266
57770805 805938973
57770805 741383556
45820576 82512084
45820576 57644385
45820576 127720222
152937458 57644548
152937458 127720222
152670592 127720222
152728555 152809222
152728555 127720222
349757140 127720222
152931482 67885144
152931482 127720222
152581321 127720222
152700633 152921321
152700633 127720222
57648767 57644385
57648767 57644548
57648767 57646634
57648767 58106067
57648767 152628277
57648767 152577891
57648767 60401540
152957540 127720222
152600668 127720222
152938607 57644548
152938607 152938829
152938607 127720222
152940558 57646634
152940558 58362028
152940558 97261090
152940558 60401540
152940558 127720222
152891288 97047333
152891288 67885144
152891288 127720222
126511718 127720222
10020852 34659802
152628277 152905510
152628277 57644385
152628277 57770805
152628277 127720222
152809222 67885144
152809222 97261090
152809222 152728555
152809222 57646634
152809222 127720222
152703384 152905510
152703384 57644548
152703384 57646433
152703384 57646634
152703384 152728555
57649341 57644548
57649341 57646634
57649341 152729781
57649341 57644385
57649341 57646433
57649341 44750375
57649341 127720222
152575896 127720222
95222218 127720222
152833400 127720222
152499762 67885144
152499762 57652372
152622195 57646634
152622195 152710222
152622195 152524817
152622195 152566773
152622195 57646433
152622195 127720222
152679316 127720222
152787704 152631335
152787704 57644548
152787704 65267414
152787704 127720222
152499419 127720222
127720222 152904601
152566773 152700633
152566773 57646634
152566773 152904601
152566773 152938607
152566773 57644548
152566773 152622195
152566773 97261090
152566773 152577891
152566773 60401540
152566773 127720222
152933713 127720222
152933713 57652372
152631335 152904601
152631335 152787704
152631335 152784655
152631335 127720222
152631335 57652372
152733252 127720222
155090327 152566266
155090327 127720222
581042331 127720222
152879056 127720222
58362028 152710222
58362028 152620397
58362028 97261090
58362028 127720222
152619601 127720222
57644548 57646634
57644548 152904601
57644548 152937458
57644548 152938607
57644548 65235165
57644548 65267414
57644548 57644385
57644548 57648767
57644548 82644668
57644548 57646433
57644548 34659802
57644548 67885144
57644548 57649341
57644548 44750375
57644548 57652372
152906603 127720222
152577891 97261090
152577891 57648767
152577891 152631267
152577891 82644668
152577891 152524817
152577891 57646634
152577891 152940558
152577891 127720222
152566266 57770805
152566266 155090327
152566266 127720222
152904601 152631335
152904601 57644548
152904601 57644385
152904601 127720222
211323923 127720222
152677025 127720222
805938973 57770805
298831295 127720222
152574297 127720222
