15339326 21426727
15339326 111645771
15339326 5969565
15339326 6356183
15339326 9479338
15339326 59315956
15339326 115779168
15339326 30097284
15339326 961270
15339326 92884584
15339326 129949457
15339326 21681214
15339326 38417389
15339326 21093350
15339326 20645406
15339326 127194105
15339326 65540342
15339326 3618920
15339326 37758703
15339326 5889341
15339326 155029111
15339326 11647345
15339326 60939846
15339326 27863282
15339326 33347951
11647345 5969565
11647345 27863282
15835998 6625610
15835998 27863282
128470143 130498168
49688887 12852539
119942884 37758703
119942884 19344386
119942884 62424952
119942884 38075046
119942884 21426727
7283427 21426727
7283427 9368654
7283427 119942884
7283427 59315956
7283427 38417389
7283427 21709277
7283427 65540342
7283427 22282893
5889341 21426727
5889341 59315956
5889341 15339326
5889341 127194105
5889341 27863282
60939846 115779168
60939846 961270
60939846 15339326
60939846 20645406
60939846 127194105
60939846 3618920
60939846 27863282
12852539 12177595
12852539 49688887
12852539 29617924
12852539 129776410
12852539 52393027
12852539 27310956
12852539 60296887
21426727 45065140
21426727 15339326
21426727 20645406
21426727 127194105
21426727 27863282
3618920 21426727
3618920 111645771
3618920 115779168
3618920 30097284
3618920 961270
3618920 15339326
3618920 20645406
3618920 61140465
3618920 127194105
3618920 60939846
5969565 27863282
5969565 22282893
5969565 11647345
5969565 65540342
5969565 15339326
5969565 26789273
5969565 38075046
265241592 69417710
59315956 62424952
59315956 6356183
59315956 7283427
59315956 26789273
59315956 97987806
59315956 19344386
59315956 129949457
59315956 38417389
59315956 21709277
59315956 15339326
59315956 65540342
59315956 5889341
59315956 22282893
173688617 38417389
111645771 26789273
111645771 15339326
111645771 20645406
111645771 3618920
111645771 30259254
111645771 27863282
57366423 21426727
57366423 75780924
57366423 129949457
21709277 155247607
21709277 59315956
21709277 7283427
155247607 21709277
22282893 38075046
22282893 5969565
22282893 7283427
22282893 59315956
22282893 97987806
22282893 10220427
22282893 33347951
21093350 15339326
21093350 127194105
21093350 27863282
128278500 59278286
12177595 30062984
12177595 104853265
12177595 12852539
12177595 60296887
961270 30097284
961270 15339326
961270 20645406
961270 61140465
961270 3618920
961270 60939846
961270 27863282
49115423 21426727
49115423 45065140
49115423 20645406
49115423 27863282
21681214 6356183
21681214 129949457
29617924 12852539
29617924 60296887
97987806 129949457
97987806 59315956
167845455 59315956
167845455 65540342
65540342 38075046
65540342 5969565
65540342 7283427
65540342 26789273
65540342 59315956
65540342 15339326
30259254 27863282
52572774 27863282
59278286 15339326
59278286 20645406
59278286 27863282
27863282 21426727
27863282 119942884
27863282 5889341
27863282 30259254
27863282 961270
27863282 129949457
27863282 38417389
27863282 115779168
27863282 20645406
27863282 21681214
27863282 6356183
27863282 60939846
27863282 15835998
27863282 15339326
27863282 127194105
27863282 38075046
27863282 155029111
27863282 49115423
27863282 11647345
27863282 45065321
45065140 21426727
45065140 49115423
45065140 155029111
45065140 33347951
45065140 27863282
30062984 12177595
30062984 104853265
30062984 60296887
27310956 12852539
10220427 19344386
10220427 22282893
20645406 115779168
20645406 961270
20645406 15339326
20645406 127194105
20645406 3618920
20645406 49115423
20645406 60939846
20645406 27863282
69417710 6356183
69417710 131898982
69417710 265241592
69417710 155029111
115779168 30097284
115779168 20645406
115779168 127194105
115779168 3618920
115779168 60939846
115779168 34526010
115779168 27863282
61140465 115779168
61140465 961270
61140465 20645406
61140465 127194105
61140465 3618920
61140465 60939846
61140465 27863282
38417389 21426727
38417389 62424952
38417389 6356183
38417389 7283427
38417389 119942884
38417389 59315956
38417389 21681214
38417389 15339326
38417389 131898982
38417389 127194105
38417389 69417710
38417389 49115423
38417389 5889341
38417389 155029111
38417389 27863282
38417389 33347951
31203532 27863282
62424952 21426727
62424952 119942884
62424952 59315956
62424952 38417389
155029111 21426727
155029111 45065140
155029111 38075046
155029111 38417389
155029111 15339326
155029111 27863282
155029111 5889341
155029111 69417710
155029111 131898982
19344386 119942884
19344386 59315956
19344386 85955369
19344386 129949457
19344386 10220427
33347951 19344386
33347951 45065140
33347951 45065321
33347951 21426727
33347951 22282893
33347951 97987806
33347951 129949457
33347951 27863282
33347951 7283427
33347951 38417389
33347951 5889341
33347951 127194105
33347951 15339326
58010464 13029650
58010464 21681214
58010464 129949457
58010464 57366423
58010464 21426727
6625610 36940929
6625610 15835998
6625610 127194105
9479338 15339326
36940929 6625610
60296887 12177595
60296887 30062984
60296887 29617924
60296887 104853265
60296887 12852539
37758703 119942884
37758703 15339326
37758703 5889341
75780924 57366423
129949457 59315956
129949457 57366423
129949457 97987806
129949457 19344386
129949457 21681214
104853265 12177595
104853265 30062984
104853265 60296887
2281341 127194105
6356183 21426727
6356183 38075046
6356183 119942884
6356183 59315956
6356183 97987806
6356183 21681214
6356183 38417389
6356183 15339326
6356183 127194105
6356183 69417710
6356183 13029650
6356183 27863282
34526010 15339326
34526010 127194105
34526010 20645406
34526010 5889341
34526010 115779168
34526010 27863282
129776410 12852539
30097284 115779168
30097284 961270
30097284 15339326
30097284 20645406
30097284 127194105
30097284 3618920
30097284 27863282
30097284 60939846
38075046 21426727
38075046 5969565
38075046 59315956
38075046 65540342
38075046 22282893
45065321 27863282
9368654 7283427
52393027 20645406
52393027 12852539
131898982 38417389
131898982 69417710
92884584 27863282
92884584 49115423
92884584 15339326
92884584 21426727
6036197 127194105
58073656 27863282
