55011479 61721125
44379648 61721125
151393300 61721125
155832913 37895099
155832913 61721125
7549066 134354903
7549066 33283380
7549066 61721125
44546134 61721125
57480412 79272727
57480412 134354903
57480412 61721125
50858784 17385665
50858784 33283380
50858784 61721125
33283380 64906406
33283380 22022648
33283380 79272727
33283380 7549066
33283380 73622688
33283380 15154299
22022648 135659334
22022648 28123805
22022648 33283380
22022648 61721125
54043876 21135811
54043876 69099495
54043876 61721125
12647027 79272727
12647027 61721125
44335982 61721125
54191321 61721125
38860763 113263256
38860763 44619713
38860763 18650787
38860763 61721125
193195868 61721125
132639667 61721125
60319077 61721125
49046434 103551928
49046434 65362313
49046434 61721125
21135811 54043876
21135811 13874640
21135811 22544205
21135811 18650787
21135811 61721125
103551928 113263256
103551928 49046434
103551928 39625976
103551928 22544205
103551928 61721125
44595527 61721125
22544205 21135811
22544205 28123805
22544205 103551928
22544205 54043876
22544205 49340061
22544205 18650787
22544205 61721125
43849179 61721125
37895099 61721125
69075639 15154299
69075639 164382018
69075639 61721125
18650787 21135811
18650787 38860763
18650787 28123805
18650787 22544205
17385665 135760305
17385665 50858784
17385665 44364018
17385665 134354903
17385665 67831453
17385665 61721125
135659334 22022648
135659334 28123805
15154299 61721125
61721125 79272727
61721125 13874640
61721125 21135811
61721125 12647027
61721125 39625976
61721125 15154299
61721125 193195868
61721125 69075639
61721125 65362313
44120906 17385665
44120906 61721125
156532250 61721125
134354903 57480412
134354903 17385665
134354903 7549066
134354903 69099495
49051715 61721125
138989303 61721125
69099495 54043876
69099495 134354903
69099495 67831453
69099495 61721125
64906406 61721125
79272727 57480412
79272727 64906406
79272727 8897145
79272727 65362313
79272727 33283380
79272727 61721125
75362057 22544205
75362057 61721125
49045030 61721125
40017156 13874640
40017156 61721125
44180702 61721125
251197285 61721125
32124728 28123805
32124728 61721125
65362313 49046434
65362313 28123805
65362313 79272727
65362313 73622688
65362313 61721125
44517736 61721125
39625976 103551928
39625976 61721125
69015310 28123805
69015310 103551928
69015310 61721125
67831453 17385665
67831453 103551928
67831453 69099495
67831453 61721125
113263256 130018341
113263256 103551928
113263256 73622688
113263256 61721125
44619713 38860763
130072365 61721125
44364018 17385665
44364018 61721125
48745517 61721125
133102825 61721125
50849271 61721125
73622688 113263256
73622688 38860763
73622688 28123805
73622688 65362313
73622688 13874640
73622688 33283380
73622688 79272727
73622688 61721125
5542117 61721125
44225888 61721125
28123805 103551928
28123805 73622688
28123805 65362313
28123805 69015310
28123805 22544205
28123805 18650787
28123805 61721125
13874640 21135811
13874640 135760305
13874640 40017156
13874640 61721125
135760305 17385665
135760305 13874640
135760305 61721125
130018341 113263256
130018341 61721125
57128079 61721125
44247624 61721125
114816424 61721125
75240306 61721125
