601677558 57770805
14794735 57770805
14794735 57771166
27342981 326864011
42070886 57266444
42070886 326864011
42070886 25373951
326864011 828444571
326864011 57266444
326864011 30868692
326864011 25373951
20974460 57771166
20974460 65571458
20974460 57770805
20974460 12712108
20974460 58108061
20974460 298852514
20974460 58487930
20974460 57993902
60800778 57770805
60800778 326864011
60800778 25373951
24522943 57771166
24522943 57770805
24522943 166898967
24522943 20974460
189168043 207059240
189168043 571355932
30868692 155434045
30868692 57266444
30868692 25373951
30868692 326864011
58166508 58306012
58166508 741570466
58166508 57848843
58166508 57770805
58166508 18658915
36169591 57770805
54317690 57770805
54317690 57363878
54317690 602511006
54317690 14794735
57848843 155875569
57848843 58166508
65571458 57770805
65571458 20974460
166898967 57363878
166898967 24522943
298852514 58407648
298852514 57771166
298852514 57770805
298852514 20974460
57770805 12712108
57770805 25433955
57770805 57771166
57770805 601677558
57770805 298852514
57770805 167808649
57770805 58108061
57770805 65571458
57770805 811925284
57770805 24522943
57770805 12750695
57770805 741570466
57770805 57993902
57770805 57662170
57770805 58166508
57770805 60800778
57770805 58316733
57770805 57363878
57770805 18658915
57770805 58253392
57770805 20974460
57770805 50614868
57770805 36169591
57770805 14794735
57770805 189458671
57770805 25373951
57266444 326864011
18658915 57770805
18658915 58166508
18658915 57848843
18658915 14794735
18658915 189458671
58487930 50849564
58487930 20974460
58407648 298852514
299100568 326864011
758027093 58253392
58253392 758027093
58253392 57993902
58253392 571355932
58253392 57363878
58253392 57770805
58253392 207059240
741570466 58166508
741570466 57770805
741570466 58253392
602511006 54317690
155434045 25373951
155434045 30868692
474925905 57848843
57771166 298852514
57771166 25433955
57771166 24522943
57771166 58316733
57771166 57770805
57771166 20974460
57771166 14794735
155875569 57848843
167808649 57770805
207059240 58253392
207059240 571355932
207059240 189168043
83526471 58253392
25373951 57770805
25373951 14794735
25373951 155434045
25373951 30868692
25373951 828444571
25373951 60800778
25373951 58253392
25373951 326864011
182257993 58253392
50614868 57770805
189458671 811925284
189458671 58253392
189458671 18658915
189458671 57770805
189458671 14794735
189458671 20974460
25433955 57771166
25433955 57770805
58108061 58316733
58108061 57770805
58108061 20974460
199677889 58253392
811925284 189458671
811925284 57770805
548395046 58379068
57993902 57770805
57993902 58253392
57993902 20974460
571355932 58253392
528204580 58253392
12712108 57770805
12712108 20974460
57662170 58316733
57662170 57770805
50849564 58487930
57363878 57770805
57363878 58253392
57363878 54317690
58306012 299100568
58306012 58166508
58316733 57771166
58316733 58108061
58316733 57770805
58316733 57662170
