210277891 14835545
210277891 16323458
448574124 36132250
448574124 210277109
152912632 16323458
152912632 152931535
152912632 152882049
93768150 57653287
93768150 57643764
93768150 93743956
93768150 16323458
57653287 101697932
57653287 152602785
57653287 14835545
57653287 17245879
57653287 57381426
57653287 152920866
57653287 16323458
57653287 93768150
57653287 6359670
5786986 58470767
5786986 12586072
57643764 57644948
57643764 128452922
57643764 58488789
57643764 210230333
57643764 44759688
57643764 93743956
57643764 152920866
57643764 16323458
57643764 152816496
57643764 93768150
57643764 152658935
57643764 64503382
152931535 14835545
152931535 16323458
64503382 14835545
64503382 57644948
64503382 40195209
64503382 152694581
64503382 57381426
64503382 93743956
64503382 16323458
64503382 152913225
64503382 17245879
64503382 152602785
64503382 57643764
581147129 14835545
295336528 14835545
295336528 16323458
155891839 14835545
155891839 57644948
155891839 36132250
155891839 40195209
155891839 16323458
93743956 152602785
93743956 14835545
93743956 128452922
93743956 58488789
93743956 57643764
93743956 152600640
93743956 152694581
93743956 16323458
93743956 93768150
93743956 152913225
44759689 14835545
44759689 57644948
44759689 44759688
44759689 152920866
44759689 16323458
44759689 6359670
40195209 57644948
40195209 9034729
40195209 36132250
40195209 64503382
581729171 14835545
155509541 97331484
152815604 14835545
152815604 16323458
57381426 14835545
57381426 57653287
57381426 16211081
57381426 130005926
57381426 16323458
9143616 14835545
9143616 130228859
9143616 16323458
210230333 14835545
210230333 57644948
210230333 57643764
210230333 210222932
210230333 16323458
130370096 14835545
130228859 14835545
215749573 14835545
215749573 44759688
215749573 152920866
215749573 16323458
101697932 57653287
101697932 152694581
101697932 152920866
101759050 14835545
24748118 14835545
57583893 14835545
57583893 152913225
152596593 14835545
152596593 16323458
57965346 14835545
57965346 36132250
57965346 16323458
9034729 14835545
9034729 57644948
9034729 36132250
9034729 40195209
9034729 16323458
152621738 14835545
152621738 16323458
57644948 14835545
57644948 41901397
57644948 9034729
57644948 152929005
57644948 57643764
57644948 40195209
57644948 210222932
57644948 44759689
57644948 93743956
57644948 16323458
57644948 155891839
57644948 152913225
57644948 6359670
50890499 14835545
50890499 44759688
17245879 14835545
17245879 57653287
17245879 44759688
17245879 152920866
17245879 16323458
17245879 64503382
152882049 14835545
152882049 16323458
41901397 14835545
41901397 16323458
58409022 14835545
58488789 14835545
58488789 57643764
58488789 93743956
58488789 16323458
58488789 35180193
58488789 58470767
58488789 12586072
58470767 58488789
58470767 35180193
58470767 5786986
58470767 12586072
806258836 14835545
152839258 14835545
152658935 57643764
152658935 152694581
152658935 16323458
152136286 14835545
152136286 44759688
152602785 14835545
152602785 57653287
152602785 36132250
152602785 44759688
152602785 93743956
152602785 16323458
152602785 64503382
152602785 128452922
152572199 14835545
27412491 14835545
27412491 16323458
210370347 14835545
210370347 16323458
154886257 14835545
48231952 97331484
152731905 14835545
152816496 14835545
152816496 57643764
152816496 44759688
152816496 16323458
16211081 14835545
16211081 36132250
16211081 130005926
16211081 57381426
16211081 16323458
44759688 152602785
44759688 57643764
44759688 215749573
44759688 17245879
44759688 44759689
44759688 152920866
44759688 16323458
44759688 152816496
44759688 50890499
44759688 152136286
97331484 14835545
44754963 14835545
44754963 16323458
14835545 97331484
12586072 58488789
12586072 58470767
12586072 5786986
210222932 14835545
210222932 57644948
210222932 210230333
210222932 16323458
16323458 152602785
16323458 152580803
16323458 14835545
16323458 57644948
16323458 130228859
16323458 152621738
16323458 128452922
16323458 58488789
16323458 57653287
16323458 9034729
16323458 36132250
16323458 16211081
16323458 152929005
16323458 57643764
16323458 215749573
16323458 152912632
16323458 17245879
16323458 152600640
16323458 210370347
16323458 152694581
16323458 130005926
16323458 210222932
16323458 44759689
16323458 57381426
16323458 44759688
16323458 93743956
16323458 152920866
16323458 210277109
16323458 64503382
16323458 155891839
16323458 152816496
16323458 93768150
16323458 152658935
16323458 295336528
16323458 44754963
16323458 152931535
16323458 152913225
16323458 27412491
16323458 152815604
16323458 152596593
16323458 9143616
16323458 152882049
152600640 14835545
152600640 16323458
6359670 14835545
6359670 57644948
6359670 57653287
6359670 152694581
6359670 44759689
6359670 152920866
152929005 14835545
152929005 57644948
152929005 16323458
152913225 57644948
152913225 93743956
152913225 16323458
152913225 64503382
152913225 57583893
551856327 130228859
551856327 14835545
210277109 14835545
210277109 16323458
128452922 130228859
128452922 57643764
128452922 16323458
128452922 152602785
130005926 14835545
130005926 41901397
130005926 16211081
130005926 57381426
130005926 16323458
58154844 14835545
36132250 152602785
36132250 14835545
36132250 130228859
36132250 9034729
36132250 16211081
36132250 40195209
36132250 57965346
36132250 16323458
36132250 155891839
36132250 152931535
36132250 448574124
302542573 14835545
152920866 101697932
152920866 14835545
152920866 57653287
152920866 57643764
152920866 215749573
152920866 17245879
152920866 44759689
152920866 44759688
152920866 16323458
152920866 6359670
152694581 101697932
152694581 14835545
152694581 93743956
152694581 16323458
152694581 64503382
152694581 152658935
152694581 6359670
445163025 97331484
35180193 58488789
35180193 58470767
582298684 14835545
