298862652 57648628
10849707 35338465
10849707 129440248
10849707 57648628
10849707 216771795
16944767 57856221
16944767 57648628
57856221 35338465
57856221 57648628
57856221 152545808
152545808 57856221
298851362 57648628
329313654 57648628
329313654 69748230
747079909 57648628
747079909 421456488
69748230 329313654
69748230 57648628
69748230 421456488
298848686 57648628
298848686 603095023
298848686 152545808
298848686 421456488
129440248 10849707
216771795 82512084
216771795 421456488
82512084 421456488
82512084 216771795
371024169 57648628
58424071 39885373
603095023 298848686
58015960 16944767
58015960 57648628
57648628 65389283
57648628 301945049
57648628 298862652
57648628 298851362
57648628 329313654
57648628 833325323
57648628 57856221
57648628 39885373
57648628 747079909
57648628 298848686
57648628 216771795
57648628 421456488
35338465 57648628
35338465 57856221
35338465 10849707
35338465 216771795
35338465 421456488
164531431 421456488
301945049 57648628
833325323 57648628
39885373 58424071
39885373 57648628
65389283 57648628
421456488 216771795
421456488 57648628
421456488 69748230
421456488 747079909
421456488 298848686
421456488 35338465
421456488 82512084
421456488 10849707
421456488 164531431
