177173964 18952633
44550713 18952633
165228539 18952633
108107587 18952633
60999133 18952633
683634936 18952633
44537720 18952633
131407570 18952633
563162444 18952633
536376199 18952633
436163110 18952633
98827705 31731120
43784504 29016037
836613788 18952633
49357303 18952633
31731120 29016037
31731120 18952633
231553041 18952633
12744598 18952633
299580024 18952633
44042502 18952633
163877141 18952633
156619686 18952633
328320381 18952633
54978348 18952633
96142437 18952633
352239390 18952633
192507887 18952633
645849788 18952633
224046124 18952633
44012128 18952633
476557672 18952633
52549561 18952633
135351237 18952633
18952633 31731120
299315893 18952633
64921144 18952633
329503804 18952633
757476842 18952633
14378082 18952633
44846077 31731120
44846077 18952633
53791867 18952633
537084727 18952633
43869937 18952633
48737805 18952633
191817092 18952633
230984738 18952633
637636173 836614608
607689864 18952633
456048331 18952633
219843861 18952633
156641036 18952633
29016037 31731120
29016037 43784504
29016037 18952633
172712364 18952633
836614608 637636173
508997783 18952633
44216069 18952633
54262080 18952633
609146843 18952633
785452434 18952633
33715080 18952633
768606585 18952633
42078516 18952633
54998021 18952633
549020128 18952633
166521229 18952633
38111066 18952633
40125508 18952633
130474636 18952633
72544376 18952633
48092155 18952633
128854334 18952633
140864544 18952633
746005231 18952633
113775945 18952633
50660402 18952633
127321224 18952633
44963130 18952633
130075381 18952633
163054230 18952633
45476924 18952633
