302746443 127175818
18810814 6455014
18810814 195181306
18810814 785001858
18810814 127175818
291991262 127175818
13013016 18810814
16758142 127175818
91235291 127175818
89889352 127175818
40317134 127175818
92322160 127599627
92322160 127175818
16744511 9116401
49845649 127766795
100207670 127175818
11567058 127175818
289174909 127175818
5651345 127175818
35573556 127175818
2418344 127175818
582901 127766795
21832855 127175818
39525886 127175818
5223615 127175818
36819520 127766795
36819520 127175818
72928259 127175818
303005531 127175818
366941506 127175818
127599627 785001858
127599627 127175818
142523891 9116401
142523891 127175818
56385850 614290
17791367 127175818
225838322 127175818
25162076 18810814
25162076 127175818
195181306 18810814
138182055 127175818
36819622 127766795
299116397 127175818
299624629 127175818
6455014 18810814
448184607 127766795
614290 56385850
20900186 127175818
50642782 127175818
299149637 127175818
131824353 687000544
785001858 18810814
785001858 127599627
301698191 127175818
269772206 127175818
50723354 127175818
50723354 127766795
9116401 142523891
1422357 127175818
299355667 127175818
205379098 127175818
