128514908 127908077
8850709 127172488
300156898 127172488
6715577 11790843
6715577 127172488
103146702 300005110
103146702 112074168
767926113 127172488
659373602 127172488
111185536 124333171
518954 127172488
50904348 127172488
89072810 127172488
57605529 127172488
17552516 127172488
142740119 127323754
142740119 127172488
535374652 127172488
323587047 127172488
59315984 127172488
23578085 127172488
12759928 127172488
24570871 129107320
24570871 127172488
112074168 103146702
112074168 127172488
299815227 127172488
45161219 127172488
67022178 659373602
67022178 127172488
74546650 131855132
37011740 127172488
163947518 383487753
6265998 6715577
6265998 127172488
152907353 127172488
6443453 127172488
11790843 6715577
58444567 127172488
421496881 127172488
50622429 127172488
44983000 127172488
33209614 127172488
65348826 127172488
56378605 127172488
674999641 127172488
167099026 127172488
129107320 127172488
18739006 127172488
300005110 103146702
300005110 127172488
21114829 127172488
72545268 127172488
39964158 127172488
299588851 127172488
127323754 127172488
133686399 127172488
296431636 127172488
667889639 127172488
127908077 127172488
127908077 128514908
186727270 127172488
124333171 111185536
124333171 127172488
302794758 127172488
11393008 127172488
11668754 127172488
533110708 127172488
299817321 127172488
54422425 127172488
299861091 127172488
20360094 127172488
79506768 127172488
299696255 127172488
44441283 127172488
18449419 127172488
11754059 127172488
52345535 127172488
22961049 127172488
155652632 127172488
234810439 127172488
