58041591 127288628
62293770 35848657
62293770 127288628
7378465 127288628
7378465 677157448
35848657 2332708
35848657 54394461
35848657 127363698
35848657 77519388
35848657 127288628
56399257 127288628
56080522 58305034
56080522 127288628
677157448 7378465
164370732 127288628
57467873 127288628
58127019 2332708
58127019 58305034
58127019 127288628
58127019 58184117
56907962 58305034
56907962 127288628
57474806 127288628
127363698 2332708
127363698 35848657
298853044 127288628
349176365 127288628
54394461 2332708
54394461 58305034
54394461 56648048
54394461 35848657
2332708 58305034
2332708 77519388
2332708 54394461
2332708 56648048
2332708 23274774
2332708 58133779
2332708 45344577
2332708 35848657
2332708 127363698
2332708 54415853
2332708 469143301
2332708 39456216
2332708 58127019
2332708 127288628
56300190 2332708
56300190 127288628
57385873 127288628
2349919 54415853
2349919 39456216
2349919 127288628
57605668 127288628
364210503 127288628
58133779 2332708
58133779 127288628
152571634 127288628
536216204 58305034
93921525 127288628
806310255 127288628
45397286 127288628
45344577 2332708
45344577 127288628
22427499 2332708
22427499 127288628
54415853 56648048
54415853 223806511
17907378 127288628
45472051 58305034
45472051 127288628
81968488 54415853
81968488 127288628
457445323 127288628
663285211 58305034
58067962 127288628
129653522 127288628
677398930 127288628
58111811 127288628
56648048 2332708
56648048 58305034
56648048 77519388
56648048 54394461
56648048 54415853
56648048 2349919
58027637 77519388
58027637 127288628
768605545 127288628
223806511 127288628
469143301 2332708
469143301 127288628
299365471 127288628
58020498 58305034
58020498 127363698
58020498 69499811
58020498 127288628
58184117 58127019
58184117 127288628
58184117 17907378
23274774 2332708
23274774 127288628
39456216 2332708
39456216 81968488
39456216 2349919
39456216 127288628
58182081 58305034
58182081 77519388
58182081 127288628
17527294 58305034
17527294 58133779
17527294 65272618
23751564 127288628
58160180 127288628
58305034 58182081
58305034 17527294
58305034 2332708
58305034 56907962
58305034 56080522
58305034 77519388
58305034 54394461
58305034 56648048
58305034 45472051
58305034 127363698
58305034 54415853
58305034 536216204
58305034 58127019
58305034 127288628
58305034 58184117
534757630 127288628
69499811 127288628
77519388 58182081
77519388 2332708
77519388 54415853
77519388 58027637
77519388 35848657
77519388 58133779
77519388 127288628
3825836 127288628
