155518979 127361849
128001862 127361849
128001862 99641338
421465284 127361849
58062097 127361849
642477348 57584615
642477348 127361849
642477348 85838505
642477348 833297606
642477348 421496881
642477348 16523641
642477348 7471989
642477348 49258002
54298427 127361849
54298427 85838505
54298427 58993678
677122079 127361849
677122079 16523641
80237883 127361849
80237883 130454781
80237883 649953964
833297606 642477348
833297606 152501938
833297606 833298305
833297606 704640860
833297606 7471989
833297606 127361849
833297606 649953964
58271306 127361849
21731082 32091180
21731082 130454781
21731082 7471989
21731082 127709632
7471989 649953964
7471989 103253871
7471989 57771198
7471989 21731082
7471989 58294711
7471989 8660271
7471989 60135465
7471989 756501621
7471989 9596966
7471989 642477348
7471989 16523641
7471989 58993678
7471989 238994527
7471989 833297606
7471989 33644941
7471989 702080201
9596966 127361849
9596966 134507208
9596966 147872590
9596966 208572741
9596966 192399180
9596966 85838505
9596966 99641338
9596966 16523641
9596966 7471989
9596966 649953964
238994527 137737953
238994527 128340173
238994527 49175889
238994527 127361849
238994527 7471989
238994527 58008473
238994527 147872590
238994527 179466514
238994527 16523641
238994527 772327954
238994527 49258002
238994527 649953964
128340173 127361849
85838505 642477348
85838505 54298427
85838505 9596966
85838505 33644941
184789535 192399180
33644941 85838505
33644941 7471989
33644941 127361849
33644941 45161102
33644941 649953964
137737953 127361849
134368616 127361849
649953964 7471989
649953964 33644941
649953964 16523641
649953964 772327954
649953964 298856209
649953964 127361849
649953964 179466514
649953964 147872590
649953964 756501621
649953964 127709632
649953964 103253871
649953964 238994527
649953964 9596966
649953964 833297606
649953964 81377665
649953964 49175889
649953964 49258002
649953964 58993678
649953964 32091180
649953964 58008473
649953964 45161102
3714925 127361849
3714925 180676449
57771198 103253871
57771198 167818904
57771198 58467946
57771198 756501621
57771198 57584615
57771198 58294711
57771198 7471989
57771198 642499853
57771198 49258002
81377665 127361849
152501938 127361849
130454781 32091180
57462036 103253871
57462036 127361849
57462036 16523641
58993678 54298427
58993678 127361849
58993678 58294711
58993678 7259914
58993678 7471989
58993678 23704833
58993678 147872590
58993678 649953964
642499853 57771198
99641338 72152641
99641338 128001862
99641338 127361849
421496814 421496881
421496814 127361849
421673415 127361849
26240478 127361849
60284171 127361849
812479512 127361849
8660271 103253871
8660271 127361849
8660271 130454781
8660271 16523641
8660271 7471989
8660271 649953964
57584615 127361849
57584615 833298305
57584615 642477348
57584615 57771198
298852577 127361849
298852577 179466514
83117341 127361849
60135465 7471989
59635988 54298427
59635988 58008473
59635988 58294711
59635988 192399180
59635988 16523641
59635988 127361849
421496881 421496814
833298305 57584615
833298305 58008473
833298305 127361849
833298305 205885322
833298305 833337328
833298305 704640860
833298305 179466514
833298305 741632510
833298305 298856209
833298305 772327954
833298305 833297606
833298305 49175889
833337328 127361849
833337328 833298305
741632510 16523641
741632510 127361849
741632510 58008473
741632510 833298305
741632510 130454781
86119983 127361849
205885322 58008473
205885322 127361849
205885322 833298305
205885322 298856209
772327954 58467946
772327954 833298305
772327954 16523641
772327954 58008473
772327954 127361849
772327954 238994527
772327954 649953964
180676449 127361849
180676449 23704833
180676449 3714925
180676449 179466514
45161102 16523641
45161102 649953964
45161102 33644941
421485647 127361849
421485647 16523641
421485647 704640860
32091180 21731082
32091180 127361849
32091180 130454781
32091180 649953964
58467946 192399180
58467946 57771198
58467946 16523641
179466514 58008473
179466514 127361849
179466514 833298305
179466514 180676449
179466514 756501621
179466514 704640860
179466514 298852577
179466514 16523641
179466514 238994527
179466514 649953964
103253871 127361849
103253871 130454781
103253871 8660271
103253871 57771198
103253871 57462036
103253871 7471989
103253871 649953964
298856209 127361849
298856209 205885322
298856209 833298305
49222994 127361849
23704833 127361849
23704833 58993678
702080201 127361849
30161121 45161102
49258002 127361849
49258002 57771198
49258002 137737953
49258002 49175889
49258002 16523641
49258002 642477348
49258002 649953964
756508373 127361849
147872590 421488912
147872590 127361849
147872590 9596966
147872590 58993678
147872590 238994527
147872590 649953964
127709632 127361849
756501621 127361849
756501621 179466514
756501621 57771198
756501621 7471989
756501621 649953964
756501621 833297606
58294711 57771198
58294711 7471989
58294711 58993678
58294711 238994527
58294711 59635988
49175889 127361849
49175889 833298305
704640860 127361849
704640860 833298305
704640860 128340173
704640860 421485647
704640860 179466514
704640860 49258002
704640860 833297606
7259914 58993678
812480112 127361849
192399180 58467946
192399180 16523641
192399180 9596966
192399180 184789535
134507208 127361849
208572741 127361849
208572741 9596966
812480291 127361849
58324457 127361849
16523641 677122079
16523641 741632510
16523641 23704833
16523641 127361849
16523641 58467946
16523641 192399180
16523641 421485647
16523641 298856209
16523641 99641338
16523641 642477348
16523641 45161102
16523641 167818904
16523641 57462036
16523641 9596966
16523641 7471989
16523641 49175889
16523641 238994527
16523641 33644941
16523641 772327954
16523641 49258002
16523641 184789535
16523641 59635988
16523641 649953964
421499354 127361849
167818904 57771198
167818904 16523641
72152641 127361849
72152641 99641338
421488912 649953964
58008473 127361849
58008473 833298305
58008473 772327954
