67638798 52396951
49295368 52396951
558733689 52396951
83095820 52396951
49309282 52396951
68452077 52396951
166514845 67638798
166514845 65746687
166514845 52396951
532366911 52396951
793426939 52396951
52396951 67638798
713958139 52396951
35772901 52396951
660942933 52396951
660942933 49905696
55404759 52396951
28633749 52396951
122835849 52396951
10687244 52396951
692232889 52396951
45012428 52396951
218465636 52396951
434100724 52396951
217153483 52396951
192278620 52396951
45544557 52396951
166613066 52396951
217117041 67638798
217117041 52396951
439583071 52396951
736112675 52396951
166662832 52396951
155423416 52396951
558630244 52396951
558630244 49905696
182228907 164823816
558800222 52396951
224452939 52396951
199963222 52396951
425370420 52396951
558617329 49905696
558617329 52396951
129918193 52396951
115670512 52396951
49905696 52396951
439589478 52396951
7040761 52396951
160500854 52396951
60466559 52396951
152819293 52396951
439593507 67638798
439593507 52396951
81469892 52396951
132567802 52396951
92513586 52396951
192292887 52396951
199987894 558630244
497209009 52396951
319560062 52396951
65746687 60466559
111698699 52396951
