134608694 5238279
134608694 184977883
534872764 48488464
316244967 5238279
27862012 5238279
27862012 129314779
27862012 128688904
27862012 130187909
177143049 82152133
194637163 5238279
194637163 129314779
194637163 48488464
194637163 128688904
194637163 184977883
194637163 130187909
194637163 57463614
194637163 52570040
69106277 61319859
130377564 129314779
130377564 128688904
130377564 184977883
130377564 48488464
130377564 5238279
130377564 58140553
130377564 52570040
447919499 58309198
175157727 5238279
175157727 282566264
175157727 61319859
175157727 128800994
175157727 26466683
175157727 48488464
175157727 58324134
175157727 128948273
175157727 184977883
175157727 52570040
175157727 135734413
184977883 5238279
184977883 175157727
184977883 58009952
184977883 82150265
184977883 298857687
184977883 282566264
184977883 134608694
184977883 129314779
184977883 128800994
184977883 461894462
184977883 536749965
184977883 58140553
184977883 15312045
184977883 48488464
184977883 136438118
184977883 194637163
184977883 57350035
184977883 128688904
184977883 58050461
184977883 192504202
184977883 52570040
184977883 130187909
184977883 52579778
184977883 85027032
184977883 534759853
184977883 130377564
184977883 58141884
282566264 5238279
282566264 175157727
282566264 58009952
282566264 82152133
282566264 536749965
282566264 152913854
282566264 77601079
282566264 48488464
282566264 136438118
282566264 57350035
282566264 128688904
282566264 184977883
282566264 130187909
282566264 461894462
282566264 26466683
282566264 421547471
282566264 534773909
282566264 58050461
282566264 82150265
282566264 535207997
282566264 194637163
282566264 58324134
282566264 58140553
282566264 52570040
282566264 57463614
282566264 85027032
282566264 534759853
282566264 130377564
282566264 58141884
52579778 5238279
52579778 129314779
52579778 48488464
52579778 184977883
57350035 129314779
57350035 184977883
57350035 48488464
57350035 58140553
152913854 5238279
152913854 282566264
152913854 129314779
152913854 65490291
152913854 58140553
152913854 58309198
152913854 48488464
152913854 128688904
152913854 184977883
152913854 52570040
152913854 130187909
111615175 5238279
111615175 82150265
111615175 129314779
111615175 58140553
111615175 48488464
111615175 136438118
111615175 128688904
111615175 130187909
111615175 135734413
82152133 177143049
82152133 48488464
82152133 52570040
26466683 5238279
26466683 175157727
26466683 282566264
26466683 58324134
26466683 61319859
31980760 5238279
503477854 5238279
82150265 5238279
82150265 129314779
82150265 111615175
82150265 536749965
82150265 48488464
82150265 136438118
82150265 128688904
82150265 123641189
82150265 184977883
82150265 130187909
82150265 282566264
82150265 52570040
128688904 5238279
128688904 161210888
128688904 130187909
758039227 5238279
833380756 5238279
535091078 5238279
535207997 48488464
535207997 128688904
535207997 130187909
535207997 282566264
535207997 58324134
58324134 5238279
58324134 175157727
58324134 129314779
58324134 536749965
58324134 58309198
58324134 48488464
58324134 795166013
58324134 136438118
58324134 128688904
58324134 184977883
58324134 130187909
58324134 461894462
58324134 26466683
58324134 61319859
58324134 58050461
58324134 535207997
58324134 58140553
58324134 52570040
58324134 601667443
58324134 85027032
58324134 534759853
58324134 130377564
58324134 58141884
421547471 5238279
421547471 129314779
421547471 282566264
139052905 5238279
69152792 5238279
5238279 129314779
5238279 128688904
5238279 130187909
5238279 135734413
15312045 5238279
15312045 161210888
15312045 128688904
15312045 184977883
15312045 130187909
534843055 5238279
56253706 5238279
65490291 152913854
302427463 5238279
35714495 5238279
128948273 5238279
128948273 175157727
128948273 129314779
128948273 52570040
836611421 5238279
161210888 5238279
161210888 130187909
161210888 128688904
139344420 5238279
461894462 5238279
461894462 129314779
461894462 184977883
461894462 128688904
534781444 61319859
128800994 175157727
128800994 48488464
128800994 128688904
128800994 184977883
836611908 48488464
67498692 5238279
67498692 128688904
536749965 61319859
536749965 129314779
536749965 48488464
536749965 128688904
536749965 192504202
536749965 184977883
534783505 48488464
534783505 128688904
58140553 5238279
58140553 82152133
58140553 129314779
58140553 111615175
58140553 536749965
58140553 152913854
58140553 48488464
58140553 534872764
58140553 128688904
58140553 184977883
58140553 130187909
58140553 52570040
139477316 5238279
25685100 5238279
135734413 130187909
135734413 5238279
135734413 128688904
135734413 129314779
135734413 161210888
135734413 48488464
123641189 5238279
123641189 82150265
123641189 129314779
123641189 136438118
123641189 128688904
123641189 52570040
123641189 130187909
127454457 5238279
471211180 5238279
471211180 48488464
471211180 184977883
471211180 128688904
58309198 5238279
58309198 48488464
58309198 52570040
58309198 128688904
57463614 5238279
57463614 128688904
48488464 5238279
48488464 175157727
48488464 58009952
48488464 82150265
48488464 282566264
48488464 61319859
48488464 82152133
48488464 129314779
48488464 536749965
48488464 58140553
48488464 534872764
48488464 128688904
48488464 184977883
48488464 52570040
48488464 130187909
48488464 601667443
48488464 85027032
48488464 130377564
48488464 58141884
52570040 5238279
52570040 175157727
52570040 82152133
52570040 536749965
52570040 152913854
52570040 58309198
52570040 48488464
52570040 128688904
52570040 123641189
52570040 128948273
52570040 184977883
52570040 82150265
52570040 282566264
52570040 194637163
52570040 58324134
52570040 58140553
52570040 85027032
52570040 130377564
52570040 58141884
324477870 5238279
58338726 5238279
58338726 161210888
58338726 128688904
58338726 184977883
58338726 58050461
85027032 5238279
85027032 184977883
85027032 130187909
85027032 58324134
85027032 52570040
85027032 48488464
85027032 536749965
85027032 128688904
85027032 58141884
253080835 5238279
253080835 130187909
534769295 5238279
534769295 128688904
756598058 5238279
77601079 5238279
77601079 282566264
77601079 536749965
833331487 5238279
833331487 184977883
58050461 5238279
58050461 184977883
58050461 58338726
58050461 282566264
58050461 58324134
131196477 5238279
298857687 5238279
298857687 129314779
298857687 58140553
298857687 48488464
298857687 128688904
298857687 130187909
298857687 52570040
298857687 184977883
58141884 58099696
58141884 130187909
58141884 282566264
58141884 5238279
58141884 129314779
58141884 61319859
58141884 161210888
58141884 48488464
58141884 58324134
58141884 52570040
58141884 128688904
58141884 184977883
534773909 184977883
130187909 5238279
130187909 129314779
130187909 48488464
130187909 161210888
130187909 128688904
57593920 5238279
58009952 5238279
58009952 536749965
58009952 58140553
58009952 48488464
58009952 184977883
58009952 52570040
58009952 58141884
534783584 5238279
58099696 5238279
58099696 48488464
58099696 58141884
152906603 5238279
58479832 5238279
192504202 5238279
192504202 82152133
192504202 536749965
192504202 48488464
192504202 128688904
192504202 184977883
192504202 130187909
60275940 48488464
60275940 5238279
581789152 5238279
581789152 48488464
93826244 5238279
93826244 52570040
534760800 5238279
534760800 184977883
129314779 5238279
136438118 82150265
136438118 282566264
136438118 111615175
136438118 58324134
136438118 184977883
136438118 534759853
307322473 5238279
61319859 5238279
61319859 175157727
61319859 536749965
61319859 58099696
61319859 69106277
61319859 58140553
61319859 48488464
61319859 161210888
61319859 128688904
61319859 26466683
61319859 130377564
61319859 58141884
534759853 128688904
534759853 136438118
534759853 5238279
534759853 282566264
534759853 536749965
534759853 129314779
534759853 60275940
534759853 184977883
534759853 48488464
534759853 130377564
795166013 5238279
