21809182 33114756
21809182 19116642
47919089 22409086
47919089 25475373
52721265 22409086
52721265 84206646
52721265 25475373
8691632 25475373
33114756 31787666
33114756 21809182
33114756 29138310
33114756 19116642
33114756 130058979
33114756 65271171
40377153 54262423
40377153 29138310
40377153 25475373
40377153 98859515
305428754 22409086
22409086 54262423
22409086 33573980
22409086 44783375
22409086 43909923
22409086 19116642
22409086 44743510
22409086 305428754
22409086 52721265
22409086 82112812
22409086 47919089
22409086 302883755
44455527 231091364
44455527 25475373
60886626 20765828
60886626 44393240
60886626 29138310
60886626 81469582
60886626 130058979
60886626 25475373
133149039 25475373
49054416 20765828
84206646 52721265
84206646 25475373
130058979 33114756
130058979 25475373
130058979 60886626
231228601 25475373
44743510 22409086
44743510 8691632
44743510 25475373
56924705 25475373
49058086 84206646
49058086 25475373
4803004 25475373
98859515 25475373
98859515 40377153
65271171 33114756
48014232 25475373
19116642 33114756
19116642 20765828
19116642 22409086
19116642 21809182
19116642 29138310
19116642 25475373
44784802 44783375
33546004 33573980
33546004 29138310
33546004 25475373
62266697 25475373
54262423 22409086
54262423 25475373
54262423 40377153
70328259 25475373
85837500 25475373
301956516 82112812
20765828 29138310
20765828 25475373
29138310 33114756
29138310 20765828
29138310 44783375
29138310 19116642
29138310 25475373
29138310 60886626
29138310 40377153
29138310 33546004
25475373 31787666
25475373 49058086
25475373 20765828
25475373 33573980
25475373 48014232
25475373 44783375
25475373 44393240
25475373 133149039
25475373 29138310
25475373 48724443
25475373 85837500
25475373 11259326
25475373 836611137
25475373 19116642
25475373 44743510
25475373 128361053
25475373 52721265
25475373 103079536
25475373 231228601
25475373 84206646
25475373 130058979
25475373 636984728
25475373 121063353
25475373 82112812
25475373 60886626
25475373 182680305
25475373 33546004
25475373 49054416
44931265 20765828
44931265 25475373
44393240 25475373
44393240 60886626
36758153 25475373
182680305 25475373
44440267 25475373
31787666 33114756
20901450 25475373
33573980 22409086
33573980 25475373
33573980 33546004
82112812 301956516
82112812 22409086
82112812 25475373
81469582 25475373
81469582 60886626
44783375 44784802
44783375 22409086
44783375 29138310
44783375 25475373
43909923 22409086
43909923 98859515
48724443 25475373
231091364 44455527
302883755 22409086
11259326 25475373
