82399744 16061967
73917715 16061967
295334232 16061967
144570369 16061967
148271380 16061967
24279683 16061967
497898920 16061967
73199162 138818359
73199162 16061967
58022460 122776326
58022460 184977881
58022460 85027032
58022460 16061967
42382526 16061967
138818359 111253248
16444615 16061967
581130111 16061967
31709549 16061967
93921525 16061967
6449322 16061967
113610118 16061967
785133391 16061967
785131591 16061967
441078153 16061967
582258996 16061967
22171992 16061967
582157582 16061967
785134803 16061967
299321364 16061967
72059730 16061967
57580453 16061967
184977881 122776326
184977881 16061967
677270657 16061967
60191956 16061967
111253248 138818359
85027032 16061967
220654092 16061967
27776860 16061967
512563701 16061967
58421660 16061967
3023116 16061967
57744509 16061967
152603580 16061967
52582481 184977881
52582481 16061967
131749031 16061967
244802334 16061967
52581680 16061967
241764190 16061967
18663110 16061967
26363210 16061967
122776326 184977881
122776326 58022460
122776326 16061967
