83578320 152594008
83578320 50611814
58106249 152594008
58106249 85027032
57611202 58083648
57611202 57474669
57611202 152594008
57611202 114655033
57611202 152499594
57611202 535054714
57611202 181213533
582439481 152594008
52575639 535054714
52575639 57474669
52575639 152594008
52575639 58031162
35852703 152594008
496867153 152594008
496867153 58083648
496867153 45003278
496867153 114655033
45003278 152499594
45003278 496867153
45003278 58083648
45003278 83578320
45003278 57474669
45003278 114655033
45003278 534750678
181213533 152594008
181213533 57611202
152711362 152594008
152711362 107496427
57474669 152594008
57474669 152499594
57474669 45003278
57474669 57611202
57474669 52575639
57474669 85027032
816445055 152594008
152594008 152727118
152594008 50611814
152594008 444468492
152594008 90439399
152594008 816445055
152594008 35852703
152594008 582439481
152594008 107496427
152594008 152499594
152594008 496867153
152594008 152711362
152594008 58083648
152594008 152677835
152594008 83578320
152594008 24667609
152594008 62311375
152594008 57474669
152594008 58106249
152594008 49905428
152594008 181213533
152594008 229003228
152594008 785144477
152594008 535054714
152594008 57611202
152594008 52575639
152594008 85027032
152594008 534750678
152677835 152594008
152677835 58031162
152499594 152594008
152499594 444468492
152499594 57474669
152499594 85027032
152499594 534750678
114655033 496867153
114655033 58083648
114655033 535054714
114655033 45003278
114655033 57611202
114655033 85027032
534989271 535054714
24667609 152594008
90439399 152594008
90439399 152499594
90439399 535054714
90439399 45003278
152727118 152594008
152727118 35852703
152727118 152499594
534750678 45003278
534750678 152499594
534750678 535054714
534750678 152594008
534750678 114655033
534750678 58083648
535054714 152594008
535054714 58310585
535054714 58083648
535054714 534989271
535054714 114655033
535054714 52575639
535054714 534750678
62311375 152594008
50611814 152594008
50611814 58083648
50611814 83578320
58031162 52575639
785144477 152594008
85027032 152594008
85027032 114655033
85027032 152499594
85027032 58106249
85027032 57474669
107496427 152594008
107496427 152711362
58310585 535054714
58083648 152594008
58083648 50611814
58083648 152499594
58083648 58031162
58083648 62311375
58083648 58106249
58083648 114655033
58083648 535054714
58083648 45003278
58083648 534750678
229003228 152594008
49905428 152594008
444468492 152594008
444468492 152499594
