91197599 21008253
91197599 152932193
91197599 65474998
91197599 58013073
58086960 21008253
152544578 40322605
531311898 99560233
833310185 215753840
152657447 57647998
152657447 57649158
210247190 50187102
210247190 21008253
210247190 124087500
210247190 9023080
833297606 2634374
833297606 21008253
833297606 9023080
81796386 99560233
152938619 21008253
152938619 124087500
72471441 9023080
72471441 152932193
72471441 21008253
72471441 58184117
72471441 124087500
421461479 734973645
421461479 21008253
421461479 58184117
421461479 124087500
421461479 9023080
261671774 21008253
261671774 421461479
261671774 154895873
261671774 107239727
261671774 58184117
261671774 124087500
261671774 421455363
261671774 65474998
261671774 65314767
261671774 99560233
261671774 9023080
215753840 21008253
215753840 833310185
215753840 124087500
81377665 124087500
40322605 152544578
40322605 152932193
152578889 21008253
152578889 9023080
9023080 21008253
9023080 58184117
9023080 152932193
9023080 421499586
9023080 124087500
421476296 124087500
421476296 9023080
421476296 21008253
152582420 21008253
215747976 21008253
215747976 124087500
421499586 9023080
803890962 99560233
35076515 21008253
152932193 40322605
152932193 21008253
152932193 91197599
152932193 124087500
152932193 421455363
152932193 65474998
152932193 127423669
152932193 99560233
152932193 9023080
152932193 72471441
684961545 90521625
833319439 21008253
21008253 65474998
21008253 99560233
734973645 21008253
79037525 124087500
152531425 21008253
152531425 124087500
152531425 421455363
152531425 5445670
152531425 50187102
152531425 152932193
152534675 124087500
152534675 21008253
152534675 9023080
90521625 684961545
90521625 128866177
152849541 35076515
152849541 124087500
828447619 58184117
828447619 5445670
58013073 124087500
58013073 50187102
58013073 21008253
58013073 91197599
152504554 21008253
128896695 57647998
128896695 57649158
5445670 21008253
5445670 57848811
5445670 152531425
371024169 124087500
371024169 21008253
104412614 21008253
128866177 21008253
128866177 90521625
50187102 21008253
50187102 65474998
50187102 152531425
50187102 9023080
6928204 21008253
812493408 21008253
812493408 152435565
127423669 152932193
127423669 6928204
127423669 124087500
127423669 21008253
154895873 21008253
154895873 50187102
154895873 261671774
154895873 124087500
154895873 99560233
154895873 65474998
152953697 21008253
152953697 528782737
112915590 21008253
112915590 50187102
112915590 57649158
112915590 58184117
112915590 124087500
112915590 65474998
112915590 9023080
24645258 21008253
24645258 99560233
24645258 29498697
24645258 421476296
107239727 261671774
107239727 57647998
10039874 21008253
152519774 152657404
152519774 57649158
58184117 112915590
58184117 261671774
58184117 54729597
58184117 21008253
58184117 828447619
58184117 421461479
58184117 124087500
58184117 128866177
58184117 2634374
58184117 72471441
58184117 9023080
152900408 21008253
152900408 124087500
528782737 152953697
27200215 21008253
27200215 65474998
27200215 99560233
152475080 9023080
124087500 112915590
124087500 152849541
124087500 154895873
124087500 152578889
124087500 57649158
124087500 152932193
124087500 152511526
124087500 421461479
124087500 152900408
124087500 58086960
124087500 79037525
124087500 58184117
124087500 152534675
124087500 127423669
124087500 371024169
124087500 152531425
124087500 65314767
124087500 9023080
124087500 81377665
124087500 215747976
124087500 421476296
54729597 21008253
54729597 58184117
421488864 21008253
29498697 24645258
57649158 57647998
57649158 50187102
57649158 152620647
57649158 152519774
57649158 112915590
57649158 152657447
57649158 124087500
57649158 5445670
57649158 128896695
57649158 9023080
57848811 21008253
57848811 5445670
58337967 528782737
65314767 65474998
65314767 261671774
65314767 124087500
65314767 152932193
65314767 21008253
65314767 9023080
715427090 21008253
152620647 57647998
152620647 57649158
421455363 54729597
421455363 21008253
421455363 261671774
421455363 72471441
421455363 215747976
2634374 21008253
2634374 58184117
2634374 371024169
2634374 9023080
2634374 833297606
152511526 124087500
57647998 152620647
57647998 57649158
57647998 152657447
57647998 107239727
57647998 128896695
65474998 152932193
65474998 21008253
65474998 50187102
152435565 812493408
179326388 21008253
99560233 81796386
99560233 531311898
99560233 21008253
152657404 152519774
152657404 152620647
3377860 21008253
152877616 152938619
756501174 21008253
756501174 24645258
