177432326 127185022
177432326 19810106
135136161 52805179
135136161 49442680
135136161 364075319
44509603 19810106
130465652 71246689
44165484 71246689
33592654 71246689
691065246 52805179
691065246 45034951
691065246 127185022
691065246 477221997
691065246 128732414
127185022 128732414
127185022 477221997
127185022 49488959
127185022 45034951
127185022 691065246
127185022 52805179
49488959 128732414
49488959 477221997
49488959 127185022
49488959 69863112
49488959 19810106
49488959 45034951
49488959 52805179
133370490 128732414
133370490 45034951
133370490 52805179
45034951 128732414
45034951 477221997
45034951 49488959
45034951 127185022
45034951 691065246
45034951 133370490
45034951 52805179
128732414 477221997
128732414 49488959
128732414 127185022
128732414 45034951
128732414 691065246
128732414 52805179
27640326 8090076
80883086 52805179
52805179 45022666
52805179 691065246
52805179 45034951
52805179 19810106
52805179 49442680
52805179 135136161
52805179 127185022
52805179 49488959
52805179 477221997
52805179 128732414
50907942 208443447
69863112 45034951
69863112 127185022
208443447 52805179
8090076 19810106
8090076 52805179
8090076 27640326
192559193 52805179
192559193 19810106
129224203 52805179
129224203 19810106
129224203 127185022
71246689 33592654
71246689 130465652
17369422 52805179
17369422 477221997
364075319 135136161
45022666 52805179
24398221 52805179
24398221 127185022
143794062 19810106
49442680 135136161
49442680 52805179
19810106 143794062
19810106 52805179
19810106 129224203
19810106 49488959
19810106 477221997
19810106 192559193
218459314 52805179
477221997 128732414
477221997 49488959
477221997 127185022
477221997 19810106
477221997 45034951
477221997 691065246
477221997 52805179
