601665135 114775504
734996053 114775504
23011503 128503578
23011503 130338843
23011503 152920810
23011503 39380916
23011503 155869244
23011503 114775504
124293974 114775504
131568859 128503578
131568859 152450274
131568859 130338843
131568859 152920343
131568859 124293974
131568859 152934203
131568859 57650814
131568859 152687437
131568859 152896897
131568859 39380916
131568859 152684028
131568859 23011503
131568859 114775504
131568859 152956692
131568859 26363210
131568859 106988860
131568859 210230416
131568859 3304541
131568859 152812653
131568859 152577893
558320784 114775504
152924794 581220267
152924794 39380916
152924794 114775504
152924794 60401540
581220267 26363210
581220267 152924794
581701729 114775504
58298201 39380916
58298201 114775504
58298201 152812653
262485026 39380916
57650814 39380916
57650814 114775504
516957857 114775504
581308682 210187394
581308682 114775504
581308682 39380916
60401540 114775504
60401540 58260813
60401540 152924794
75191343 83508117
75191343 50901514
75191343 39380916
75191343 114775504
75191343 152924794
836612019 114775504
167157259 152674597
167157259 23011503
167157259 114775504
458357233 114775504
486426736 114775504
123312287 152450274
123312287 152687437
123312287 39380916
123312287 114775504
123312287 106988860
227975227 114775504
501442206 114775504
30072582 39380916
30072582 114775504
85710613 130338843
85710613 114775504
4842271 39380916
4842271 114775504
52657891 114775504
415506878 114775504
128503578 130338843
128503578 152934203
128503578 152920810
128503578 23011503
128503578 114775504
128503578 106988860
128503578 155869244
6725882 114775504
130338843 152956692
130338843 152850781
130338843 85710613
130338843 83508117
130338843 152920343
130338843 130862919
130338843 124293974
130338843 131568859
130338843 50901514
130338843 152934203
130338843 152920810
130338843 58260813
130338843 152896897
130338843 812566558
130338843 210236869
130338843 39380916
130338843 152812805
130338843 23011503
130338843 114775504
130338843 106988860
130338843 155869244
130338843 581888687
130338843 3304541
152850781 130338843
152850781 39380916
152850781 114775504
152850781 152577893
812566558 130338843
812566558 39380916
582925362 39380916
541482267 114775504
152934203 128503578
152934203 130338843
152934203 131568859
152934203 152920810
152934203 39380916
152934203 114775504
152934203 210230416
210187394 130338843
210187394 581308682
210187394 39380916
210187394 114775504
210187394 152684028
468588858 39380916
468588858 114775504
3304541 114775504
3304541 131568859
3304541 130338843
3304541 39380916
3304541 152674597
152687437 130338843
152687437 131568859
152687437 39380916
152687437 114775504
50901514 130338843
50901514 75191343
50901514 39380916
155831151 39380916
155831151 114775504
104618840 114775504
147840325 114775504
152920343 114775504
210236869 114775504
210236869 130338843
152812653 114775504
152812653 58298201
152812653 39380916
152812653 152687937
152812653 130338843
152812653 152592090
152812653 152577893
58260813 130338843
58260813 114775504
58260813 60401540
581888687 114775504
581888687 130338843
581888687 152674597
152514724 39380916
152514724 114775504
152514724 210230416
210187965 128503578
210187965 39380916
210187965 114775504
210187965 152812653
196221201 114775504
581015355 114775504
756569892 114775504
155869244 130338843
155869244 152920810
155869244 23011503
155869244 114775504
155869244 152684028
152812805 130338843
152812805 114775504
581272318 39380916
793926361 114775504
836611965 114775504
152920810 130338843
152920810 152934203
152920810 152896897
152920810 39380916
152920810 23011503
152920810 114775504
152920810 106988860
152920810 210230416
152920810 155869244
152920810 26363210
39380916 582925362
39380916 152687937
39380916 262485026
39380916 152850781
39380916 83508117
39380916 210187965
39380916 130338843
39380916 152514724
39380916 130862919
39380916 58298201
39380916 75191343
39380916 124293974
39380916 123312287
39380916 131568859
39380916 50901514
39380916 152953535
39380916 152934203
39380916 57650814
39380916 581272318
39380916 468588858
39380916 152920810
39380916 152592090
39380916 581308682
39380916 152687437
39380916 210187394
39380916 26363210
39380916 812566558
39380916 23011503
39380916 114775504
39380916 152924794
39380916 4842271
39380916 106988860
39380916 152684028
39380916 210230416
39380916 30072582
39380916 155831151
39380916 3304541
39380916 152812653
39380916 152577893
581792369 114775504
152674597 167157259
152674597 114775504
152674597 581888687
152674597 3304541
152592090 39380916
152592090 114775504
152592090 152812653
152896897 130338843
152896897 131568859
152896897 152920810
152896897 114775504
130862919 130338843
130862919 39380916
130862919 114775504
582418963 114775504
210230416 152514724
210230416 152934203
210230416 152920810
210230416 39380916
210230416 114775504
210230416 131568859
152684028 131568859
152684028 39380916
152684028 114775504
152956692 130338843
152956692 114775504
152956692 106988860
764121325 114775504
28662230 114775504
152953535 39380916
152953535 114775504
106988860 128503578
106988860 152450274
106988860 130338843
106988860 123312287
106988860 152920810
106988860 39380916
106988860 114775504
106988860 152956692
106988860 131568859
758013898 114775504
152450274 130338843
152450274 131568859
152450274 114775504
152450274 106988860
152576247 581308682
152576247 114775504
152687937 39380916
152687937 114775504
152687937 152812653
152577893 114775504
152577893 152850781
836611872 114775504
328359775 114775504
563897994 114775504
32911900 114775504
581475248 114775504
26363210 581220267
26363210 114775504
26363210 152920810
83508117 130338843
83508117 75191343
83508117 39380916
83508117 114775504
