55253967 35623420
33758127 35623420
142523397 35623420
58418232 35623420
58418232 69111791
147418755 35623420
38651830 35623420
35221935 17620936
35221935 35623420
35221935 5471354
152633803 28898567
152633803 35623420
67143812 17620936
67143812 35623420
82725171 4226278
199969138 35623420
35623420 28898567
35623420 33191591
215733908 35623420
44498073 35623420
14041534 35623420
17620936 35623420
133778628 17620936
133778628 35623420
50853882 35623420
79041217 35623420
230954402 35623420
200004941 35623420
200004941 69698409
26433265 5471354
48734687 35623420
44680780 35623420
200063528 35623420
200063528 5471354
50858252 35623420
50858252 200004941
91764887 35623420
69698409 17620936
69698409 35623420
299086814 35623420
57194224 35623420
57194224 17620936
54610886 17620936
54610886 35623420
54610886 28898567
54610886 5471354
17739865 17620936
17739865 35623420
49045400 35623420
50875679 45019801
687031088 35623420
33191591 35623420
69111791 17620936
69111791 35623420
69111791 58418232
160276642 35623420
58393533 35623420
4226278 17620936
4226278 82725171
695829541 35623420
45019801 50875679
45019801 35623420
23774987 5471354
44944651 35623420
9812561 35623420
54472385 17620936
54472385 5471354
225308359 35623420
225308359 17620936
60932534 35623420
149093899 35623420
5471354 17620936
5471354 35623420
5471354 26433265
5471354 54610886
45039353 17620936
45039353 35623420
32863295 35623420
28898567 17620936
28898567 35623420
28898567 4226278
131626126 35623420
12054046 35623420
58551249 35623420
