24565477 17538877
69094283 17538877
191871242 138812687
328367441 110807
138812687 17538877
138812687 191871242
62064692 17538877
52394312 34678596
132421582 110807
132421582 17538877
132421582 127857252
54350475 110807
54350475 132421582
54350475 17538877
34678596 17538877
34678596 127857252
127857252 132421582
127857252 17538877
127857252 34678596
110807 132421582
110807 17538877
110807 33113011
110807 127857252
127385213 34678596
54436824 17538877
17538877 62064692
17538877 110807
17538877 132421582
17538877 54436824
17538877 24565477
17538877 127857252
57444338 38810037
57444338 34678596
44963868 132421582
44963868 34678596
114013927 17538877
81378974 127857252
38810037 57444338
23174406 17538877
128446533 132421582
65096358 34678596
8732405 34678596
33113011 110807
33113011 132421582
33113011 17538877
33113011 127857252
