602526787 602538863
602526787 747183240
602526787 747180536
602526787 57069320
602538863 197749765
602538863 602526787
747183240 602526787
747183240 602552471
747183240 232316457
390333914 232316457
390333914 58483481
390333914 197749765
299733171 328282896
299733171 232316457
299733171 57069320
57069320 55125098
57069320 328282896
57069320 299733171
57069320 505293399
57069320 57243365
57069320 602529532
57069320 500978402
57069320 197749765
57069320 232316457
57069320 602526787
57069320 602522314
57069320 602544236
665999546 431291437
747179701 632795579
747179701 602552471
747179701 431291437
747179701 500978402
328282896 299733171
328282896 57243365
328282896 57069320
328282896 232316457
328282896 632795579
328282896 602552471
232316457 55125098
232316457 328282896
232316457 390333914
232316457 299733171
232316457 57243365
232316457 602564257
232316457 602514302
232316457 58483481
232316457 57069320
232316457 747183240
603974353 55125098
82150265 35531912
747180536 602526787
507356086 35531912
500978402 602522495
500978402 602552471
500978402 57069320
500978402 747179701
500978402 431291437
602526941 57069320
602522495 500978402
602564257 232316457
58483481 55125098
58483481 390333914
58483481 57243365
58483481 197749765
58483481 603974353
58483481 35531912
58483481 666019419
58483481 57069320
58483481 232316457
58483481 602552471
431291437 747179701
431291437 665999546
431291437 632795579
197749765 55125098
197749765 328282896
197749765 390333914
197749765 57243365
197749765 602538863
55125098 57069320
55125098 58483481
602522314 602544236
602522314 57069320
602552471 747183240
602552471 58483481
602552471 747179701
602552471 500978402
602552471 328282896
602544236 73534306
602544236 602522314
602544236 232316457
602544236 57069320
666019419 212289455
666019419 58483481
632795579 747179701
632795579 431291437
212289455 666019419
73534306 35531912
52608488 390333914
57243365 328282896
57243365 197749765
57243365 35531912
57243365 58483481
57243365 57069320
57243365 232316457
