26982012 61171667
39011535 26982012
39011535 73726346
67334672 52467262
67334672 61171667
67334672 49351226
67334672 7881400
67334672 92042597
67334672 15235455
17177743 4654990
8067170 34672689
8067170 137694633
26818616 28945927
57446325 317779116
14600297 18092129
14600297 73726346
14600297 61171667
128399207 73726346
601800619 61168715
31764989 24091815
734777504 73726346
127365169 62424952
137694633 8067170
653431371 49351226
58402794 5505562
12408797 28945927
31837933 21180543
31837933 73726346
31837933 18092129
132714340 61171667
34672689 8067170
34672689 73726346
21180543 31837933
96884745 7881400
31369361 73726346
49351226 128399207
49351226 52467262
49351226 61171667
49351226 67334672
49351226 653431371
28945927 12408797
185477616 15235455
24091815 30526755
24091815 31764989
18092129 16637813
18092129 14600297
18092129 73726346
61173506 61171667
16637813 61168715
16637813 18092129
406681889 73726346
49357690 15235455
61168715 16637813
61168715 16605367
61168715 601800619
114410650 5223362
4654990 17177743
62424952 127365169
15235455 49357690
15235455 61171667
15235455 18092129
30844361 23434441
7881400 67334672
7881400 96884745
7881400 18092129
49330383 30526755
210503012 18092129
140664526 27604115
16605367 16637813
16605367 61168715
68950631 69551700
69551700 68950631
102779705 18092129
52467262 18092129
30526755 61171667
30526755 24091815
