45222267 32759763
45222267 49521604
45222267 44252626
45222267 230996046
45222267 46910211
45222267 44385603
48044565 50645956
231050378 24404953
82528460 16889402
46910211 32759763
46910211 49521604
46910211 54291510
46910211 231160370
46910211 48277612
46910211 45222267
46910211 49046647
16889402 82528460
48018659 127167713
230996046 45222267
28946354 95361081
171209076 531666513
9780897 32759763
75378665 32759763
75378665 67678241
32759763 75378665
32759763 49521604
32759763 5431026
32759763 46910211
32759763 84287115
32759763 24404953
32759763 45222267
32759763 9780897
97509935 127167713
786126973 127167713
54291510 193361733
54291510 46910211
44964767 54291510
44645983 127167713
44252626 45222267
193361733 54291510
193361733 24404953
193361733 44385603
44385603 193361733
44385603 45222267
642185263 305428795
642185263 49521604
67678241 75378665
67678241 24404953
67678241 127167713
49521604 32759763
49521604 46910211
49521604 642185263
49521604 48277612
49521604 24404953
49521604 45222267
49521604 34238608
49521604 44385603
48277612 49521604
48277612 46910211
24404953 32759763
24404953 193361733
24404953 49521604
24404953 48277612
24404953 67678241
24404953 231050378
24404953 127167713
34238608 49521604
84287115 32759763
84287115 5431026
95361081 28946354
5431026 32759763
5431026 84287115
5431026 127167713
154915024 127167713
