48478036 39200741
48478036 127167007
48478036 62165842
57481805 129181239
38751663 65396763
48085427 39200741
48085427 10096025
48085427 50643083
48085427 65396763
48085427 12686849
48085427 62165842
120379868 127167007
65301520 39200741
65301520 49053525
65301520 127167007
65301520 132787447
65301520 12686849
19664076 10096025
19664076 24333911
19664076 62165842
24333911 39200741
24333911 19664076
39805042 10096025
465437848 127167007
32455826 39200741
32455826 127167007
32455826 62165842
65459887 39200741
65459887 10096025
65459887 50643083
163817259 22307900
49066317 114265726
49066317 50619306
49066317 50643083
49066317 127167007
73732472 127167007
329487282 39200741
132787447 39200741
132787447 127167007
132787447 65301520
132787447 62165842
48819250 39200741
48819250 127167007
55227889 39200741
55227889 127167007
170376809 127167007
302776802 127167007
60787356 39200741
60787356 62165842
44314764 127167007
44314764 129181239
50619306 39200741
50619306 44594788
50619306 35240779
50619306 49066317
50619306 22307900
50619306 50643083
50619306 65396763
49053525 127167007
49053525 129181239
49053525 12686849
49520914 68947714
49520914 49053525
11528800 127167007
68994556 44680223
68994556 127167007
62165842 10096025
62165842 39200741
62165842 19664076
62165842 60787356
62165842 132787447
62165842 127167007
62165842 67467951
62165842 57488002
62165842 12686849
62165842 48085427
62165842 44594788
62165842 65396763
62165842 35240779
62165842 48478036
44381134 127167007
57423301 127167007
39883222 127167007
173804513 127167007
173804513 129181239
127544595 127167007
129181239 127167007
49048438 39200741
49048438 127167007
68947714 127167007
44594788 50619306
44594788 127167007
44594788 62165842
659295 7861366
49051577 39200741
49051577 50643083
49051577 127167007
49051577 129181239
49437153 127167007
57488002 39200741
57488002 35240779
57488002 127167007
57488002 65396763
67467951 127167007
67467951 62165842
44680223 127167007
50643083 35240779
50643083 49051577
50643083 49066317
50643083 50619306
50643083 65459887
50643083 48085427
50643083 12686849
82263277 35240779
44142208 127167007
49187425 127167007
65396763 39200741
65396763 38751663
65396763 35240779
65396763 22307900
65396763 57488002
65396763 50619306
65396763 48085427
65396763 62165842
49054752 127167007
114265726 49066317
114265726 127167007
39200741 329487282
39200741 44142208
39200741 65301520
39200741 35240779
39200741 19664076
39200741 132787447
39200741 10096025
39200741 49051577
39200741 48478036
39200741 22307900
39200741 49048438
39200741 24333911
39200741 60787356
39200741 50619306
39200741 127167007
39200741 48819250
39200741 65459887
39200741 65396763
39200741 48085427
39200741 12686849
39200741 62165842
12686849 65301520
12686849 50643083
12686849 48085427
12686849 49053525
12686849 39200741
12686849 62165842
705323146 127167007
682409324 55465115
127167007 129181239
362971745 127167007
149172402 22307900
22307900 39200741
22307900 35240779
22307900 163817259
22307900 50619306
22307900 65396763
217140660 127167007
61268318 127167007
35240779 39200741
35240779 22307900
35240779 57488002
35240779 50619306
35240779 50643083
35240779 65396763
35240779 82263277
35240779 62165842
70036805 127544595
10096025 39200741
10096025 19664076
10096025 39805042
10096025 48085427
10096025 62165842
55465115 682409324
