44611413 37752098
12625720 127429049
12625720 61337679
57332332 37752098
163404984 37752098
31948127 37752098
54415656 46487021
54415656 37752098
37921607 37752098
37921607 37947337
42114067 37752098
127429049 37947337
75346724 28150489
131968524 37752098
92113657 33701915
605169626 37752098
150310871 37947337
46487021 32420438
46487021 49521245
46487021 54415656
637519671 37752098
32420438 67329683
32420438 46487021
32420438 37752098
44765531 127429049
44765531 37752098
61337679 12625720
44731166 37752098
683293497 217180747
10062122 37947337
366379169 37752098
156600577 37752098
156600577 543611079
45060846 127429049
45060846 37752098
507357572 37752098
8276217 127429049
482939774 37752098
71298709 67329683
71298709 127429049
49521245 46487021
49521245 37752098
49521245 127429049
44291601 37752098
44364978 37752098
28150489 37752098
31976933 37752098
80324654 37752098
45514540 37752098
43874600 37752098
54073886 502818164
44699749 37752098
130332761 37752098
22041123 37752098
67329683 71298709
67329683 32420438
506609926 519820551
33701915 92113657
33701915 127429049
45514597 37752098
836613529 37752098
43940282 37752098
111790649 57332332
607719070 37752098
44263808 37752098
37947337 150310871
37947337 10062122
37947337 127429049
37947337 502818164
566584969 37752098
23081296 37752098
24977148 37752098
519820551 506609926
173308230 37752098
795044113 37752098
519918842 37752098
543611079 37752098
48861375 37752098
217180747 683293497
217180747 37752098
134345151 32420438
50885355 37752098
316816529 37752098
502818164 37947337
502818164 54073886
