20991063 127371517
20991063 162799131
668834600 127371517
49745295 127204019
349579373 127204019
56811644 127204019
34564909 127371517
47954378 127204019
47954378 127371517
118103406 127204019
8742977 127204019
8742977 127371517
65320315 459556939
65320315 72142982
49048701 127204019
49048701 127371517
44589360 127204019
44589360 127371517
43941962 127204019
48718163 127204019
48718163 72142982
48718163 44084229
48718163 127371517
48718163 162799131
48718163 16846464
45223630 127371517
44651837 127204019
48751976 127204019
128492325 127371517
44975865 127371517
44238061 127371517
134177393 127371517
191862446 127204019
21673198 20991063
21673198 127371517
127204019 127371517
48276222 127204019
48276222 127371517
57458755 127204019
57458755 127371517
44730596 44588800
44707493 127204019
44695541 127204019
168371894 127371517
17089005 72142982
17089005 127371517
136506861 127204019
48735561 127371517
459556939 65320315
459556939 72142982
43969834 127371517
44823309 127371517
48714553 127204019
48714553 72142982
48714553 127371517
44450723 127204019
44135606 127371517
16846464 48718163
16846464 127371517
45014770 72142982
44378390 127204019
130775259 72142982
130775259 127371517
132533053 127204019
132533053 127371517
72142982 130775259
72142982 73918845
72142982 127204019
72142982 65320315
72142982 20991063
72142982 127371517
47099735 127371517
73918845 72142982
73918845 127371517
60937827 127204019
60937827 72142982
60937827 127371517
44480872 127204019
44480872 127371517
45150460 127204019
47448927 127204019
47448927 127371517
60999685 127371517
45055765 127204019
45055765 127371517
685781133 127371517
69075933 127204019
69075933 72142982
69075933 127371517
57128376 127204019
57128376 127371517
43955565 127204019
129986136 127371517
44211790 127371517
75386241 127204019
75386241 127371517
14654385 127204019
48039422 127371517
641099272 127204019
231223040 127204019
56840771 127204019
44084229 48718163
45039199 127204019
162799131 48718163
162799131 20991063
192452971 127204019
192452971 127371517
157823056 127204019
48741514 127371517
50865724 127204019
