421457808 35973773
421457808 421466135
421457808 49520839
421457808 81379009
421457808 33644941
421457808 421462329
421457808 28058172
57608067 130388857
57608067 27609283
57608067 33468160
57608067 205891059
130388857 85172520
130388857 14203615
130388857 4676040
130388857 208638735
130388857 421466135
130388857 35973773
130388857 28058172
130388857 58993678
14203615 130388857
326864011 152919449
326864011 73198614
326864011 828444571
326864011 35973773
326864011 25373951
326864011 55249062
152619562 81379009
152619562 39616742
152619562 73198614
737481243 216071130
238994527 372783566
238994527 35973773
238994527 410228177
238994527 130388857
238994527 81379009
238994527 421466135
238994527 326864011
27609283 35973773
27609283 57608067
27609283 49520839
27609283 238994527
27609283 33644941
421489681 81379009
421489681 35973773
152581178 421466135
152581178 33468160
152581178 216071130
152581178 28058172
33644941 27609283
33644941 49520839
33644941 421457808
33644941 35973773
33644941 4676040
33644941 5330402
55249062 73198614
55249062 326864011
55249062 35973773
55249062 25373951
30501270 4676040
9072623 81379009
9072623 4676040
9072623 130388857
9072623 28058172
5330402 205891059
5330402 27609283
5330402 33644941
5330402 49520839
73198614 81379009
73198614 349769334
73198614 25373951
73198614 730579246
73198614 421462329
73198614 35973773
73198614 28058172
73198614 189458671
73198614 421466135
73198614 326864011
73198614 55249062
39616742 349769334
39616742 81379009
39616742 377324704
58050603 28058172
349769334 39616742
349769334 73198614
152892516 28058172
372783566 238994527
372783566 35973773
372783566 130388857
208638735 421466135
208638735 130388857
57605385 205891059
833493669 421457735
85172520 35973773
85172520 130388857
58993678 35973773
58993678 4676040
421491882 81379009
152919449 81379009
152919449 326864011
421462329 372783566
421462329 28058172
421462329 410228177
421462329 35973773
421462329 421466135
421462329 421457808
421462329 377324704
421462329 326864011
421462329 73198614
208507590 421466135
208507590 28058172
4676040 81379009
4676040 9072623
4676040 30501270
4676040 130388857
4676040 35973773
4676040 58993678
4676040 33644941
35973773 130388857
35973773 4676040
35973773 421489681
35973773 85172520
35973773 421466135
35973773 372783566
35973773 410228177
35973773 27609283
35973773 131880008
35973773 730579246
35973773 205891059
35973773 828444571
35973773 421457808
35973773 298856738
35973773 532393207
35973773 28058172
35973773 421462329
35973773 58993678
35973773 238994527
35973773 189458671
35973773 33644941
35973773 25373951
35973773 73198614
35973773 59635988
35973773 65393165
35973773 326864011
35973773 421466321
35973773 55249062
35973773 81379009
232001657 28058172
59635988 421466135
59635988 35973773
59635988 28058172
59635988 81379009
28058172 421462329
28058172 9072623
28058172 86119389
28058172 58050603
28058172 208507590
28058172 130388857
28058172 152892516
28058172 49520839
28058172 152446884
28058172 232001657
28058172 35973773
28058172 421466135
28058172 152581178
28058172 421457808
28058172 189458671
28058172 209006159
28058172 73198614
28058172 59635988
28058172 27880391
49520839 27609283
49520839 7073220
49520839 104621025
49520839 421457808
49520839 28058172
49520839 5330402
49520839 33644941
7073220 49520839
532393207 35973773
377324704 39616742
377324704 421462329
209006159 189458671
209006159 152619562
209006159 421466135
209006159 28058172
209006159 81379009
32466050 130388857
32466050 81379009
32466050 25373951
58334776 216071130
58334776 152581178
104621025 49520839
152579942 410228177
152579942 421466135
152579942 81379009
81379009 421491882
81379009 4676040
81379009 421466135
81379009 35973773
81379009 73198614
86119389 28058172
421466321 421466135
421466321 130388857
421466321 45495830
421466321 189458671
421466321 35973773
421466321 410228177
421466321 27609283
421466321 326864011
421466321 238994527
421466321 81379009
33468160 152581178
33468160 57608067
152446884 28058172
152446884 81379009
131880008 35973773
25373951 35973773
25373951 828444571
25373951 32466050
25373951 73198614
25373951 326864011
25373951 55249062
25373951 81379009
189458671 152619562
189458671 49520839
189458671 35973773
189458671 421466135
189458671 28058172
189458671 130388857
189458671 238994527
189458671 209006159
189458671 81379009
189458671 55249062
189458671 73198614
148073292 81379009
421466135 208507590
421466135 208638735
421466135 4676040
421466135 130388857
421466135 35973773
421466135 152579942
421466135 730579246
421466135 421457808
421466135 28058172
421466135 238994527
421466135 189458671
421466135 209006159
421466135 81379009
421466135 421466321
421466135 59635988
421466135 73198614
730579246 35973773
730579246 421466135
730579246 45495830
730579246 81379009
730579246 73198614
421457735 45495830
421457735 833493669
298856738 35973773
216071130 152581178
216071130 737481243
216071130 58334776
45495830 421457735
45495830 730579246
11208908 59635988
27880391 28058172
65393165 81379009
65393165 35973773
65393165 326864011
205891059 35973773
205891059 57608067
205891059 5330402
205891059 57605385
364494353 81379009
