8273423 57650489
8273423 128502011
8273423 28881402
8273423 58334722
8273423 101696665
8273423 32247801
8273423 74691031
8273423 65446813
8273423 152914408
8273423 32088013
8273423 27475057
8273423 36583325
8273423 41229314
8273423 65314974
8273423 17212193
45813866 50604835
32843430 118256401
32843430 32088013
152920761 58334722
152920761 101696665
152920761 152671176
152891030 152671176
57613023 57650489
57613023 152892184
57613023 118256401
57613023 58334722
57613023 152817479
57613023 65287591
57613023 50604835
57613023 107496221
57613023 32088013
57613023 36583325
4440823 152671176
152928026 65446813
152620479 28881402
152620479 152671176
100922455 152571947
65446813 8273423
65446813 152246584
65446813 118256401
65446813 152928026
65446813 58334722
65446813 107496221
65446813 128380129
65446813 32088013
152914583 58334722
152914583 118256401
152914583 210241170
152914583 36583325
499712746 28881402
499712746 152817479
499712746 101696665
152733520 14054167
58081773 101696665
58081773 152671176
58418798 152671176
128380129 65446813
210241170 50604835
210241170 152246584
210241170 152914583
210241170 58334722
210241170 32088013
32088013 58154371
32088013 8273423
32088013 74691031
32088013 101696665
32088013 32843430
32088013 57613023
32088013 58334722
32088013 65446813
32088013 152246584
32088013 210241170
32088013 32247801
32088013 152889225
32088013 36583325
32088013 319311378
65287591 101696665
65287591 58334722
65287591 57613023
65287591 107496221
65287591 634018736
152481317 152817479
41229314 8273423
41229314 58334722
41229314 36583325
152544608 152671176
152817479 152246584
152817479 57613023
152817479 118256401
152817479 499712746
152817479 152889225
152817479 58348634
152817479 58334722
152817479 152481317
152817479 101696665
152817479 32247801
152817479 50604835
93919907 152671176
58050900 152671176
319311378 32088013
58154371 101696665
152892184 57613023
152533402 152671176
36583325 8273423
36583325 74691031
36583325 50604835
36583325 152914583
36583325 32088013
36583325 58334722
36583325 107496221
36583325 27475057
36583325 57613023
36583325 57589984
36583325 41229314
152812052 58334722
152812052 32843430
634018736 65287591
634018736 152671176
152567682 152671176
58405417 152527576
24580642 57650489
128502011 8273423
152914408 58334722
152914408 8273423
101696665 8273423
101696665 152920761
101696665 58334722
101696665 58154371
101696665 499712746
101696665 152817479
101696665 58081773
101696665 58348634
101696665 65287591
101696665 74691031
101696665 32088013
50604835 57613023
50604835 58334722
50604835 152817479
50604835 28881402
50604835 210241170
50604835 45813866
50604835 36583325
152527576 58405417
152730553 152671176
32654305 152671176
58348634 58334722
58348634 152817479
58348634 101696665
58348634 152671176
58348634 65314974
152889225 152817479
57589984 57650489
57589984 58334722
57589984 36583325
152928282 152671176
58334722 152246584
58334722 57650489
58334722 57613023
58334722 57589984
58334722 152920761
58334722 152955719
58334722 58348634
58334722 152817479
58334722 8273423
58334722 101696665
58334722 65287591
58334722 60711162
58334722 152914583
58334722 152812052
58334722 50604835
58334722 65446813
58334722 107496221
58334722 210241170
58334722 152914408
58334722 32088013
58334722 27475057
58334722 36583325
58334722 41229314
58334722 152671176
152715191 152940818
634039347 152671176
152940818 152715191
152940818 152671176
57650489 152246584
57650489 57613023
57650489 118256401
57650489 58334722
57650489 8273423
57650489 32247801
57650489 57466666
57466666 57650489
57466666 74691031
152931653 107496221
50871098 152671176
152566344 152671176
27475057 8273423
27475057 58334722
27475057 36583325
27475057 152671176
27475057 65314974
60711162 58334722
65314974 8273423
65314974 58348634
65314974 27475057
152246584 57650489
152246584 118256401
152246584 58334722
152246584 152817479
152246584 65446813
152246584 210241170
152246584 32088013
152929727 152671176
32247801 8273423
32247801 152817479
74691031 8273423
74691031 32247801
74691031 101696665
74691031 28881402
74691031 32088013
74691031 36583325
107496221 65446813
107496221 58334722
107496221 57613023
107496221 32843430
107496221 36583325
107496221 152931653
118256401 152246584
118256401 57650489
118256401 57613023
118256401 152817479
118256401 152914583
118256401 32843430
118256401 65446813
152955719 67459929
152955719 58334722
152571947 100922455
812495431 17212193
28881402 499712746
28881402 8273423
28881402 74691031
28881402 50604835
152940691 152817479
152940691 152671176
55025626 152671176
17212193 8273423
67459929 152955719
67459929 152671176
