350170342 127583955
126475415 127583955
126475415 81580148
126475415 155685856
260522249 104749601
260522249 127583955
260522249 36633304
40135784 127583955
175121322 127583955
175121322 14082616
450222096 127583955
147957905 98639312
147957905 7811749
147957905 127583955
147957905 746201692
147957905 36633304
40500849 127583955
454669261 127583955
146621563 104749601
146621563 127583955
146621563 36633304
263308690 127583955
480170004 127583955
52056752 98639312
52056752 127583955
155606418 127583955
652900580 127583955
652900580 33860401
383714019 127583955
383714019 746192581
579300882 127583955
200092747 98639312
200092747 127583955
13468587 127583955
131194840 127583955
155685856 127583955
155685856 126475415
745836300 7811749
745836300 127583955
745836300 746201692
745836300 746192581
98639312 7811749
98639312 127583955
98639312 746201692
98639312 159846756
98639312 200092747
53051369 127583955
53051369 93564244
53051369 36633304
49492632 127583955
302690308 127583955
38317061 104749601
38317061 127583955
38317061 14082616
38317061 450123780
38317061 36633304
299177554 127583955
104749601 127583955
104749601 36633304
3929459 127583955
3929459 67733140
3929459 697513736
298807172 127583955
298807172 367606222
67733140 7811749
67733140 127583955
67733140 3929459
67733140 36633304
67733140 104749601
384272414 127583955
56862194 104749601
56862194 127583955
56862194 36633304
836614202 98639312
836614202 127583955
258316550 36633304
258316550 127583955
288529 127583955
14082616 38317061
14082616 127583955
121855972 127583955
38846148 127583955
24704083 127583955
331092818 127583955
33860401 127583955
33860401 652900580
174530659 127583955
11491569 127583955
175208166 127583955
175208166 93564244
81580148 126475415
261303992 127583955
261303992 14082616
538449316 127583955
73853505 127583955
73853505 139334704
73853505 93564244
51864201 127583955
32401394 127583955
32401394 36633304
548497881 127583955
548497881 175208166
142898450 127583955
142898450 93564244
54559531 127583955
93564244 73853505
93564244 127583955
93564244 53051369
93564244 142898450
93564244 175208166
93564244 36633304
86044997 127583955
155550417 127583955
9523302 127583955
235248087 127583955
195175079 127583955
195175079 383714019
448566400 127583955
4263279 127583955
16888940 32401394
16888940 127583955
299166156 127583955
13845467 127583955
125688177 127583955
125688177 217197856
57180364 127583955
57180364 104749601
7811749 98639312
7811749 39299215
7811749 127583955
7811749 67733140
7811749 745836300
7811749 263308690
7811749 147957905
300129971 104749601
300129971 127583955
300129971 36633304
39299215 7811749
39299215 127583955
217197856 127583955
57334524 127583955
367606222 127583955
367606222 298807172
299569378 127583955
36633304 104749601
36633304 127583955
36633304 7811749
36633304 173253340
536440666 127583955
203372586 127583955
203372586 200092747
746201692 98639312
746201692 745836300
173253340 127583955
173253340 36633304
159846756 98639312
159846756 127583955
183151387 127583955
34853764 127583955
450123780 38317061
450123780 127583955
