52577493 85242518
52577493 81968488
52577493 27729281
299924298 27729281
299924298 74863114
42072004 27729281
167803911 27729281
85242518 58365373
85242518 33636534
85242518 298849781
85242518 58155521
85242518 299201295
85242518 9287257
85242518 58169774
85242518 27729281
85242518 152925462
33266338 83526545
33266338 7200822
33266338 85242518
33266338 5365543
33266338 27729281
57609183 27729281
58183402 81968488
58183402 27729281
58183402 5365543
58253622 27729281
57610058 81968488
57610058 27729281
27729281 142737969
27729281 33636534
27729281 58169774
27729281 81968488
27729281 42072004
27729281 27978923
27729281 85242518
27729281 9287257
27729281 83526545
27729281 58253622
27729281 167803911
27729281 298849781
27729281 86117325
27729281 604112584
27729281 33266338
27729281 57410039
27729281 50630873
27729281 74863114
27729281 45161072
27729281 58183402
27729281 421498646
27729281 152925462
27729281 81377665
57410039 85242518
57410039 27729281
81377665 27729281
81377665 27978923
81377665 74863114
86117325 27729281
298849781 85242518
298849781 27729281
58025721 27978923
58025721 27729281
35844917 27729281
142737969 58352554
142737969 27729281
142737969 27978923
298849263 201532480
298849263 27729281
57462036 27729281
164356433 85242518
164356433 58352554
164356433 5365543
164356433 27729281
164356433 185018520
201532480 298849263
421462329 56576356
421462329 83526545
421462329 27729281
421462329 74863114
421462329 152925462
422933097 27729281
37766316 85242518
37766316 27729281
28509939 42124248
25344857 85242518
25344857 27729281
83526545 85242518
83526545 81968488
83526545 27729281
677270573 85242518
677270573 27729281
569844508 7200822
569844508 27729281
27978923 85242518
27978923 27729281
152925462 27729281
421498646 85242518
421498646 27729281
299201295 85242518
299201295 27729281
81968488 85242518
81968488 56576356
81968488 83526545
81968488 52577493
81968488 27729281
604112584 27729281
33636534 85242518
33636534 27729281
767709595 27729281
52577416 5365543
52577416 81968488
52577416 27978923
52577416 27729281
58365373 85242518
27718376 81968488
27718376 27729281
27718376 185018520
27718376 421462329
634013425 85242518
634013425 27729281
42124248 85242518
42124248 27729281
42124248 28509939
74863114 299924298
74863114 27729281
74863114 421462329
74863114 81377665
57635485 27729281
58155521 85242518
58155521 27729281
56576356 421462329
56576356 81968488
56576356 27729281
298856553 27729281
58352554 85242518
58352554 142737969
58352554 27729281
50630873 27729281
185018520 27718376
185018520 164356433
5365543 85242518
5365543 58183402
5365543 33266338
5365543 164356433
5365543 52577416
5365543 27729281
58495159 677270573
45161072 27729281
58169774 85242518
58169774 27729281
23131251 27729281
9287257 85242518
9287257 27729281
377281103 27729281
377281103 185018520
75775127 27729281
833332313 27729281
152513550 52577416
7200822 33266338
7200822 27729281
