49823942 51993205
49823942 68951941
58164786 127168217
45360835 655720615
45360835 34729591
45360835 83554556
45360835 71298387
45360835 22691382
54300843 54674734
54300843 131113742
54300843 68951941
54300843 51993205
54300843 129293132
54300843 74974847
22691382 54674734
22691382 2565119
22691382 83554912
22691382 34729591
22691382 83554556
22691382 131113742
22691382 71298387
22691382 45360835
214089915 49019217
214089915 67491759
45435613 83554556
38803395 14643475
60869553 127672600
663344997 50207484
77159471 127168217
77159471 83914638
54398183 127168217
54398183 83914638
54398183 83554556
2565119 22691382
39718973 127168217
83554912 836491643
83554912 83554556
83554912 208596436
704641864 127168217
49827764 68951941
83554556 127168217
83554556 45435613
83554556 83554912
83554556 39422500
83554556 4521581
83554556 72534468
83554556 67491759
83554556 131113742
83554556 71298387
83554556 22691382
83554556 45360835
34729591 22691382
34729591 71298387
34729591 45360835
127672600 60869553
29040354 127168217
12604212 127168217
299628391 127168217
668937114 54437847
74974847 128643555
34109724 127168217
34109724 131113742
83914638 127168217
83914638 131113742
54674734 22691382
54674734 83554556
54674734 54300843
54674734 45435613
54674734 83554912
54674734 67491759
54674734 39422500
54674734 4521581
54674734 34729591
54674734 45360835
54674734 52058466
54437847 127168217
54437847 75358859
54403788 655728524
75358859 704641509
75358859 54437847
39450052 127168217
39450052 2565119
99648374 127168217
49832872 127168217
51993205 49823942
51993205 54300843
51993205 68951941
49019217 214089915
655720615 127168217
655720615 45360835
71298387 127168217
71298387 83554912
71298387 34729591
71298387 83554556
71298387 22691382
71298387 45360835
67491759 54674734
67491759 83554912
67491759 214089915
67491759 83554556
704641509 75358859
56279176 127168217
129293132 54300843
14643475 129293132
68951941 127168217
68951941 49823942
68951941 54300843
68951941 83554912
68951941 51993205
68951941 49827764
39422500 127168217
72534468 83554556
54435827 131113742
64553201 34109724
836491643 83554912
208596436 127168217
82665426 129293132
