155071889 136152968
5735035 72725171
817398324 810151642
112340076 810151642
72725171 5735035
72725171 44839101
166359218 28651460
139978522 68315790
139978522 383651690
308307504 165208821
308307504 810151642
308307504 359540085
308307504 635515779
359657298 810151642
68315790 810151642
68315790 139978522
155016568 836611140
155016568 670592561
749602880 529107377
810151642 165208821
810151642 16647023
810151642 635515779
810151642 164511941
810151642 835812034
810151642 645160424
16647023 810151642
741195021 635515779
749768209 810151642
670592561 165069938
670592561 454510692
670592561 155016568
164511941 810151642
359540085 635515779
359540085 253892403
359540085 810151642
359540085 308307504
383651690 529107377
383651690 139978522
635515779 359540085
635515779 741195021
635515779 253892403
635515779 810151642
635515779 308307504
750478976 656385105
44839101 810151642
203489940 810151642
165069938 670592561
108138277 810151642
164653142 810151642
164653142 28651460
164653142 95135380
134075734 68467860
36481523 836610651
253892403 359540085
253892403 635515779
253892403 737458885
29655771 810151642
413108250 810151642
836610489 810151642
68467860 134075734
68467860 41825750
95135380 836010781
47353729 28651460
836610651 36481523
717634292 810151642
165226847 523768299
669255405 810151642
136152968 155071889
41825750 68467860
41825750 836611140
41825750 810151642
835812034 810151642
59681294 690524063
690524063 59681294
645209292 28651460
737458885 253892403
836611140 41825750
836611140 155016568
99181500 523768299
454510692 44839101
28651460 165208821
28651460 836318112
28651460 164653142
28651460 359540085
28651460 383375665
28651460 142230455
700872365 810151642
154852317 810151642
165208821 810151642
165208821 308307504
836318112 28651460
645160424 810151642
529107377 383651690
836010781 95135380
