601914748 127181753
57646035 27554757
57646035 129642413
57646035 152656312
57646035 210197465
57646035 130228776
132495311 93736614
132495311 127181753
132495311 102071649
175401689 19190838
175401689 48737624
175401689 127181753
175401689 102071649
155914246 102071649
582085861 127181753
174568623 127181753
582955870 127181753
152957233 129642413
152957233 132495311
152957233 102071649
211594606 127181753
152596064 152656312
152596064 102071649
19190838 57646590
19190838 175401689
19190838 129642503
19190838 127181753
19190838 102071649
27554757 57646035
27554757 85795200
27554757 93736614
27554757 127181753
27554757 102071649
152576771 127181753
152576771 102071649
317148065 98810920
93736614 27554757
93736614 57646590
93736614 132495311
57646590 19190838
57646590 97088531
57646590 210228145
57646590 85795200
57646590 93736614
57646590 130228776
97088531 57646590
97088531 13117706
210228145 57646590
210228145 57652390
98810920 127181753
152571368 13117706
152529115 97087922
152529115 210197465
152529115 102071649
97087922 102071649
97087922 152529115
836613257 127181753
129642503 19190838
129642503 102071649
582455921 127181753
133607080 102071649
57652390 210228145
85238560 127181753
210197465 152529115
210197465 57646035
210197465 152621023
210197465 57648683
102071649 152576771
102071649 27554757
102071649 152957233
102071649 152529115
102071649 19190838
102071649 133607080
102071649 97087922
102071649 57646590
102071649 155914246
102071649 108404457
102071649 13117706
102071649 132495311
102071649 175401689
102071649 129642503
102071649 128569836
102071649 58065039
102071649 127181753
129642413 152957233
129642413 57646035
129642413 13117706
129642413 129642503
19327323 127181753
85795200 27554757
85795200 127181753
13117706 152571368
13117706 97088531
13117706 129642413
13117706 102071649
13117706 130228776
57648683 210197465
498266219 127181753
152621023 210197465
31838111 127181753
