152578945 152941742
152578945 127166676
32939392 57645390
32939392 58313134
32939392 148728689
32939392 127166676
32939392 38099118
32939392 57648981
32939392 57645604
32939392 44760210
47064137 58347584
47064137 127166676
152734977 57643626
152734977 58313134
152734977 24773307
152734977 127166676
152734977 57648981
152734977 13702776
152734977 57460259
152734977 210261455
152734977 126191440
152734977 57645390
152734977 36698211
152734977 58488829
57652062 58424212
57652062 57651880
57652062 24773307
57652062 127166676
57652062 57645604
57652062 13702776
57652062 57644623
57645709 152913969
57645709 57643626
57645709 106241271
57645709 126191440
57645709 57649164
57645709 58313134
57645709 57649291
57645709 24773307
57645709 127166676
57645709 57648981
57645709 57645604
57645709 57460259
57645709 44760210
44760210 57645709
44760210 148728689
44760210 126191440
44760210 58313134
44760210 127166676
44760210 152941742
44760210 24773307
44760210 32939392
44760210 534114768
44760210 57648981
44760210 57649164
152957263 126191440
152957263 57648981
42160934 127166676
42160934 58488829
152850152 57645390
152850152 127166676
152850152 57648981
581309021 127166676
58313134 58424212
58313134 17083833
58313134 152734977
58313134 57651880
58313134 126191440
58313134 57645390
58313134 24773307
58313134 148728689
58313134 127166676
58313134 57648981
58313134 57460259
58313134 32939392
58313134 57645709
58313134 44760210
581126136 127166676
833349129 127166676
57648981 152913969
57648981 534114768
57648981 17083833
57648981 152734977
57648981 155834513
57648981 57643626
57648981 210212964
57648981 57651880
57648981 152577171
57648981 126191440
57648981 57649164
57648981 57645390
57648981 58313134
57648981 36698211
57648981 57649291
57648981 152850152
57648981 127166676
57648981 152815832
57648981 210261455
57648981 57648164
57648981 57645604
57648981 57460259
57648981 32939392
57648981 57645709
57648981 57644623
57648981 44760210
57648981 152957263
57648981 101698506
2255008 127166676
210212964 127166676
210212964 38099118
210212964 57648981
210212964 57460259
45543650 127166676
57645604 152913969
57645604 57643626
57645604 126191440
57645604 57649164
57645604 36698211
57645604 57652062
57645604 127166676
57645604 57648981
57645604 13702776
57645604 57460259
57645604 32939392
57645604 57645709
57645604 58488829
152941742 58488829
152941742 148728689
152941742 127166676
152941742 57648164
152941742 126191440
152941742 44760210
571060861 127166676
13498347 127166676
534114768 127166676
534114768 57648981
534114768 57460259
534114768 44760210
581799465 152577171
581799465 127166676
58347584 47064137
58347584 126191440
58347584 127166676
58347584 57460259
58347584 58488829
152815832 127166676
152815832 57648981
44758931 58488829
44758931 148728689
44758931 127166676
44758931 57460259
44758931 126191440
804988832 127166676
833208663 127166676
177244812 36698211
177244812 127166676
210228364 127166676
210228364 57460259
215766713 127166676
581141782 127166676
152889001 57649164
152889001 127166676
152876617 127166676
152876617 130228776
210261455 24773307
210261455 148728689
210261455 127166676
210261455 57648981
210261455 152734977
58446882 127166676
24773307 58424212
24773307 152734977
24773307 58313134
24773307 148728689
24773307 57652062
24773307 210261455
24773307 13702776
24773307 57645709
24773307 57644623
24773307 44760210
58424212 58313134
58424212 24773307
58424212 57652062
58424212 127166676
155834513 127166676
155834513 38099118
155834513 57648981
57645390 57643626
57645390 57651880
57645390 57649164
57645390 58313134
57645390 152850152
57645390 57648981
57645390 57648164
57645390 57460259
57645390 32939392
57645390 57644623
57645390 152734977
57645390 36698211
559141191 127166676
58488829 152941742
58488829 44758931
58488829 127166676
58488829 126191440
58488829 13702776
58488829 152734977
58488829 38099118
58488829 148728689
58488829 57460259
58488829 44760210
58488829 57645604
58488829 58347584
58488829 57649291
58488829 42160934
54141509 127166676
177241752 127166676
101698506 127166676
101698506 57644623
101698506 57648981
152929209 127166676
152724273 127166676
152734522 127166676
73034521 127166676
3569526 127166676
57651880 57645390
57651880 58313134
57651880 57652062
57651880 127166676
57651880 57648981
57651880 57460259
152891320 127166676
17083833 58313134
17083833 127166676
17083833 57648981
17083833 57644623
17083833 101698506
57644623 152913969
57644623 17083833
57644623 126191440
57644623 57645390
57644623 24773307
57644623 57652062
57644623 127166676
57644623 57648981
57644623 57648164
57644623 57460259
57644623 101698506
148728689 126191440
148728689 58313134
148728689 36698211
148728689 24773307
148728689 152941742
148728689 127166676
148728689 44758931
148728689 210261455
148728689 32939392
148728689 44760210
148728689 58488829
152913969 127166676
152913969 57648981
152913969 57645604
152913969 57645709
152913969 57644623
152913969 36698211
582452618 127166676
321537553 127166676
232669884 127166676
152898007 36698211
152898007 57649291
152898007 127166676
106241271 3241908
106241271 127166676
106241271 57645709
36698211 148728689
36698211 177244812
36698211 152898007
36698211 127166676
36698211 57648981
36698211 57645604
36698211 152913969
36698211 152734977
36698211 57645390
57649291 57643626
57649291 152898007
57649291 127166676
57649291 57648981
57649291 58488829
130228776 127166676
210200138 127166676
210200138 57460259
3241908 17083833
3241908 106241271
3241908 127166676
73154160 127166676
836613074 127166676
36351798 127166676
57649164 152889001
57649164 57645390
57649164 581799465
57649164 127166676
57649164 57648981
57649164 57645604
57649164 57645709
57649164 44760210
152577171 581799465
152577171 57648981
126191440 58313134
126191440 148728689
126191440 127166676
126191440 58347584
126191440 38099118
126191440 57648981
126191440 57645604
126191440 13702776
126191440 57460259
126191440 57645709
126191440 57644623
126191440 152734977
126191440 152941742
126191440 44758931
126191440 44760210
126191440 152957263
126191440 58488829
57648164 57645390
57648164 152941742
57648164 127166676
57648164 57648981
57648164 57460259
57648164 57644623
210236728 127166676
38099118 126191440
38099118 127166676
38099118 57460259
38099118 32939392
834037117 127166676
54233034 127166676
582055194 127166676
57460259 534114768
57460259 152734977
57460259 57643626
57460259 57651880
57460259 126191440
57460259 57645390
57460259 58313134
57460259 127166676
57460259 58347584
57460259 38099118
57460259 57648981
57460259 57648164
57460259 57645604
57460259 13702776
57460259 57645709
57460259 57644623
57460259 130228776
57460259 44760210
57460259 152957263
57460259 58488829
57643626 152734977
57643626 57645390
57643626 57649291
57643626 127166676
57643626 57648981
57643626 57645604
57643626 57460259
57643626 57645709
836613335 127166676
13702776 152734977
13702776 126191440
13702776 24773307
13702776 57652062
13702776 57645604
13702776 58488829
