152891435 298812443
152891435 6416264
152891435 57644507
152891435 152797069
152891435 152619648
152891435 45177285
152619648 152879503
152619648 298812443
152619648 57644507
152619648 152891435
152632064 57644507
40317776 298812443
40317776 57644507
40317776 16772286
152912782 152941303
152912782 6416264
152912782 130237313
152912782 152728193
152912782 152692264
152912782 15036105
152912782 57644507
152692264 152619245
152692264 298812443
152692264 57644507
152692264 152529115
152692264 38047586
152692264 152912782
152876631 298812443
152876631 57644507
152876631 152797069
152735484 298812443
152735484 57644507
152735484 210195738
152735484 152940818
7034804 57644507
7034804 15036105
7034804 16772286
7034804 44759369
7034804 25592731
57590717 298812443
57590717 57644507
57590717 152904601
57590717 45177285
149528800 57644507
152699999 152941303
152699999 152879503
152699999 4823287
152699999 298812443
152699999 57644507
152699999 12316651
152699999 225554786
152699999 152692264
152699999 57590717
34453978 38047586
34453978 298812443
34453978 57644507
65412171 57645208
65412171 102487524
65412171 152956849
65412171 57644507
65412171 44759369
127355006 57644507
16772286 155885180
16772286 57644507
16772286 130237313
16772286 225554786
16772286 40317776
16772286 7034804
16772286 152940818
16772286 38047586
50619300 225554786
50619300 57645208
50619300 101695593
50619300 57644507
50619300 152941303
50619300 45177285
102487524 57645208
102487524 65412171
102487524 57644507
102487524 152940818
25592731 152899392
25592731 57644507
25592731 45177285
152684732 57649576
152684732 57650259
152684732 57644507
152684732 298812443
152684732 152575111
152684732 581563291
152684732 152911846
152684732 152941303
152879503 152876631
152879503 152619648
152879503 298812443
152879503 39476355
152879503 57644507
101695593 152941303
101695593 57650259
101695593 57645208
101695593 18449598
101695593 6416264
101695593 130237313
101695593 57644507
101695593 50619300
152939666 57644507
152956849 152941303
152956849 6416264
152956849 65412171
152956849 142994421
152956849 57644507
152956849 152575111
152956849 130237313
152956849 44759369
152956849 45177285
6416264 152797069
6416264 152728193
6416264 152820155
6416264 4823287
6416264 101695593
6416264 152956849
6416264 130237313
6416264 152812582
6416264 57644507
6416264 175151382
6416264 12316651
6416264 15036105
6416264 152891435
6416264 152687256
6416264 152912782
6416264 50619300
152687256 57644507
152687256 152529115
152687256 298812443
152687256 152876631
152687256 6416264
152687256 57590717
152694602 57644507
152927936 152839789
152927936 298812443
152927936 152941303
152927936 57644507
152955935 15036105
152955935 298812443
152955935 130237313
152955935 57644507
152955935 152941303
17195256 130237313
17195256 57644507
152619245 152728193
152619245 152818090
152619245 38047586
152619245 57645208
152619245 152692264
152619245 152904601
152619245 130237313
152619245 34453978
152619245 57644507
152689054 57644507
130237313 155885180
130237313 152941303
130237313 148201018
130237313 152820155
130237313 152619245
130237313 57645208
130237313 4823287
130237313 101695593
130237313 6416264
130237313 138675177
130237313 152857717
130237313 17195256
130237313 152711922
130237313 131552481
130237313 57644507
130237313 175151382
130237313 152956849
130237313 57650259
130237313 15036105
130237313 16772286
130237313 44759369
130237313 152928182
130237313 152687256
130237313 152912782
130237313 152926256
130237313 152955935
152905211 39476355
152529115 152941303
152529115 152692264
152529115 138675177
152529115 57644507
152529115 152940818
152529115 57650259
152529115 152687256
152510320 57644507
152785402 152941303
152785402 57644507
155885180 152941303
155885180 4823287
155885180 16772286
155885180 130237313
155885180 152596209
155885180 57644507
155885180 45177285
152812582 152941303
152812582 6416264
152812582 57644507
57644507 155885180
57644507 152941303
57644507 581226659
57644507 152688400
57644507 152797069
57644507 152728193
57644507 152876631
57644507 57650259
57644507 152619648
57644507 152939666
57644507 148201018
57644507 152529115
57644507 152818090
57644507 152694602
57644507 152820155
57644507 127355006
57644507 152879503
57644507 152933713
57644507 152619245
57644507 38047586
57644507 57645208
57644507 57649576
57644507 4823287
57644507 210195738
57644507 298812443
57644507 57590717
57644507 40317776
57644507 152919267
57644507 152899392
57644507 16772286
57644507 152930086
57644507 7034804
57644507 152928182
57644507 101695593
57644507 152692264
57644507 102487524
57644507 39476355
57644507 6416264
57644507 138675177
57644507 65412171
57644507 152689054
57644507 152620779
57644507 225554786
57644507 58248905
57644507 152857717
57644507 152904601
57644507 152632064
57644507 152911846
57644507 152510320
57644507 25592731
57644507 152734435
57644507 149528800
57644507 152956849
57644507 130237313
57644507 152785402
57644507 152928063
57644507 17195256
57644507 152596209
57644507 152711922
57644507 142994421
57644507 34453978
57644507 152812582
57644507 9093910
57644507 131552481
57644507 175151382
57644507 152575111
57644507 152812737
57644507 152735484
57644507 152726401
57644507 12316651
57644507 15036105
57644507 42176593
57644507 152699999
57644507 152680782
57644507 152891435
57644507 44759369
57644507 25786745
57644507 152940818
57644507 152905211
57644507 152839789
57644507 152687256
57644507 152912782
57644507 50619300
57644507 152926256
57644507 152727118
57644507 152684732
57644507 152856794
57644507 152927936
57644507 152677983
57644507 45177285
57644507 152677588
57644507 152891743
57644507 152955935
57644507 581421358
581226659 152941303
581226659 152928182
581226659 57644507
581226659 152575111
152680782 57644507
152820155 57645208
152820155 130237313
152820155 57644507
581563291 152941303
581563291 152684732
39476355 148201018
39476355 152879503
39476355 298812443
39476355 57644507
39476355 57590717
39476355 152632064
39476355 152905211
152728193 152941303
152728193 6416264
152728193 57644507
152728193 39476355
152728193 57649576
152728193 38047586
58248905 152941303
58248905 298812443
58248905 57644507
152797069 152941303
152797069 298812443
152797069 6416264
152797069 57644507
152797069 152891435
152797069 57590717
152797069 152919267
152596209 155885180
152596209 298812443
152596209 57644507
152596209 57590717
152711922 57650259
152711922 298812443
152711922 130237313
152711922 57644507
298812443 57644507
152911846 57644507
44759369 4823287
44759369 298812443
44759369 65412171
44759369 57644507
44759369 130237313
44759369 38047586
44759369 152956849
44759369 152904601
44759369 152955935
25786745 298812443
25786745 57644507
152839789 57645208
152839789 57644507
152839789 57590717
152839789 152927936
152839789 152677588
57650259 152941303
57650259 4823287
57650259 152899392
57650259 101695593
57650259 152711922
57650259 57644507
57650259 175151382
57650259 130237313
57650259 152529115
152941303 155885180
152941303 581226659
152941303 152688400
152941303 152797069
152941303 152728193
152941303 57650259
152941303 152939666
152941303 148201018
152941303 152529115
152941303 57647336
152941303 152818090
152941303 38047586
152941303 57645208
152941303 57649576
152941303 4823287
152941303 581563291
152941303 210195738
152941303 298812443
152941303 18449598
152941303 57590717
152941303 152899392
152941303 101695593
152941303 39476355
152941303 138675177
152941303 152620779
152941303 225554786
152941303 58248905
152941303 152857717
152941303 152956849
152941303 130237313
152941303 152785402
152941303 142994421
152941303 152812582
152941303 131552481
152941303 57644507
152941303 175151382
152941303 152575111
152941303 152726401
152941303 12316651
152941303 15036105
152941303 152699999
152941303 152940818
152941303 601667443
152941303 152912782
152941303 50619300
152941303 152727118
152941303 152684732
152941303 152927936
152941303 152955935
581421358 57644507
152926256 130237313
152926256 4823287
152926256 298812443
152926256 57644507
152857717 152941303
152857717 298812443
152857717 152899392
152857717 130237313
152857717 152596209
152857717 57644507
152857717 44759369
152857717 152797069
152857717 152856794
152857717 45177285
152727118 44759369
152727118 152941303
152727118 148201018
152727118 57644507
152727118 298812443
57647336 152941303
57647336 57650259
57647336 131552481
152930086 57644507
45177285 57644507
152928063 298812443
152928063 57644507
152928063 45177285
4823287 155885180
4823287 152941303
4823287 57650259
4823287 57645208
4823287 298812443
4823287 6416264
4823287 152956849
4823287 130237313
4823287 57644507
4823287 175151382
4823287 12316651
4823287 15036105
4823287 152699999
4823287 44759369
4823287 152926256
4823287 152891743
225554786 152941303
225554786 57644507
225554786 16772286
225554786 152891743
57645208 152941303
57645208 148201018
57645208 152820155
57645208 152619245
57645208 4823287
57645208 101695593
57645208 102487524
57645208 65412171
57645208 130237313
57645208 57644507
57645208 175151382
57645208 152839789
57645208 50619300
142994421 152941303
142994421 57644507
152818090 152941303
152818090 152619245
152818090 298812443
152818090 57644507
152818090 152797069
9093910 57644507
152575111 152941303
152575111 581226659
152575111 152956849
152575111 57644507
152575111 152684732
152677983 57644507
152919267 298812443
152919267 152899392
152919267 57644507
152919267 12316651
152919267 152797069
175151382 155885180
175151382 152941303
175151382 57650259
175151382 57645208
175151382 4823287
175151382 6416264
175151382 130237313
175151382 57644507
152891743 57644507
152891743 225554786
152891743 4823287
152940818 152941303
152940818 148201018
152940818 298812443
152940818 57644507
152940818 152529115
152940818 152735484
152940818 16772286
152940818 25592731
152940818 152692264
152940818 102487524
152940818 152797069
152940818 45177285
152940818 581421358
152620779 152941303
152620779 57644507
152933713 57644507
152933713 45177285
15036105 152941303
15036105 4823287
15036105 6416264
15036105 57644507
15036105 130237313
15036105 210195738
15036105 7034804
15036105 152928182
15036105 152912782
15036105 152955935
148201018 152941303
148201018 298812443
148201018 39476355
148201018 152904601
148201018 130237313
148201018 57644507
148201018 152940818
152856794 152857717
152856794 57644507
210195738 152941303
210195738 57644507
210195738 152735484
210195738 15036105
138675177 152941303
138675177 130237313
138675177 57644507
152899392 152941303
152899392 57650259
152899392 148201018
152899392 152919267
152899392 152857717
152899392 152904601
152899392 25592731
152899392 57644507
152899392 45177285
152726401 152941303
152726401 57644507
57649576 152941303
57649576 298812443
57649576 57644507
57649576 152728193
57649576 152684732
57649576 45177285
12316651 152941303
12316651 4823287
12316651 298812443
12316651 152919267
12316651 6416264
12316651 25592731
12316651 57644507
18449598 152941303
18449598 101695593
131552481 152941303
131552481 57647336
131552481 130237313
131552481 57644507
152904601 148201018
152904601 57644507
152904601 57590717
152904601 44759369
152904601 45177285
152688400 152941303
152688400 57644507
152812737 57644507
38047586 152941303
38047586 152619245
38047586 298812443
38047586 34453978
38047586 57644507
38047586 152728193
38047586 16772286
38047586 44759369
38047586 152692264
42176593 298812443
42176593 57644507
152677588 152839789
152928182 581226659
152928182 57644507
152928182 130237313
152928182 15036105
152928182 44759369
152928182 152692264
