605174603 69245729
57472582 55120546
57472582 148652455
57472582 65361294
57472582 69245729
57472582 520605126
57472582 127326035
57472582 26229770
57472582 132639914
57472582 50637720
57472582 57398312
57472582 497345596
36592786 65361294
36592786 69245729
36592786 157991583
36592786 127326035
36592786 26229770
36592786 132639914
36592786 69166099
36592786 61245497
36592786 14951995
36592786 35137108
36592786 57398312
54301864 69245729
49058366 69245729
49058366 131467839
37418807 61245497
37418807 69245729
37418807 76820548
37418807 26229770
37418807 69166099
37418807 65391763
167597952 69245729
487899872 69245729
113742890 36592786
113742890 69245729
113742890 127326035
26229770 36592786
26229770 65361294
26229770 69245729
26229770 57472582
26229770 157991583
26229770 127326035
26229770 131467839
26229770 50637720
26229770 61245497
26229770 14951995
26229770 130612051
26229770 89087287
26229770 76820548
26229770 636499790
26229770 37418807
26229770 127664340
34356920 69245729
34356920 127326035
61245497 65361294
61245497 69245729
61245497 157991583
61245497 127326035
61245497 26229770
61245497 111994247
61245497 132639914
61245497 131467839
61245497 69166099
61245497 14951995
61245497 35137108
61245497 89087287
61245497 497345596
61245497 76820548
61245497 37418807
61245497 127664340
113573801 69245729
497345596 55120546
497345596 69245729
497345596 57472582
497345596 520605126
497345596 127326035
497345596 61245497
497345596 35137108
497345596 55243554
497345596 231015776
497345596 127664340
69166099 132639914
148652455 65361294
148652455 69245729
148652455 57472582
148652455 127326035
148652455 161488894
228841246 69245729
520605126 55120546
520605126 55254915
520605126 57472582
520605126 127326035
520605126 57398312
520605126 497345596
520605126 231015776
67580760 69245729
89087287 55120546
89087287 69245729
89087287 26229770
89087287 61245497
132639914 69245729
132639914 127326035
132639914 836386168
132639914 35137108
14951995 69245729
14951995 65741850
14951995 26229770
14951995 111994247
14951995 61245497
14951995 37418807
218300120 69245729
681126761 55120546
681126761 69245729
681126761 127326035
681126761 61245497
231015776 69245729
231015776 520605126
274092167 69245729
76820548 89087287
76820548 61245497
76820548 55120546
76820548 26229770
76820548 37418807
50637720 55120546
50637720 69245729
50637720 57472582
50637720 26229770
65361294 36592786
65361294 148652455
65361294 69245729
65361294 157991583
65361294 127326035
65361294 61245497
65361294 35137108
65361294 636499790
639450112 69245729
639450112 127326035
179492508 69245729
304903275 127326035
157991583 65361294
157991583 69245729
55120546 65361294
55120546 69245729
55120546 13157380
55120546 57472582
55120546 520605126
55120546 26229770
55120546 131467839
55120546 50637720
55120546 61245497
55120546 57398312
55120546 89087287
55120546 497345596
55120546 76820548
55120546 636499790
55120546 37418807
110706448 69245729
13157380 55120546
13157380 69245729
168827355 69245729
681125506 55120546
681125506 69245729
681125506 132639914
681125506 127664340
85011561 69245729
55254915 520605126
107472387 69245729
668741085 69245729
836386168 69245729
836386168 132639914
8423568 69245729
164712802 69245729
164712802 127326035
130612051 69245729
55243554 69245729
55243554 127326035
55243554 26229770
55243554 132639914
55243554 161483278
681120319 69245729
35137108 36592786
35137108 65361294
35137108 69245729
35137108 127326035
35137108 132639914
161488894 148652455
161488894 69245729
82587387 55120546
82587387 69245729
82587387 127326035
148186970 69245729
161483278 69245729
161483278 55243554
57398312 36592786
57398312 55120546
57398312 57472582
57398312 520605126
57398312 127326035
57398312 26229770
57398312 61245497
65391763 37418807
71568076 69245729
171370945 69245729
154993736 69245729
604318091 69245729
127664340 61245497
302060542 69245729
636499790 55120546
636499790 26229770
636499790 835483705
636499790 65361294
44757974 69245729
42838452 69245729
65741850 69245729
65741850 520605126
65741850 14951995
65741850 61245497
205685134 69245729
161758595 69245729
681129044 69245729
681129044 127326035
58461452 157991583
835483705 636499790
835483705 69245729
232043277 69245729
111994247 127326035
127326035 65361294
127326035 69245729
127326035 111994247
127326035 132639914
127326035 35137108
127326035 57398312
48139343 69245729
48139343 127326035
835897150 69245729
