152939218 57589882
152939218 58525902
97136788 152928372
654033142 500941336
654033142 836612823
654033142 199822916
58165511 61704988
58165511 152914560
152934018 152787894
747184651 58525902
152787894 152934018
152787894 57589882
152787894 152914560
34232826 57589882
57652145 57650368
57652145 57647998
57652145 9626939
152938490 58525902
152938490 74966428
836612175 58525902
74966428 68898393
74966428 152938490
131426261 58525902
57650717 152857170
57650717 9626939
57651797 57647998
152928518 68898393
152928518 61704988
152928518 7585266
500941336 58525902
44759749 68898393
9626939 68898393
9626939 152918882
9626939 152928372
9626939 57650717
9626939 57652145
9626939 152914560
9626939 7585266
150611943 58525902
57650368 57652145
57650368 68898393
57650368 57647998
36770154 58525902
57589882 34232826
57589882 152787894
57589882 57647998
57589882 152939218
152914560 9626939
152914560 68898393
152914560 61704988
152914560 58165511
152914560 152787894
152914560 7585266
61704988 152928518
61704988 58165511
61704988 152914560
152918882 9626939
836612823 654033142
68898393 57650368
68898393 152928518
68898393 57645739
68898393 74966428
68898393 152602434
68898393 44759749
68898393 165501998
68898393 57647998
68898393 9626939
68898393 152914560
68898393 7585266
199822916 654033142
152924381 152573957
57645739 68898393
57645739 152784932
152722940 783213392
184105019 58525902
152784932 57645739
152784932 152955774
152784932 7585266
72521117 58525902
152573957 152924381
165501998 68898393
7585266 152914560
7585266 68898393
7585266 9626939
7585266 152928518
7585266 152784932
7585266 57647998
152955774 152934018
57647998 57589882
57647998 57650368
57647998 57652145
57647998 152602434
57647998 68898393
57647998 57651797
57647998 7585266
152602434 68898393
152602434 57647998
152857170 57650717
152928372 97136788
152928372 9626939
