45044834 33564512
45044834 57488206
160275826 67548122
156573582 33564512
156573582 127236119
540189029 33564512
540189029 57488206
540189029 49045877
540189029 44552213
540189029 130011499
82264388 33564512
69095347 33564512
69095347 57488206
69095347 32311306
69095347 127236119
32386066 33564512
32386066 231484799
49064056 33564512
68951885 33564512
68951885 57488206
219051194 33564512
636955928 33564512
25784636 33564512
58088104 33564512
67730849 33564512
67730849 32311306
54388389 33564512
54388389 57488206
57488206 33564512
57488206 32311306
57488206 130329682
57488206 69095347
44987780 33564512
44987780 57488206
45059883 33564512
133374627 67548122
67548122 133374627
67548122 132046566
67548122 160275826
82192336 33564512
231165643 302921405
231165643 57488206
57369337 33564512
57341104 33564512
57486193 33564512
57486193 57488206
48634899 33564512
50850842 33564512
50850842 57488206
100070054 33564512
100070054 75312496
130329682 33564512
130329682 57488206
130329682 44720421
44552213 33564512
22131311 33564512
33564512 57488206
60383994 33564512
637991692 33564512
637991692 57488206
127236119 33564512
127236119 32311306
127236119 17112524
127236119 156573582
127236119 69095347
127236119 103465501
91082578 33564512
44105106 33564512
44574836 33564512
642187652 33564512
68946321 33564512
68946321 57488206
48500154 33564512
48500154 57488206
44198455 33564512
44198455 57488206
49266672 33564512
132046566 67548122
55018541 231484799
636981742 33564512
636981742 57488206
130011499 33564512
130011499 57488206
130011499 44552213
20508739 33564512
20508739 57488206
129790511 34573137
836614172 33564512
103465501 33564512
103465501 32311306
103465501 127236119
57314290 33564512
57314290 57488206
17112524 33564512
57128953 129790511
12219121 67548122
57475010 33564512
44720421 65317436
44720421 33564512
44720421 57488206
44720421 139847014
44720421 130329682
44720421 50904426
44720421 130011499
84291703 33564512
49045877 33564512
49045877 57488206
45029508 33564512
34573137 130461777
34573137 65317436
34573137 33564512
34573137 129790511
302921405 33564512
26713520 33564512
49342836 33564512
139847014 54388389
139847014 57314290
139847014 33564512
139847014 44720421
139847014 50904426
140497009 33564512
140497009 57488206
44767891 33564512
44767891 57488206
75312496 33564512
75312496 57488206
75312496 100070054
192515079 33564512
130461777 34573137
32311306 103465501
32311306 57488206
32311306 49045877
32311306 67730849
32311306 127236119
32311306 69095347
32311306 130011499
302427470 33564512
231484799 33564512
231484799 57488206
199567147 33564512
65317436 44720421
50852752 33564512
50852752 57488206
231731000 33564512
