582577008 65481375
582577008 57604873
582577008 4221750
582577008 57650754
582577008 19075432
38104836 57980779
38104836 132797320
38104836 58150888
38104836 35249917
38104836 112348861
38104836 107496071
38104836 79162436
38104836 67620750
38104836 33078931
38104836 49520756
38104836 19554049
38104836 93826244
38104836 57650754
38104836 19075432
38104836 152904556
152904556 38104836
152904556 9555261
152904556 582380142
152904556 19554049
152904556 57604873
152904556 58053518
152904556 29001387
152904556 57650754
152904556 58321362
152904556 57980779
152878617 35249917
152878617 57604873
152878617 57650754
152878617 19075432
152668676 57980779
152668676 298855866
152668676 57604873
152668676 75286263
360687285 298855866
360687285 152576944
360687285 57647701
360687285 57650754
360687285 19075432
360687285 75286263
298855866 310638305
298855866 57980779
298855866 152500927
298855866 152668676
298855866 152544520
298855866 79162436
298855866 360687285
298855866 152855115
298855866 49520756
298855866 601660007
298855866 67616563
298855866 57652741
298855866 9555261
298855866 93826244
298855866 57650754
298855866 19075432
298855866 75286263
298855866 101698349
7614917 22457943
22457943 57604873
152688192 58150888
152688192 57650325
152688192 57604873
152688192 67620750
7313735 57604873
7313735 67616563
37398638 57604873
37398638 49520756
37398638 6252637
8664574 155885180
8664574 152500927
8664574 152576944
8664574 49520756
8664574 67616563
8664574 207078869
8664574 57650754
8664574 19075432
152899502 50633063
152899502 152575756
152899502 19075432
57650754 9555261
57650754 57650325
57650754 107496071
57650754 44758581
57650754 67616563
57650754 57647641
57650754 93826244
57650754 57980779
57650754 209009685
57650754 130257125
57650754 582577008
57650754 57652741
57650754 152712031
57650754 57647701
57650754 57649017
57650754 67620750
57650754 57613279
57650754 152855115
57650754 152878617
57650754 310638305
57650754 35249917
57650754 207078869
57650754 152656015
57650754 155885180
57650754 298855866
57650754 50884293
57650754 8664574
57650754 4221750
57650754 152576944
57650754 52221367
57650754 38104836
57650754 49520756
57650754 33078931
57650754 112348861
57650754 152544520
57650754 601660007
57650754 132797320
57650754 58053518
57650754 42154723
57650754 29001387
57650754 360687285
57650754 152566627
57650754 50633063
57650754 58150888
57650754 72854753
57650754 19075432
57650754 75286263
57650754 101698349
57650754 152904556
67620750 29001387
67620750 57980779
67620750 57604873
67620750 207078869
67620750 79162436
67620750 38104836
67620750 209009685
67620750 152688192
67620750 67616563
67620750 19554049
67620750 57650754
67620750 19075432
67620750 92112711
57609648 57604873
152855115 310638305
152855115 44758581
152855115 57980779
152855115 298855866
152855115 152892300
152855115 152544520
152855115 79162436
152855115 49520756
152855115 50884293
152855115 67616563
152855115 57652741
152855115 155842215
152855115 57650325
152855115 149547209
152855115 57647641
152855115 19850424
152855115 9555261
152855115 57650754
152855115 19075432
4221750 155842215
4221750 57604873
4221750 207078869
4221750 582577008
4221750 57650754
58150888 50633063
58150888 57980779
58150888 57604873
58150888 38104836
58150888 152688192
58053518 57604873
58053518 310638305
58053518 57650754
58053518 152904556
149547209 7614917
149547209 57604873
149547209 152855115
19075432 57980779
19075432 67620750
19075432 57647641
19075432 107496071
19075432 57650325
19075432 57647701
19075432 155885180
19075432 209009685
19075432 67616563
19075432 57650754
19075432 52221367
19075432 152712031
19075432 152855115
19075432 19850424
19075432 38104836
19075432 152878617
19075432 310638305
19075432 9555261
19075432 207078869
19075432 57649017
19075432 57652741
19075432 155842215
19075432 601660007
19075432 152899502
19075432 49520756
19075432 57613279
19075432 93826244
19075432 582577008
19075432 37398638
19075432 130257125
19075432 29001387
19075432 79162436
19075432 149547209
19075432 152656015
19075432 360687285
19075432 298855866
19075432 50884293
19075432 132797320
19075432 581907451
19075432 152576944
19075432 582380142
19075432 8664574
19075432 152544520
19075432 58150888
19075432 152566627
19075432 44758581
19075432 83437645
19075432 92112711
19075432 75286263
19075432 101698349
582380142 57980779
582380142 57647701
582380142 19075432
582380142 152904556
152575756 149547209
152575756 57604873
152575756 152899502
132797320 57604873
132797320 38104836
132797320 57650754
132797320 19075432
52221367 57980779
52221367 57604873
52221367 57647701
52221367 601660007
52221367 67616563
52221367 93826244
52221367 57650754
52221367 19075432
155885180 310638305
155885180 8664574
155885180 57650325
155885180 57604873
155885180 57647701
155885180 152656015
155885180 49520756
155885180 57652741
155885180 57650754
155885180 19075432
155885180 92112711
58321362 152904556
194454115 57650325
194454115 57604873
194454115 26750528
834277264 152576944
152892300 57604873
152892300 152855115
601660007 298855866
601660007 52221367
601660007 67616563
601660007 57650754
601660007 19075432
82362960 57604873
107496071 44758581
107496071 35249917
107496071 152576944
107496071 57604873
107496071 207078869
107496071 38104836
107496071 49520756
107496071 67616563
107496071 57650325
107496071 57647641
107496071 57650754
107496071 19075432
152712031 310638305
152712031 57980779
152712031 57604873
152712031 83437645
152712031 67616563
152712031 57650754
152712031 19075432
152500927 310638305
152500927 298855866
152500927 8664574
152500927 152576944
152500927 57604873
152500927 360687285
152500927 152656015
152500927 19554049
67616563 310638305
67616563 44758581
67616563 154953387
67616563 57980779
67616563 298855866
67616563 8664574
67616563 57613279
67616563 35249917
67616563 52221367
67616563 152576944
67616563 57650325
67616563 57604873
67616563 207078869
67616563 107496071
67616563 152544520
67616563 79162436
67616563 57647701
67616563 152855115
67616563 7313735
67616563 67620750
67616563 209009685
67616563 152712031
67616563 601660007
67616563 57652741
67616563 9555261
67616563 57650754
67616563 19075432
9555261 310638305
9555261 57980779
9555261 152855115
9555261 57604873
9555261 67616563
9555261 57652741
9555261 57650325
9555261 298855866
9555261 57650754
9555261 19075432
9555261 101698349
9555261 152904556
581907451 19075432
57613279 57604873
57613279 67616563
57613279 93826244
57613279 57650754
57613279 19075432
130257125 57604873
130257125 19554049
130257125 57650754
130257125 19075432
49520756 155885180
49520756 57980779
49520756 298855866
49520756 8664574
49520756 152576944
49520756 107496071
49520756 38104836
49520756 152855115
49520756 37398638
49520756 57652741
49520756 57650754
49520756 19075432
49520756 75286263
57649017 310638305
57649017 57604873
57649017 57647701
57649017 209009685
57649017 49520756
57649017 57650754
57649017 19075432
57650325 155885180
57650325 57980779
57650325 152576944
57650325 57604873
57650325 57647701
57650325 152688192
57650325 67616563
57650325 194454115
57650325 57652741
57650325 107496071
57650325 152855115
57650325 9555261
57650325 57650754
57650325 19075432
310638305 155885180
310638305 50633063
310638305 57980779
310638305 298855866
310638305 57649017
310638305 152500927
310638305 35249917
310638305 152576944
310638305 57647641
310638305 207078869
310638305 79162436
310638305 57647701
310638305 152855115
310638305 152712031
310638305 50884293
310638305 67616563
310638305 57652741
310638305 93826244
310638305 58053518
310638305 57650754
310638305 19075432
310638305 75286263
310638305 101698349
99930017 57604873
79162436 310638305
79162436 29001387
79162436 57980779
79162436 298855866
79162436 152576944
79162436 57604873
79162436 57647701
79162436 38104836
79162436 152855115
79162436 67620750
79162436 67616563
79162436 19554049
79162436 93826244
79162436 19075432
79162436 75286263
207078869 310638305
207078869 4221750
207078869 57980779
207078869 298855866
207078869 35249917
207078869 152576944
207078869 57604873
207078869 107496071
207078869 57647701
207078869 67620750
207078869 65481375
207078869 26750528
207078869 152575756
207078869 67616563
207078869 57652741
207078869 8664574
207078869 57650754
207078869 19075432
207078869 75286263
101698349 57604873
101698349 57650754
101698349 57652741
101698349 37398638
101698349 298855866
50884293 310638305
50884293 19850424
50884293 57980779
50884293 57604873
50884293 57647701
50884293 152855115
50884293 57652741
50884293 57650754
50884293 19075432
57647641 310638305
57647641 57980779
57647641 57647701
57647641 107496071
57647641 152855115
57647641 57650754
57647641 19075432
6252637 37398638
19850424 57604873
19850424 79162436
19850424 50884293
19850424 152855115
92112711 155885180
92112711 207078869
92112711 35249917
92112711 67620750
92112711 93826244
92112711 44758581
57980779 310638305
57980779 44758581
57980779 155842215
57980779 50633063
57980779 298855866
57980779 8664574
57980779 58150888
57980779 52221367
57980779 152576944
57980779 57650325
57980779 152668676
57980779 57604873
57980779 57647641
57980779 207078869
57980779 107496071
57980779 152544520
57980779 79162436
57980779 57647701
57980779 38104836
57980779 152855115
57980779 152566627
57980779 67620750
57980779 209009685
57980779 72854753
57980779 582380142
57980779 152712031
57980779 33078931
57980779 49520756
57980779 50884293
57980779 67616563
57980779 57652741
57980779 9555261
57980779 93826244
57980779 57650754
57980779 19075432
57980779 75286263
57980779 152904556
42154723 57604873
155828077 57604873
152576944 310638305
152576944 57980779
152576944 298855866
152576944 152500927
152576944 8664574
152576944 57650325
152576944 57604873
152576944 107496071
152576944 79162436
152576944 360687285
152576944 57647701
152576944 67620750
152576944 834277264
152576944 49520756
152576944 67616563
152576944 57652741
152576944 57650754
152576944 19075432
152576944 101698349
152656015 155885180
152656015 152500927
152656015 57604873
152656015 67616563
152656015 57650754
152656015 19075432
29296044 57604873
35249917 310638305
35249917 152878617
35249917 29001387
35249917 57604873
35249917 207078869
35249917 107496071
35249917 38104836
35249917 83437645
35249917 67616563
35249917 57650754
33078931 29001387
33078931 57980779
33078931 57604873
33078931 207078869
33078931 38104836
33078931 19554049
33078931 57650754
72854753 57980779
72854753 57604873
72854753 152855115
72854753 19554049
72854753 57650754
209009685 44758581
209009685 57980779
209009685 298855866
209009685 57649017
209009685 57647701
209009685 67620750
209009685 67616563
209009685 57650754
209009685 19075432
209009685 75286263
152566627 57980779
152566627 57604873
152566627 57647701
152566627 152855115
152566627 49520756
152566627 57650754
152566627 19075432
22813863 29001387
22813863 57604873
22813863 19554049
50633063 310638305
50633063 19850424
50633063 57980779
50633063 58150888
50633063 9186431
50633063 57604873
50633063 152899502
50633063 93826244
50633063 57650754
551798948 57604873
44758581 57980779
44758581 107496071
44758581 152855115
44758581 209009685
44758581 67616563
44758581 57650754
44758581 92112711
75286263 19554049
75286263 49520756
75286263 207078869
75286263 209009685
75286263 57980779
75286263 57650754
75286263 152668676
75286263 19075432
75286263 310638305
75286263 360687285
75286263 298855866
75286263 57652741
75286263 79162436
57652741 155885180
57652741 310638305
57652741 57980779
57652741 298855866
57652741 152576944
57652741 57650325
57652741 57604873
57652741 207078869
57652741 57647701
57652741 152855115
57652741 65481375
57652741 49520756
57652741 50884293
57652741 67616563
57652741 9555261
57652741 93826244
57652741 57650754
57652741 19075432
57652741 75286263
57652741 101698349
9186431 50633063
57647701 155885180
57647701 310638305
57647701 57980779
57647701 57649017
57647701 52221367
57647701 152576944
57647701 57650325
57647701 57604873
57647701 57647641
57647701 207078869
57647701 152544520
57647701 79162436
57647701 360687285
57647701 152566627
57647701 209009685
57647701 582380142
57647701 50884293
57647701 67616563
57647701 57652741
57647701 57650754
57647701 19075432
19554049 22813863
19554049 33078931
19554049 130257125
19554049 38104836
19554049 67620750
19554049 149547209
19554049 79162436
19554049 57604873
19554049 152500927
19554049 72854753
19554049 93826244
19554049 75286263
83437645 35249917
83437645 57604873
83437645 152712031
83437645 19075432
26750528 57604873
26750528 207078869
26750528 194454115
93826244 19554049
93826244 79162436
93826244 57604873
93826244 57613279
93826244 50633063
93826244 57980779
93826244 67616563
93826244 52221367
93826244 57652741
93826244 298855866
93826244 57650754
93826244 19075432
93826244 92112711
155842215 57980779
155842215 57604873
155842215 152855115
112348861 57604873
112348861 38104836
152544520 57980779
152544520 298855866
152544520 57647701
152544520 152855115
152544520 67616563
152544520 57650754
152544520 19075432
65481375 57604873
65481375 207078869
65481375 57652741
65481375 582577008
65481375 92112711
154953387 67616563
57604873 155885180
57604873 57980779
57604873 207078869
57604873 152566627
57604873 57652741
57604873 19554049
57604873 93826244
29001387 35249917
29001387 57604873
29001387 79162436
29001387 22813863
29001387 67620750
29001387 33078931
29001387 57650754
29001387 19075432
29001387 152904556
