4087277 57647265
210253481 20782268
57606910 14573512
57606910 4174499
37713818 25515642
37713818 24120590
37713818 5241107
37713818 4174499
37713818 35125403
37713818 6604497
69410224 24430046
69410224 14573512
69410224 71299834
69410224 133788690
69410224 4174499
69410224 34407290
69410224 135733783
69410224 73383223
25515642 82230611
25515642 37713818
25515642 73837963
25515642 28447308
25515642 12477690
25515642 25090320
25515642 110497409
25515642 21049545
25515642 24120590
25515642 5241107
25515642 21033290
25515642 35125403
25515642 6604497
57647265 4087277
57647265 20782268
57647265 14573512
73837963 6604497
73837963 25515642
24120590 37713818
24120590 25515642
24120590 5241107
24120590 6604497
5241107 37713818
5241107 28447308
5241107 25090320
5241107 110497409
5241107 25515642
5241107 24120590
5241107 35125403
5241107 6604497
35125403 28447308
35125403 25515642
35125403 5241107
35125403 4174499
35125403 6604497
73383223 4174499
73383223 69410224
73383223 74387193
71299834 14573512
71299834 6081172
71299834 4174499
82648093 84190032
82648093 81377477
11272598 20911915
11272598 84190032
11272598 4174499
44852996 31307978
4174499 20911915
4174499 19231590
4174499 37713818
4174499 677745021
4174499 24430046
4174499 31307978
4174499 14573512
4174499 74387193
4174499 16152829
4174499 57606910
4174499 71299834
4174499 10681845
4174499 75286238
4174499 69410224
4174499 21384520
4174499 110988244
4174499 128732437
4174499 17398359
4174499 84190032
4174499 6081172
4174499 223257986
4174499 34407290
4174499 11272598
4174499 21033290
4174499 35125403
4174499 6604497
4174499 73383223
17398359 4174499
12477690 25515642
75286238 4174499
110988244 4174499
82230611 25515642
21049545 25515642
21049545 6604497
223257986 4174499
81377477 82648093
10681845 4174499
34407290 14573512
34407290 4174499
205891062 84190032
16152829 24430046
16152829 14573512
16152829 85919217
16152829 128732437
16152829 6081172
16152829 4174499
16152829 205891062
16152829 73383223
24430046 14573512
24430046 69410224
24430046 4174499
677745021 4174499
120222666 20782268
68997817 15836824
74387193 4174499
74387193 73383223
85919217 16152829
85919217 69410224
85919217 6081172
21033290 4174499
21033290 6604497
14573512 20911915
14573512 24430046
14573512 74387193
14573512 1867121
14573512 57606910
14573512 71299834
14573512 69410224
14573512 133788690
14573512 84190032
14573512 6081172
14573512 4174499
14573512 34407290
14573512 135733783
14573512 57647265
20911915 14573512
20911915 84190032
20911915 6081172
20911915 4174499
20911915 11272598
107495871 15836824
128732437 4174499
21384520 4174499
25090320 25515642
25090320 5241107
25090320 6604497
28447308 25515642
28447308 5241107
28447308 35125403
28447308 6604497
35774757 128732437
31307978 19231590
31307978 44852996
31307978 4174499
1867121 14573512
1867121 205891062
84190032 14573512
84190032 82648093
84190032 4174499
84190032 11272598
84190032 205891062
6081172 20911915
6081172 14573512
6081172 71299834
6081172 4174499
6604497 82230611
6604497 36460618
6604497 37713818
6604497 73837963
6604497 28447308
6604497 25090320
6604497 110497409
6604497 21049545
6604497 25515642
6604497 24120590
6604497 5241107
6604497 4174499
6604497 21033290
6604497 35125403
15836824 68997817
15836824 107495871
20782268 120222666
20782268 210253481
20782268 57647265
19231590 31307978
19231590 4174499
