836612597 140387691
166499084 140387691
79859162 140387691
99910480 140387691
155918739 140387691
745817692 140387691
836612643 140387691
154840695 836613381
154840695 140387691
9582406 140387691
674301136 140387691
731990827 836613381
731990827 140387691
836614744 140387691
642577327 140387691
234063236 836613381
234063236 140387691
666349684 140387691
834590801 140387691
299974399 140387691
578732608 140387691
451098526 140387691
203283840 140387691
835820363 140387691
541437051 140387691
836614683 140387691
166550729 140387691
745877480 140387691
836613381 140387691
700722524 140387691
578936703 140387691
578795579 140387691
140387691 836613381
361581700 140387691
19472908 140387691
98985648 140387691
809571595 140387691
836311163 140387691
307867931 140387691
367774989 140387691
299338208 140387691
299338208 836613381
666214113 140387691
203284047 140387691
235845289 140387691
699102690 140387691
480080840 140387691
579144377 140387691
129103158 140387691
14838670 140387691
833606590 140387691
300264688 140387691
92217069 140387691
701019227 140387691
836613520 140387691
51672290 836613381
51672290 140387691
578985888 140387691
449041713 140387691
570634495 140387691
545552322 836613381
545552322 140387691
545552322 235845289
545552322 731990827
448181258 140387691
37200084 140387691
155764015 140387691
181843754 140387691
181843754 836613381
451466375 140387691
563278088 140387691
836612864 140387691
164380898 140387691
164380898 135570486
55436177 140387691
47417680 140387691
809477613 140387691
644350281 140387691
400309657 140387691
383680243 140387691
776453683 140387691
835821287 140387691
836613962 140387691
701119108 140387691
248107901 140387691
136759896 140387691
144740108 140387691
674559767 140387691
666376269 140387691
124954771 140387691
700818995 140387691
155796354 140387691
230762060 140387691
746036964 140387691
300716917 140387691
458593201 140387691
72049981 140387691
757640992 140387691
579273684 140387691
135570486 140387691
135570486 164380898
