152500366 10358286
357447852 10358286
326934769 10358286
152729750 4003976
152729750 152723189
58361531 10358286
58123649 4003976
58123649 10358286
58123649 4744731
67571952 10358286
44760102 10358286
44760102 152906447
210214735 57645490
210214735 10358286
44836077 10358286
21810071 57650050
21810071 152821382
21810071 16118287
21810071 10358286
21810071 215734139
21810071 152688917
21810071 61761858
57612655 61761858
152930534 10358286
17448615 10358286
235316275 10358286
348366034 10358286
806270436 152600711
806270436 10358286
806270436 152921804
47690434 10358286
47690434 27979258
152921804 806270436
152921804 215734139
16910126 10358286
16910126 152941938
45038544 57650050
152821382 57650050
152821382 21810071
152821382 10358286
152702868 10358286
152941918 23738788
152941918 57649594
152941918 10358286
633941309 152520588
633941309 10358286
152619846 10358286
86014580 10358286
689797393 10358286
82124114 10358286
215734139 21810071
215734139 44760102
215734139 152921804
215734139 152906447
23738788 152941918
23738788 10358286
72055577 377542285
16118287 21810071
16118287 10358286
152601043 10358286
152601043 110771162
152477233 10358286
152520588 10358286
152520588 633941309
61761858 10358286
61761858 152906447
61761858 152941938
61761858 152723189
36608078 10358286
484985313 10358286
776652505 10358286
305378341 10358286
812483532 10358286
27979258 47690434
27979258 110771162
27979258 10358286
812495328 10358286
152906447 4003976
152906447 57649594
152906447 215734139
152906447 61761858
110771162 10358286
110771162 152601043
110771162 47690434
110771162 4003976
61007285 10358286
152566620 10358286
633940644 10358286
58100228 10358286
152937826 10358286
152702068 10358286
45053939 10358286
57645490 210214735
57645490 10358286
152566541 10358286
152905312 10358286
689796264 10358286
152723189 61761858
152723189 152729750
152904553 10358286
152600711 806270436
152600711 10358286
152600711 15953093
224322763 10358286
152688917 21810071
152688917 10358286
57649594 152821382
57649594 152941918
57649594 10358286
812511348 10358286
13382071 10358286
152596144 10358286
152941938 10358286
152941938 61761858
54592806 10358286
152596684 10358286
152941391 4003976
152941391 10358286
152660642 10358286
57650050 21810071
57650050 45038544
57650050 10358286
57650050 4003976
152593604 10358286
4744731 4003976
4744731 10358286
308072548 10358286
154958936 10358286
10358286 152600711
634020879 10358286
836612365 10358286
15953093 152600711
15953093 10358286
377542285 72055577
152930434 10358286
4003976 58123649
4003976 10358286
4003976 4744731
4003976 110771162
