20650591 54648636
20650591 97136492
20650591 128025100
20650591 55589739
252021802 34573822
152933042 604539286
152933042 152531877
223835051 55054357
223835051 55589739
34573822 128025100
34573822 55589739
357816086 21238890
357816086 177930214
155870095 152546132
299087213 55054357
299087213 52075535
299087213 55589739
57856015 55054357
57856015 52452238
223777809 55589739
223777809 20650591
223777809 55054357
18154981 55589739
42233870 55589739
128025100 54648636
128025100 38194206
128025100 55589739
52075535 642482223
52075535 55589739
55054357 28815010
55054357 638411149
55054357 73208803
55054357 52448864
55054357 54648636
55054357 223835051
55054357 57856015
55054357 97136492
55054357 38194206
55054357 16557907
55054357 52452282
55054357 18154981
55054357 128025100
55054357 22320435
55054357 20227248
55054357 62037920
55054357 55589739
55054357 30273230
55054357 54320794
17725756 54648636
321955141 55589739
52450536 224091893
52450536 345797927
55589739 73208803
55589739 54648636
55589739 55054357
55589739 52451297
55589739 16557907
55589739 52452282
55589739 223777809
55589739 128025100
55589739 22320435
55589739 62037920
55589739 54320794
223851966 52448864
223851966 17725756
223851966 62037920
223851966 55589739
224091893 52450536
224091893 52452238
224091893 55589739
224091893 345797927
73208803 55054357
73208803 55589739
52448864 30273230
52448864 55589739
52448864 128025100
52448864 223851966
52448864 55054357
16557907 54648636
16557907 128025100
16557907 22320435
16557907 55589739
327791580 128025100
637252782 177930214
20227248 55054357
20227248 558359895
152531877 152933042
52451297 54648636
52451297 16557907
52451297 62037920
52451297 55589739
52451297 54320794
638411149 55054357
52452282 54648636
52452282 55054357
52452282 22320435
52452282 55589739
37430231 55589739
205891000 208387244
52452238 22320435
52452238 55589739
21238890 55589739
38194206 55054357
38194206 128025100
38194206 55589739
38194206 54320794
127295121 62037920
642482223 298855700
642482223 52075535
30273230 52448864
30273230 54648636
30273230 97136492
30273230 52451297
30273230 62037920
30273230 55589739
30273230 54320794
638095385 55589739
12196470 224091893
12196470 55589739
12196470 30273230
177930214 357816086
177930214 637252782
152714126 54648636
754814853 54648636
754814853 55589739
28815010 97136492
28815010 212619527
558359895 20227248
97136492 28815010
97136492 54648636
97136492 20650591
97136492 22320435
97136492 30273230
62037920 54648636
62037920 55054357
62037920 52451297
62037920 16557907
62037920 127295121
62037920 223851966
62037920 22320435
62037920 55589739
62037920 54320794
345797927 52450536
212619527 28815010
54320794 16557907
54320794 128025100
54320794 54648636
54320794 30273230
54320794 55054357
54320794 55589739
22320435 54648636
22320435 55054357
22320435 55589739
78282815 54648636
208387244 205891000
298855700 642482223
54648636 28815010
54648636 78282815
54648636 55054357
54648636 97136492
54648636 52451297
54648636 16557907
54648636 52452282
54648636 604539286
54648636 20650591
54648636 17725756
54648636 128025100
54648636 22320435
54648636 62037920
54648636 55589739
54648636 30273230
54648636 54320794
52086736 128025100
152546132 155870095
71046994 55589739
211543503 84576046
