700942851 700874537
700942851 39929481
61300604 184269902
61300604 129558600
61300604 75400457
61300604 700874537
61300604 17887874
61300604 518599620
61300604 39929481
54556823 129558600
54556823 700874537
54556823 39929481
520063670 39929481
4058497 39929481
169836936 129558600
169836936 39929481
429540733 39929481
68925697 39929481
5407141 129558600
5407141 39929481
303369659 39929481
57056501 129558600
57056501 75400457
57056501 700874537
57056501 61300604
57056501 518599620
57056501 39929481
129558600 184269902
129558600 75400457
129558600 39929481
535562747 129558600
535562747 39929481
155885504 39929481
182308836 39929481
300018662 129558600
300018662 39929481
39825212 39929481
509857782 129558600
509857782 518599620
509857782 39929481
455082486 39929481
307366273 39929481
75400457 184269902
75400457 129558600
75400457 700874537
75400457 39929481
75400457 518599620
75400457 61300604
700969861 39929481
128104411 129558600
128104411 39929481
21517096 129558600
21517096 75400457
21517096 39929481
700874537 129558600
700874537 75400457
700874537 39929481
700874537 57056501
700874537 518599620
700874537 61300604
183595624 129558600
183595624 39929481
672391732 39929481
39929481 61300604
39929481 184269902
39929481 129558600
39929481 75400457
17887874 700874537
17887874 61300604
17887874 518599620
17887874 236867871
17887874 39929481
166722325 700874537
166722325 518599620
166722325 39929481
5417011 129558600
5417011 700874537
5417011 39929481
518637766 129558600
518637766 39929481
241217604 39929481
54393473 129558600
364541360 518599620
364541360 39929481
236867871 129558600
236867871 39929481
497324792 129558600
497324792 39929481
50185795 129558600
50185795 39929481
39504132 129558600
39504132 39929481
28936531 129558600
17790985 129558600
518599620 129558600
518599620 75400457
518599620 700874537
518599620 61300604
518599620 39929481
175594234 129558600
175594234 39929481
161136272 129558600
161136272 39929481
447933636 39929481
700839358 39929481
610886853 700874537
610886853 39929481
610886853 518599620
497245666 129558600
497245666 39929481
184269902 129558600
184269902 75400457
184269902 39929481
184269902 61300604
518602935 39929481
