130255936 18841017
98831866 136275086
165613216 134237484
163889395 160484396
89085736 128550802
556637779 836611217
556637779 18841017
165942733 164780849
165942733 126216178
128597565 115797406
85000933 82264414
514074420 359589377
514074420 134237484
514074420 231762880
514074420 693832623
18504516 115797406
126115180 18841017
134237484 514074420
134237484 231762880
134237484 165613216
836611217 556637779
164617051 165942733
693832623 514074420
160484396 163889395
160484396 689865198
82264414 85000933
128550802 89085736
126216178 165942733
155164420 141204374
136275086 800273237
115797406 131247079
28758458 23807460
131247079 115797406
131247079 128916763
131247079 800273237
131247079 23807460
689865198 160484396
18841017 359589377
18841017 231762880
231762880 514074420
231762880 134237484
231762880 18841017
141204374 155164420
800273237 131247079
800273237 136275086
359589377 514074420
359589377 18841017
302918016 836611300
836611300 302918016
166100257 128550802
164780849 165942733
23807460 28758458
23807460 131247079
