258784806 127301990
165200548 124768755
29164480 104332169
29164480 735651733
29164480 10489540
166208424 132536735
95117388 164788074
477916377 129679401
477916377 216078350
531701390 129679401
50696995 129679401
50696995 127301990
50696995 104332169
50696995 384131355
50696995 10489540
50696995 124768755
98422694 124768755
98422694 384131355
35121740 164788074
35121740 124768755
35121740 159844244
96046955 129679401
96046955 127301990
130472744 129679401
155763224 127301990
124768755 35121740
124768755 129679401
124768755 104332169
124768755 216078350
124768755 90578877
124768755 13857558
124768755 384131355
124768755 10489540
124768755 165200548
124768755 22706250
124768755 124262387
124768755 98422694
298804540 127301990
37378212 129679401
11072839 129679401
11072839 127301990
11072839 165200548
384131355 98422694
384131355 124768755
192446910 303062157
35880522 163971646
132651749 129679401
132651749 127301990
132651749 124768755
127301990 163971646
129679401 298808155
129679401 10489540
129679401 22706250
129679401 124768755
137130741 127301990
15394784 129679401
74346896 129679401
3934330 124768755
642273272 127301990
642273272 124768755
133525632 127301990
90578877 104332169
90578877 118469509
90578877 124768755
144546043 129679401
144546043 137130741
216078350 477916377
216078350 124768755
216078350 22706250
164788074 35121740
164788074 95117388
156323192 104332169
13857558 10489540
13857558 22706250
13857558 124768755
163971646 35880522
163971646 127301990
22706250 129679401
22706250 216078350
22706250 13857558
22706250 735651733
22706250 164530591
22706250 124768755
22706250 159844244
833549792 127301990
829125357 124768755
829125357 22706250
104332169 123131160
104332169 59985614
104332169 29164480
104332169 90578877
104332169 50696995
104332169 124768755
104332169 156323192
58374094 10489540
58374094 129679401
159842302 124768755
159842302 129679401
159842302 159844244
138938535 129679401
138938535 124768755
155968570 124768755
155968570 162076816
59985614 104332169
10489540 129679401
10489540 13857558
10489540 124768755
118469509 90578877
124262387 124768755
7442098 159844244
298808155 129679401
298808155 159844244
123131160 104332169
735651733 22706250
132536735 166208424
38656226 127301990
38656226 159844244
298809005 129679401
298809005 10489540
159796548 129679401
159844244 35121740
159844244 38656226
159844244 7442098
159844244 124768755
159844244 298808155
159844244 22706250
159844244 159842302
164530591 127301990
164530591 384131355
164530591 10489540
164530591 22706250
164530591 642273272
648442764 35880522
648442764 129679401
648442764 127301990
648442764 10489540
648442764 124768755
702521447 165200548
