194654613 81919728
836372277 81919728
19123031 81919728
579158221 81919728
579158221 32592832
695082929 81919728
836371071 81919728
668729532 67008555
155869712 81919728
51479153 81919728
519236113 81919728
684840190 67008555
559742006 81919728
134580769 836359532
517701238 81919728
225052741 81919728
185516572 81919728
185516572 268359118
685162685 81919728
615731674 81919728
67013067 81919728
648838100 81919728
836371597 81919728
311022559 81919728
329455925 81919728
576973331 81919728
305940367 81919728
128423808 81919728
832890736 81919728
268359118 81919728
52128364 81919728
44269555 81919728
163902752 81919728
127650937 81919728
830232403 81919728
564817541 81919728
604380931 81919728
561018419 81919728
51650261 81919728
51650261 32592832
836370696 81919728
7300024 81919728
127782212 81919728
56604532 81919728
283583701 81919728
522553782 81919728
32592832 579158221
32592832 81919728
32592832 51650261
475924452 81919728
537088259 81919728
