127180958 222620902
127180958 97418546
58386228 36072009
46249832 36072009
43824681 36072009
26741085 50839175
203911685 36072009
50839175 26741085
50839175 6430866
44252826 36072009
44921105 36072009
231509655 36072009
44525262 36072009
113062045 166556731
23870007 25596638
789832605 36072009
26479898 36072009
154867890 152677034
329497847 36072009
148723991 36072009
25596638 23870007
217138010 166556731
166556731 217138010
166556731 113062045
45184644 24935380
97418546 127180958
418582608 25596638
222620902 36072009
222620902 127180958
222620902 97418546
612403608 36072009
6430866 36072009
363841389 36072009
398955079 36072009
152677034 154867890
