171111051 52399017
39070290 52399017
39070290 129203678
685590957 52399017
132583141 52399017
39683589 52399017
667123629 39303212
45422660 52399017
836610875 52399017
217181649 15491715
155556770 52399017
59647546 52399017
212612727 52399017
16611825 52399017
16611825 129203678
6719139 52399017
667114707 52399017
59701699 52399017
166618379 52399017
9676287 52399017
271628233 52399017
166566262 52399017
809603646 129203678
166884903 52399017
156214923 52399017
20827984 77551397
130925953 39683589
48690368 52399017
67913577 15491715
67913577 52399017
67913577 356692441
741325100 52399017
260513328 155356645
155804786 52399017
77551397 20827984
154239802 52399017
356692441 67913577
356692441 52399017
30718399 52399017
155356645 260513328
155356645 52399017
85839460 129203678
155575839 52399017
36477670 59837614
15491715 129203678
104416517 52399017
104416517 49502065
104416517 181986733
57476461 52399017
55119216 52399017
49883306 513023418
513023418 55119216
434665635 52399017
39303212 667123629
181986733 104416517
17749345 10558929
746010655 52399017
141380705 52399017
49502065 52399017
49502065 104416517
2698583 52399017
36009305 52399017
45217699 52399017
10558929 52399017
10558929 17749345
33233913 30718399
155014066 52399017
59837614 36477670
747359688 52399017
25877442 128098456
