57492977 120945806
228842183 97264581
228842183 700724409
228842183 424672502
228842183 606448695
20846694 52581463
52389341 52581463
57505953 97264581
300967783 754514018
300967783 97264581
300967783 55599728
300967783 37900161
288254193 97264581
57068162 55599728
57068162 97264581
57068162 57492977
60477859 52581463
232377324 97264581
232377324 565296872
299622766 52581463
12261481 154806448
57170962 37900161
57170962 57169052
57170962 97264581
152800834 152595294
152800834 55599728
152800834 700724409
152800834 97264581
52572835 57170962
52572835 52581463
601683739 52581463
12332925 606448695
12332925 601683739
12332925 93833475
834393041 97264581
52608668 37900161
52608668 97264581
52608668 93833475
57070791 52581463
55599728 166867717
55599728 152595294
55599728 228842183
55599728 52581463
55599728 12332925
55599728 565296872
55599728 97264581
55599728 754514018
55599728 93833475
55599728 136779551
55599728 216087847
55599728 300967783
55599728 57068162
152595294 129536875
152595294 52581463
152595294 12332925
152595294 57068162
152595294 97264581
74934006 93833475
152835572 37900161
152596580 17762900
152596580 93833475
687772441 17762900
687772441 52581463
57068230 97264581
57162866 57492977
232654452 97264581
817500422 97264581
695776111 58317966
13603516 57068162
424672502 97264581
93833475 52581463
754514018 97264581
129864250 52581463
17762900 93833475
17762900 152596580
16413493 97264581
97264581 232377324
97264581 57505953
97264581 57170962
97264581 152800834
97264581 152595294
97264581 565296872
97264581 57068124
97264581 497811732
97264581 424672502
97264581 834393041
97264581 817500422
97264581 754514018
97264581 288254193
97264581 300967783
97264581 57068162
54602026 97264581
54602026 16413493
57169052 37900161
57169052 57170962
57169052 97264581
216087847 55599728
52581463 601683739
52581463 52572835
52581463 299622766
52581463 12332925
52581463 687772441
52581463 129864250
52581463 93833475
52581463 60477859
57068124 97264581
220832256 52581463
497811732 97264581
37900161 57169052
37900161 57170962
37900161 52581463
37900161 152835572
37900161 497811732
37900161 226141670
601658361 700724409
57170972 606448695
57170972 12332925
57170972 93833475
565296872 97264581
