328100618 133186256
383173610 701060259
383173610 133186256
652777303 133186256
234147717 133186256
302458054 133186256
745857316 133186256
833443727 133186256
135404228 133186256
97085417 833443861
97085417 133186256
144768117 133186256
229766163 133186256
746163118 133186256
163968211 133186256
299391933 133186256
14925744 133186256
497294044 133186256
50719243 133186256
25984054 133186256
128995099 133186256
400303813 128001623
528776787 133186256
458866924 133186256
701060259 383173610
701060259 133186256
383254081 133186256
128001623 400303813
128001623 133186256
99214844 133186256
32935961 133186256
11902847 133186256
224558346 133186256
313695900 133186256
138915838 133186256
39228021 133186256
34867542 133186256
40398338 133186256
2965133 133186256
229843801 133186256
520519314 133186256
27103540 229778898
27103540 133186256
247262224 133186256
447988733 133186256
741156522 133186256
448291332 133186256
22558420 133186256
25376138 133186256
253987627 133186256
298809259 133186256
89064042 133186256
299525392 133186256
623013526 133186256
836612658 155567912
833444752 133186256
155567912 133186256
700732365 133186256
833443861 97085417
833443861 133186256
551544621 133186256
687729438 133186256
536440666 133186256
449714364 3043865
449714364 133186256
3043865 133186256
234927394 133186256
155572532 133186256
163979404 133186256
217136652 133186256
578987913 133186256
200029674 133186256
745718360 133186256
135851376 133186256
