15246146 130217439
581178727 130217439
836092539 130217439
130013742 130217439
14024183 300213487
14024183 130217439
72527203 130217439
836093279 130217439
90379801 21374288
90379801 130217439
90379801 30053109
49066739 130217439
133602022 130217439
172468783 21374288
172468783 30053109
172468783 130217439
581403479 130217439
581403479 216032650
196352749 130217439
152727277 130217439
152506146 130217439
634209249 216032650
634209249 130217439
200049518 130217439
25966899 23336219
25966899 101696310
25966899 98455662
25966899 130217439
152730584 130217439
836102337 130217439
581889035 130217439
253816554 130217439
805332943 130217439
152630910 130217439
300213487 14024183
300213487 130217439
30053109 21374288
30053109 172468783
30053109 130217439
30053109 216032650
30053109 90379801
754799872 130217439
98455662 130217439
98455662 25966899
152906647 152535023
152906647 130217439
152580771 130217439
199997978 130217439
92448138 130217439
582059720 130217439
686234592 130217439
57647242 23336219
57647242 25966899
57647242 30902211
57647242 130217439
152729212 130217439
581951704 130217439
804954594 130217439
199956116 152911923
199956116 130217439
152907551 130217439
81640145 130217439
21374288 90379801
21374288 172468783
21374288 30053109
23336219 57647242
23336219 25966899
23336219 130217439
836104408 130217439
581910147 130217439
581613950 130217439
152941808 130217439
833573086 130217439
834118138 130217439
152898825 130217439
298831887 130217439
152890922 130217439
152722644 130217439
216032650 581403479
216032650 785136952
216032650 634209249
216032650 130217439
216032650 30053109
833346099 130217439
785136952 216032650
785136952 130217439
534750678 152911923
569494928 130217439
581905737 130217439
50856600 130217439
30902211 216032650
30902211 101696310
30902211 133602022
30902211 57647242
101696310 30902211
101696310 25966899
101696310 130217439
200063516 130217439
90055784 130217439
499924413 130217439
582683770 130217439
836102157 130217439
580986904 30053109
580986904 130217439
152535023 152906647
152535023 130217439
833329751 130217439
805379195 130217439
152900348 130217439
541449289 130217439
581175261 130217439
686198857 130217439
123482605 216032650
599335802 130217439
601649716 130217439
152834228 130217439
210187949 130217439
836092910 130217439
251849172 130217439
152911923 199956116
152911923 130217439
173849839 130217439
210199909 130217439
687021287 130217439
601759250 130217439
29075903 130217439
