148259114 8666966
264673734 8666966
217119287 8666966
836612577 8666966
836613517 8666966
261583030 8666966
170382517 8666966
149641692 8666966
237256237 8666966
267280076 8666966
243749406 8666966
228607834 8666966
266558246 84728109
266558246 84728334
266558246 8666966
243522667 8666966
232444792 8666966
289464992 8666966
292223583 8666966
144779156 8666966
234669938 8666966
248467478 107671276
248467478 8666966
134998105 8666966
134998105 129775986
243765481 8666966
231501014 8666966
202255691 8666966
233255129 8666966
240630983 8666966
420442456 8666966
228208535 8666966
100958900 8666966
230292612 8666966
150000148 8666966
261817131 8666966
240149723 8666966
227636528 8666966
129775986 8666966
341505522 8666966
247184369 8666966
387503363 8666966
217164741 8666966
385734874 8666966
229008113 8666966
227567381 8666966
84728334 129775986
84728334 84728109
84728334 266558246
84728334 31680801
84728334 8666966
295417784 8666966
295417784 31680801
242283016 8666966
279494886 8666966
232489252 8666966
230072449 8666966
297270944 8666966
84728109 84728334
84728109 8666966
8666966 31680801
238045282 8666966
229771794 8666966
273373480 8666966
286115744 8666966
284216520 8666966
229287352 8666966
282935614 8666966
272837394 8666966
217119874 8666966
281774957 8666966
107671276 248467478
541367669 8666966
268514580 295417784
268514580 8666966
58177939 8666966
314468239 8666966
259537570 8666966
237629251 8666966
52846174 8666966
319939546 8666966
31680801 295417784
31680801 8666966
