11628000 62295182
11221716 62295182
11221716 20116093
54389890 130003320
54389890 62295182
54389890 20116093
54389890 58005813
13029282 130003320
13029282 62295182
21592033 62295182
21592033 13029282
9594098 62295182
130003320 62295182
130003320 60939497
130003320 13029282
130003320 54389890
130003320 54358589
130003320 17682217
34389701 62295182
58005813 130003320
58005813 10422915
58005813 62295182
58005813 635302179
58005813 54389890
58005813 54358589
729984887 62295182
62155195 62295182
97496131 62295182
8993905 62295182
105941283 62295182
20116093 62295182
130005067 62295182
130005067 54358589
130005067 17682217
58381006 83554720
83554720 62295182
83554720 17682217
83554720 8873375
548792947 62295182
62295182 11221716
62295182 130003320
62295182 130005067
62295182 60939497
62295182 54389890
62295182 54358589
62295182 97496131
62295182 20116093
62295182 17682217
54358589 130003320
54358589 62295182
54358589 17682217
60939497 62295182
72064674 62295182
17682217 130003320
17682217 62295182
17682217 54358589
17682217 83554720
635302179 17682217
60076444 62295182
8873375 62295182
30887607 130003320
30887607 62295182
30887607 54358589
30887607 17682217
11187630 62295182
77519388 62295182
77519388 60939497
