52574716 52579979
306646583 69077290
306646583 52579979
306646583 677179984
149545979 39240270
149545979 15369298
69077290 306646583
69077290 4676040
69077290 152567527
69077290 52579979
69077290 58515107
69077290 39240270
69077290 15369298
69077290 34013585
52579979 52574716
52579979 69077290
4676040 39240270
4676040 69077290
4676040 34125290
15369298 39240270
34013585 69077290
58515107 69077290
34125290 39240270
34125290 4676040
677179984 52579979
55117488 421495828
55117488 15369298
39240270 52579979
39240270 69077290
39240270 149545979
39240270 34125290
39240270 15369298
152476860 3651689
