49013100 45477349
25819231 65626584
25819231 155344856
54436326 38411653
54436326 17419382
64947939 156722519
64947939 13657306
155344856 25819231
155344856 44963868
155344856 328780726
10050145 3249322
25986866 133661652
530578711 38411653
54435028 54406044
67341799 54406044
30772910 17419382
83690162 38411653
423567664 25986866
133661652 25986866
133661652 11313750
57732537 38411653
57732537 65626584
67553703 61240810
67553703 3249322
67553703 77325310
67553703 17419382
67553703 11313750
67553703 13657306
13657306 67553703
13657306 30772910
11313750 133661652
11313750 19686670
38411653 77325310
38411653 54406044
38411653 82651016
38411653 67553703
38411653 78770203
38411653 57472842
38411653 82787555
38411653 19686670
38411653 57732537
38411653 155068603
38411653 83690162
38411653 67341799
38411653 530578711
219845753 38411653
155068603 38411653
155068603 17419382
58082272 58246033
78770203 38411653
78770203 3249322
37644516 11313750
49822592 11313750
115229461 65626584
3249322 57407086
3249322 78770203
328780726 155344856
17419382 30772910
17419382 67553703
17419382 11313750
17419382 155068603
17419382 57472842
17419382 82651016
44963868 155344856
61240810 17419382
56692434 25986866
45477349 49013100
45477349 11313750
57407086 3249322
57472842 38411653
57472842 11313750
57472842 17419382
54406044 67341799
82651016 17419382
57229134 77325310
57229134 54406044
58290380 11313750
58246033 58082272
