58264346 14037490
154868185 14037490
9592481 14037490
57611410 36895440
57611410 14037490
7530517 14037490
28390233 14037490
152934655 14037490
65428177 14037490
750984581 14037490
241969399 14037490
152891977 14037490
174921558 14037490
52787915 30580176
52787915 14037490
11788678 14037490
32972680 14037490
32972680 2531303
65292021 14037490
65292021 7530517
65292021 30580176
65292021 11096662
40322605 30580176
40322605 9418493
40322605 2531303
33467631 14037490
52536724 14037490
58325711 14037490
152679665 14037490
152815885 14037490
11096662 36895440
11096662 14037490
11096662 65292021
36895440 11096662
36895440 14037490
36895440 9418493
58037574 14037490
50854847 14037490
152693003 58028634
152693003 14037490
57483981 14037490
57483981 2531303
128410593 14037490
30580176 57605629
30580176 40322605
30580176 152565365
30580176 65292021
30580176 14037490
30580176 9418493
30580176 52787915
30580176 2531303
58028634 14037490
106040552 14037490
152882132 14037490
167828274 14037490
3850078 14037490
582001010 14037490
497887719 14037490
129394455 14037490
144745341 14037490
298831932 14037490
445886859 14037490
20353076 14037490
152928456 14037490
138934036 14037490
152523074 58425588
9418493 36895440
9418493 40322605
9418493 30580176
9418493 14037490
9418493 2531303
57605629 14037490
57605629 30580176
58425588 14037490
2531303 14037490
2531303 40322605
2531303 30580176
2531303 57994202
2531303 57483981
2531303 32972680
559188171 14037490
50477240 14037490
73853289 14037490
152524241 14037490
152565365 14037490
152565365 65292021
154834985 14037490
581227420 14037490
833472992 14037490
152545333 14037490
84556862 14037490
