581104395 23518497
6947840 23518497
152594760 23518497
269794260 23518497
152957633 23518497
152930953 23518497
665819419 23518497
83920561 802182389
83920561 23518497
152808331 23518497
54313023 23518497
152954236 11928606
152954236 23518497
152564707 756496178
152564707 23518497
57651867 152914895
57651867 23518497
57651867 152574035
802182389 83920561
581417704 23518497
152658408 23518497
152914895 57651867
638095493 152564707
638095493 756496178
638095493 23518497
36790433 23518497
111010930 23518497
152913246 23518497
11928606 152954236
11928606 23518497
152891139 23518497
581908442 23518497
756496178 152564707
756496178 152658408
756496178 638095493
756496178 23518497
57645530 57651867
57645530 23518497
747984815 23518497
152574035 23518497
152574035 57651867
139356939 23518497
58436823 23518497
49541874 23518497
756503217 23518497
152788322 23518497
23518497 49541874
23518497 45213959
23518497 36790433
23518497 152913246
23518497 6947840
23518497 152930953
23518497 58436823
23518497 11928606
23518497 194428408
23518497 581908442
23518497 152957633
23518497 139356939
23518497 57651867
23518497 111010930
23518497 152891139
23518497 152788322
23518497 152658408
23518497 57645530
23518497 269794260
23518497 152594760
23518497 152564707
23518497 638095493
23518497 152808331
23518497 54313023
23518497 665819419
23518497 152954236
23518497 756503217
23518497 128093949
23518497 747984815
23518497 128389230
23518497 756496178
23518497 581104395
23518497 152574035
23518497 581417704
23518497 83920561
23518497 17212193
17212193 23518497
45213959 49541874
45213959 23518497
