421480021 76805532
421480021 152785290
152631531 152785290
557939505 76805532
421476501 199953180
223766246 76805532
32633090 76805532
32633090 109108802
112838172 76805532
152785290 152631531
152785290 76805532
152785290 421480021
109108802 76805532
109108802 32633090
111700108 76805532
58279366 76805532
298849063 147865784
298849063 76805532
421457115 76805532
421457115 147865784
123056604 147865784
123056604 76805532
123056604 24645258
828444567 76805532
35998222 76805532
20892545 76805532
199953180 421476501
199953180 377280743
199953180 76805532
24645258 76805532
24645258 123056604
24645258 147865784
833298017 76805532
147865784 109108802
147865784 76805532
147865784 199953180
147865784 298849063
147865784 123056604
147865784 421457115
147865784 24645258
58026269 76805532
127895035 76805532
10290525 76805532
377280743 76805532
9535785 76805532
36949398 76805532
36949398 377280743
58306012 76805532
