65396025 127171189
199901605 127171189
199901605 45041870
230928447 127171189
230928447 37185820
48680575 127171189
48680575 106442563
44271500 127171189
38654777 156566047
38654777 10032077
38654777 44650122
48710815 57125167
48710815 127171189
63607222 127171189
48707876 127171189
14259750 44650122
18095565 127171189
299087402 127171189
828089508 127171189
637022872 127171189
231256805 127171189
40195550 127171189
5039023 127171189
147874130 45049149
34201413 127171189
43789853 127171189
78365653 127171189
828290471 127171189
47985130 127171189
369820694 127171189
44483309 127171189
37185820 127171189
230984738 127171189
192507758 127171189
29466460 127171189
180168604 127171189
199822006 127171189
44253823 127171189
156566047 38654777
156566047 65396025
156566047 95177973
45026547 127171189
118331335 127171189
98941928 127171189
754509690 127171189
168630217 127171189
48448443 127171189
169255530 127171189
48697647 127171189
45052017 127171189
582576049 127171189
106442563 127171189
231746355 127171189
50818288 127171189
60275431 127171189
49327842 127171189
10032077 127171189
95177973 45041870
302891164 127171189
128359157 127171189
