117946317 17016633
117946317 10075640
349896975 215757790
167803911 52499336
167803911 216771795
9596966 215757790
9596966 17016633
9596966 421466135
9596966 216771795
9596966 10075640
398350530 215757790
152957263 5260935
152957263 215757790
701110645 421466135
701110645 90788499
701110645 216771795
701110645 215757790
152723167 215757790
73830675 10075640
73830675 215757790
73830675 17016633
215757790 90788499
215757790 152812216
215757790 636241061
215757790 152846816
215757790 363487928
215757790 398350530
421683156 421466135
421683156 215757790
149545979 82513675
149545979 421509162
149545979 783320421
149545979 216771795
363487928 215757790
581128220 52583126
253933660 421509162
253933660 421466135
253933660 52583126
253933660 17016633
253933660 10075640
253933660 215757790
253933660 783320421
164448589 215757790
164448589 421509162
164448589 10075640
581910846 215757790
421509162 421466135
421509162 149545979
421509162 216771795
421509162 164448589
421509162 10075640
421509162 783320421
421509162 152481665
52583126 581128220
52583126 215757790
52583126 152934153
52583126 253933660
216771795 701110645
216771795 215757790
364086768 215757790
90788499 421466135
90788499 701110645
90788499 215757790
90788499 9596966
82513675 783320421
82513675 149545979
152934153 215757790
52499336 167803911
52499336 10075640
152724816 215757790
636241061 421466135
636241061 215757790
636241061 216771795
421466135 701110645
421466135 215757790
421466135 9596966
421466135 421509162
421466135 783320421
421466135 253933660
152926206 215757790
582178049 10075640
582178049 421509162
582178049 215757790
582178049 17016633
295603629 10075640
295603629 17016633
119844957 10075640
119844957 215757790
152812216 215757790
152812216 216771795
152623263 5260935
152623263 10075640
5260935 152957263
5260935 215757790
81560885 215757790
580913948 10075640
580913948 215757790
152734462 152724816
152846816 215757790
17016633 48722192
17016633 152957263
17016633 582178049
17016633 119844957
17016633 73830675
17016633 295603629
17016633 152846816
17016633 581910846
17016633 215757790
17016633 98022407
17016633 9596966
17016633 117946317
17016633 10075640
17016633 253933660
48722192 152846816
48722192 215757790
48722192 10075640
53289650 215757790
10075640 17016633
10075640 98022407
10075640 117946317
10075640 215757790
10075640 582178049
10075640 48722192
10075640 164448589
10075640 152846816
10075640 152926206
10075640 581910846
10075640 580913948
10075640 364086768
10075640 154989892
10075640 9596966
10075640 119844957
10075640 73830675
10075640 52499336
10075640 295603629
10075640 349832527
10075640 756503217
10075640 149545979
10075640 152623263
10075640 152481665
10075640 253933660
154989892 215757790
154989892 10075640
756503217 215757790
152481665 215757790
152481665 421509162
152481665 783320421
152481665 253933660
783320421 216771795
783320421 149545979
783320421 253933660
783320421 82513675
783320421 152481665
783320421 215757790
783320421 421509162
783320421 421466135
98022407 215757790
98022407 10075640
