195681295 18952633
161801014 18952633
224328474 127747646
57425485 18952633
1769375 18952633
152801322 127747646
349802731 18952633
121375323 18952633
306346030 18952633
127747646 18952633
54367327 127747646
54367327 18952633
49060470 18952633
131166884 18952633
97137208 18952633
224544004 18952633
54248841 18952633
6558101 193361896
12492947 18952633
156590567 18952633
35604011 18952633
128557759 18952633
27860299 18952633
692752322 18952633
40026856 18952633
548977118 18952633
143911937 18952633
39856331 18952633
120272735 18952633
22218494 18952633
193361896 6558101
193361896 29737202
436151875 18952633
130329043 18952633
685162897 18952633
44748423 18952633
319186653 18952633
44457697 18952633
545780563 18952633
58376625 18952633
724143795 18952633
132626135 18952633
18149021 18952633
137816752 18952633
224473164 18952633
57343671 18952633
133817313 18952633
44325814 18952633
447685687 18952633
71312528 18952633
24483694 18952633
44152896 18952633
164354878 127747646
299111839 18952633
10183082 18149021
44817536 18952633
75246359 18952633
73504832 18952633
452134501 18952633
133748795 18952633
44379636 18952633
231160392 18952633
128128084 127747646
128128084 18149021
128128084 18952633
16227927 18149021
16227927 18952633
65376933 18952633
683932392 18952633
557166004 127747646
45039252 18952633
132348009 18952633
96144298 18952633
1516808 18952633
57485618 18952633
62352984 18952633
29737202 193361896
29737202 18952633
5282755 18952633
61259976 18952633
