171139460 127471447
77166531 127471447
267643055 127471447
475701178 127471447
258726333 127471447
295340788 231906463
259479250 127471447
787806355 127471447
145291189 127471447
295283389 127471447
244665148 127471447
280371311 127471447
288354549 127471447
570576979 127471447
274697758 107666000
114669371 127471447
230692396 127471447
298219435 127471447
42440440 127471447
9258244 127471447
234626904 127471447
584514471 127471447
72107746 127471447
253218725 127471447
231334134 127471447
241093589 127471447
72107896 127471447
54250472 127471447
338540214 127471447
217179822 127471447
836612494 127471447
260401615 127471447
295039921 127471447
107666000 127471447
107666000 274697758
250883798 127471447
199764329 127471447
241333288 127471447
233838776 127471447
228714017 127471447
143099304 127471447
154337317 127471447
239381247 127471447
150306522 127471447
148158645 127471447
613391273 127471447
290935245 127471447
97545833 127471447
12994295 127471447
154959963 127471447
29891521 127471447
296950259 127471447
244302027 127471447
49056335 127471447
49056335 241119728
8266437 127471447
60936952 127471447
610769198 127471447
159908636 127471447
261003387 127471447
128882045 127471447
218460155 127471447
820844553 127471447
149644841 127471447
285853414 127471447
230650137 127471447
234169693 127471447
155071924 127471447
237457614 127471447
278122773 127471447
359065416 127471447
359065416 150306522
240576948 127471447
57187927 127471447
295878183 127471447
281170691 127471447
18888880 127471447
238121075 127471447
143118901 127471447
238050124 127471447
756776999 127471447
263946813 127471447
278457295 127471447
163886022 127471447
142548382 127471447
294965681 127471447
243322826 127471447
231906463 295340788
237366718 127471447
257123914 127471447
722790005 127471447
