25531793 101699171
25531793 127166025
57651860 127166025
152726422 57645492
152726422 101699171
152726422 127166025
581246550 127166025
836614047 127166025
57653152 57645492
57653152 82325954
57653152 210192525
33490338 127166025
745742386 127166025
44770025 210216763
44770025 127166025
44770025 44174800
459459723 127166025
836613876 127166025
82325954 541457063
82325954 127166025
82325954 57653152
81485957 127166025
205334274 127166025
19427391 127166025
17387987 127166025
815072778 127166025
104625994 127166025
578920455 127166025
84675241 127166025
580893444 127166025
836613647 127166025
582831445 127166025
163552958 57645492
163552958 25136526
163552958 81485957
163552958 44174800
163552958 541457063
163552958 127166025
163552958 298858767
541505281 127166025
693147037 127166025
836614668 127166025
152702048 127166025
2347822 127166025
833559496 127166025
797996267 127166025
25136526 12848610
25136526 163552958
19145708 127166025
470688851 127166025
210201893 127166025
744487403 127166025
818143736 127166025
152912892 127166025
152912892 81485957
44894232 127166025
44174800 44770025
44174800 163552958
185692774 127166025
152784979 298858767
152784979 127166025
269159119 127166025
541457063 127166025
541457063 82325954
541457063 21224998
541457063 163552958
134395428 127166025
298858767 127166025
298858767 129951131
298858767 152784979
298858767 163552958
298858767 152577893
836041587 127166025
528729612 127166025
814965075 127166025
12848610 25136526
12848610 101699171
12848610 127166025
44754963 57645492
44754963 127166025
210201994 57645492
210201994 127166025
210201994 57649001
21224998 57645492
21224998 541457063
21224998 127166025
582034916 127166025
210216763 57645492
210216763 44770025
210216763 127166025
101699171 57645492
101699171 152726422
101699171 127166025
101699171 57649001
101699171 25531793
101699171 12848610
230926775 127166025
297377781 127166025
714161958 127166025
724596644 127166025
40475624 127166025
740423726 127166025
210192525 57645492
210192525 127166025
210192525 57653152
835915082 127166025
201182402 127166025
836612102 127166025
229824070 127166025
599223161 127166025
152577893 127166025
152577893 298858767
155856148 127166025
57645492 210216763
57645492 210201994
57645492 152726422
57645492 101699171
57645492 127166025
57645492 81485957
57645492 210192525
57645492 44754963
57645492 57649001
57645492 21224998
57645492 57653152
57645492 163552958
836612699 127166025
836612773 127166025
57649001 57645492
57649001 210201994
57649001 101699171
57649001 127166025
129951131 127166025
27488245 127166025
