152856958 19640227
152856958 39674749
152856958 57647215
57647277 57647215
57647277 65446813
152838865 57647215
39674749 210249390
39674749 47905985
39674749 57647215
39674749 152575709
39674749 45213110
39674749 57643548
39674749 20505016
39674749 13654871
39674749 210235860
39674749 152856958
541447515 57647215
541447515 152520924
541447515 13654871
57645378 57647215
57645378 13654871
57645378 57643548
57645378 58156232
210247014 45213110
210247014 57652910
210247014 41979263
152808927 57647215
581212405 57647215
152844808 210249390
152844808 57647215
152844808 57652910
152844808 57643548
152844808 82644444
57647215 210249390
57647215 210187153
57647215 152848312
57647215 47905985
57647215 484571069
57647215 215740277
57647215 107496454
57647215 39674749
57647215 581676621
57647215 581653606
57647215 152566604
57647215 152710182
57647215 58152912
57647215 152788075
57647215 104980809
57647215 152520924
57647215 19640227
57647215 57645378
57647215 60732536
57647215 836613217
57647215 13654871
57647215 58154810
57647215 152575709
57647215 45213110
57647215 67285168
57647215 210235860
57647215 172469376
57647215 581228512
57647215 500669950
57647215 2220112
57647215 541447515
57647215 581212405
57647215 644101565
57647215 700931757
57647215 57652910
57647215 210213511
57647215 152857926
57647215 152844808
57647215 581930638
57647215 57643548
57647215 152919593
57647215 20505016
57647215 210220972
57647215 210191676
57647215 634102865
57647215 152940920
57647215 57647277
57647215 82642444
57647215 41979263
57647215 581012470
57647215 98813016
57647215 58156232
57647215 152503079
57647215 58373834
57647215 13920478
57647215 581700510
57647215 298852154
57647215 82644444
57647215 152579462
57647215 8308583
57647215 152926042
57647215 133724223
57647215 99599602
57647215 93076028
57647215 152939432
57647215 65446813
57647215 50872940
57647215 152856958
210191676 57647215
65446813 47905985
65446813 20505016
65446813 57647215
65446813 13654871
65446813 45213110
65446813 57652910
65446813 57647277
65446813 57643548
65363304 45213110
152675030 107496454
152675030 19640227
152675030 57652910
152675030 152857926
152675030 152940920
104980809 57647215
104980809 13654871
99599602 57647215
99599602 57643548
99599602 58156232
20505016 47905985
20505016 107496454
20505016 39674749
20505016 57647215
20505016 152710182
20505016 13654871
20505016 57643548
20505016 210220972
20505016 13920478
20505016 82644444
20505016 93076028
20505016 65446813
836613217 57647215
152926042 57647215
152926042 152710182
152926042 172469376
152926042 13654871
152575709 47905985
152575709 39674749
152575709 57647215
152575709 152520924
210220972 57647215
210220972 145456208
210220972 20505016
634102865 57647215
98813016 57647215
98813016 152710182
98813016 13654871
98813016 75781865
152482076 152545072
152482076 57647215
152482076 13654871
152482076 601606557
210249390 107496454
210249390 39674749
210249390 57647215
210249390 19640227
210249390 172469376
210249390 152844808
210249390 581012470
210249390 152934701
581228512 57647215
13654871 47905985
13654871 57647215
13654871 104980809
13654871 19640227
13654871 541447515
13654871 581930638
13654871 57643548
13654871 20505016
13654871 98813016
13654871 13920478
13654871 298852154
13654871 82644444
13654871 210235860
13654871 39674749
13654871 93076028
13654871 152928205
13654871 65446813
13654871 50872940
152545072 152482076
172469376 210249390
172469376 57647215
172469376 152926042
107496454 210249390
107496454 57647215
107496454 152566604
107496454 152575709
107496454 45213110
107496454 67285168
107496454 152675030
107496454 57652910
107496454 20505016
107496454 41979263
107496454 58373834
75781865 152838913
75781865 19640227
75781865 98813016
210187153 57647215
210187153 57643548
8308583 57647215
58156232 57647215
58156232 57645378
58156232 99599602
82644444 57647215
82644444 152844808
82644444 57643548
82644444 20505016
82644444 13654871
82644444 93076028
57652910 107496454
57652910 57647215
57652910 152675030
57652910 152844808
57652910 210247014
57652910 57643548
57652910 152940920
57652910 13920478
57652910 65446813
152940920 57647215
152940920 581653606
152940920 19640227
152940920 152675030
152940920 57652910
152940920 13920478
210235860 57647215
210235860 57643548
210235860 13920478
210235860 13654871
210235860 39674749
210235860 152939432
19640227 210249390
19640227 57647215
19640227 152956658
19640227 45213110
19640227 152675030
19640227 152940920
19640227 75781865
19640227 152579462
19640227 152934701
19640227 152856958
152838913 57647215
152838913 75781865
50872940 700931757
50872940 57647215
50872940 13654871
58152912 57647215
2220112 57647215
2220112 581700510
2220112 13654871
2220112 152710182
644101565 57647215
152630090 145456208
152630090 45213110
152934701 82642444
152934701 58154810
152934701 19640227
152934701 210249390
41979263 107496454
41979263 57647215
41979263 145456208
41979263 152520924
41979263 45213110
41979263 210247014
41979263 57643548
58154810 57647215
58154810 152934701
581653606 57647215
298852154 57647215
298852154 13654871
700931757 57647215
700931757 45213110
700931757 58373834
700931757 50872940
58373834 107496454
58373834 57647215
58373834 700931757
58373834 581012470
60732536 57647215
60732536 13920478
13920478 57647215
13920478 145456208
13920478 60732536
13920478 13654871
13920478 210235860
13920478 57652910
13920478 57643548
13920478 20505016
13920478 152940920
13920478 93076028
210213511 57647215
133724223 57647215
152788075 57647215
152788075 152857926
152919593 57647215
581700510 57647215
581012470 210249390
581012470 57647215
581012470 58373834
93076028 57647215
93076028 45213110
93076028 152844808
93076028 20505016
93076028 13920478
93076028 82644444
93076028 13654871
93076028 65446813
145456208 215740277
145456208 45213110
145456208 152857926
145456208 57643548
145456208 210220972
145456208 41979263
145456208 13920478
145456208 152630090
145456208 152926042
145456208 152856958
47905985 57647215
47905985 152575709
47905985 20505016
47905985 65446813
152566604 107496454
152566604 57647215
152566604 57643548
140932994 13654871
484571069 57647215
152939432 57647215
152939432 210235860
152939432 57643548
152956658 19640227
57643548 210187153
57643548 39674749
57643548 57647215
57643548 152566604
57643548 152710182
57643548 145456208
57643548 104980809
57643548 57645378
57643548 13654871
57643548 67285168
57643548 210235860
57643548 172469376
57643548 57652910
57643548 152857926
57643548 152844808
57643548 20505016
57643548 152940920
57643548 41979263
57643548 13920478
57643548 82644444
57643548 99599602
57643548 152939432
57643548 65446813
45213110 65363304
45213110 107496454
45213110 39674749
45213110 57647215
45213110 145456208
45213110 152928205
45213110 152838913
45213110 19640227
45213110 13654871
45213110 58154810
45213110 700931757
45213110 210247014
45213110 41979263
45213110 152630090
45213110 93076028
45213110 65446813
581676621 57647215
152503079 57647215
82642444 57647215
82642444 210220972
82642444 152934701
152710182 57647215
152710182 57643548
152710182 20505016
152710182 152926042
152710182 2220112
601606557 152482076
152520924 57647215
152520924 152575709
152520924 541447515
152520924 41979263
152848312 57647215
500669950 57647215
581930638 57647215
581930638 13654871
67285168 57647215
67285168 57643548
152579462 57647215
152579462 19640227
215740277 57647215
215740277 145456208
