124045364 16913628
124045364 127312553
124045364 22424813
152713276 62531828
152713276 127312553
152713276 22424813
582482108 127312553
51302941 127312553
101697240 16913628
101697240 26976973
101697240 34911250
101697240 58245605
101697240 58107716
101697240 127312553
101697240 58159722
98876098 127312553
361792984 127312553
58338453 22424813
58338453 127312553
152904613 58159722
152904613 127312553
15058749 58159722
15058749 57649922
15058749 127312553
7919370 34911250
7919370 127312553
7919370 22424813
298836607 127312553
155817598 127312553
155817598 22424813
155817598 101697240
152572476 127312553
152572476 101697240
22424813 361792984
22424813 49344196
22424813 152898671
22424813 7919370
22424813 16913628
22424813 34911250
22424813 13079622
22424813 152713276
22424813 298830022
22424813 101696860
22424813 58245605
22424813 65501298
22424813 24604993
22424813 101697240
22424813 129495269
22424813 127312553
22424813 581910696
22424813 124045364
22424813 30145498
22424813 44522892
22424813 18046276
22424813 124707050
22424813 58159722
22424813 58148894
22424813 152630300
131292380 127312553
154855656 127312553
58107702 127312553
62531828 58159722
62531828 152713276
62531828 127312553
62531828 18046276
26976973 129495269
26976973 16913628
26976973 58159722
26976973 58107716
26976973 127312553
26976973 101697240
26976973 298830022
26976973 101696860
26976973 58245605
26976973 65501298
26976973 18046276
26976973 7643941
127312553 16913628
210282294 22424813
210282294 58159722
18046276 62531828
18046276 298858121
18046276 152702027
18046276 16913628
18046276 26976973
18046276 298836153
18046276 58245605
18046276 58107716
18046276 44760234
18046276 44522892
18046276 58159722
152798171 127312553
214533730 127312553
539933887 127312553
298858121 127312553
44760234 131292380
44760234 34911250
44760234 127312553
44760234 58159722
152898671 34911250
152898671 127312553
152898671 22424813
57649922 15058749
57649922 57650156
19213980 127312553
562215898 127312553
562215898 22424813
65501298 26976973
65501298 127312553
65501298 22424813
836613545 22424813
124707050 34911250
124707050 127312553
124707050 22424813
129495269 26976973
129495269 34911250
129495269 127312553
129495269 22424813
30145498 127312553
58159722 62531828
58159722 152702027
58159722 16913628
58159722 26976973
58159722 152904613
58159722 101696860
58159722 58245605
58159722 101697240
58159722 58107716
58159722 210282294
58159722 44760234
58159722 127312553
58159722 18046276
58159722 7643941
539041335 127312553
539041335 57650156
215747717 127312553
24604993 34911250
24604993 127312553
24604993 22424813
13079622 131292380
13079622 127312553
13079622 22424813
49344196 127312553
49344196 22424813
54256547 581910696
54256547 58159722
101696860 58159722
101696860 26976973
101696860 127312553
101696860 22424813
101696860 154855656
152926256 127312553
152926256 57650156
58148894 16913628
58148894 127312553
58148894 22424813
581602972 22424813
581602972 127312553
34911250 129495269
34911250 44760234
34911250 152898671
34911250 298858121
34911250 7919370
34911250 73403647
34911250 13079622
34911250 127312553
34911250 22424813
34911250 124707050
34911250 101697240
34911250 24604993
34911250 152630300
833347763 152670926
16913628 58159722
16913628 58107716
16913628 26976973
16913628 127312553
16913628 58245605
16913628 93736654
16913628 7643941
93736654 16913628
93736654 127312553
93736654 7643941
67521846 58159722
67521846 58107716
67521846 127312553
67521846 24604993
152432285 127312553
44522892 22424813
44522892 127312553
44522892 18046276
45371664 127312553
45371664 129495269
7643941 16913628
7643941 93736654
7643941 127312553
7643941 58159722
7643941 26976973
581001548 127312553
581001548 22424813
374504999 127312553
58492094 58159722
58245605 16913628
58245605 58159722
58245605 26976973
58245605 127312553
58245605 22424813
58245605 101697240
110894981 127312553
601688352 127312553
2347984 58159722
73403647 34911250
73403647 127312553
73403647 22424813
73403647 57650156
58107716 67521846
58107716 16913628
58107716 26976973
58107716 101697240
58107716 127312553
58107716 58159722
152818886 16913628
152818886 58159722
152818886 127312553
35587716 127312553
402714614 127312553
57650156 26976973
57650156 73403647
57650156 57649922
57650156 539041335
57650156 127312553
57650156 22424813
57650156 152926256
298830022 58159722
298830022 26976973
298830022 127312553
298830022 22424813
152630300 127312553
20236791 127312553
58292298 127312553
58292298 58159722
298836153 18046276
10442470 127312553
10442470 298836153
152702027 58159722
152702027 127312553
152702027 18046276
152670926 127312553
152670926 22424813
152670926 833347763
421623564 127312553
