32367793 83638503
32367793 4831450
32367793 49348667
10346300 49348667
65258874 49348667
14324719 25938800
14324719 32367793
14324719 83638503
14324719 49348667
124686786 49348667
83638503 32367793
83638503 49348667
152577210 49851451
152577210 155346420
152577210 83638503
152577210 49348667
152577210 152663144
155346420 25938800
155346420 155505922
155346420 58370231
155346420 83638503
415631581 32367793
415631581 83638503
415631581 49348667
128470995 25938800
128470995 49348667
128470995 155505922
128470995 83638503
49851451 49348667
49851451 155505922
49851451 58370231
49851451 152577210
49851451 128470995
49851451 155346420
49851451 25938800
83434760 32367793
17813106 25938800
17813106 32367793
17813106 65258874
17813106 128470995
17813106 83638503
17813106 58370231
17813106 155505922
17813106 49348667
4831450 32367793
58370231 49851451
58370231 25938800
58370231 155346420
58370231 17813106
58370231 83638503
58370231 152663144
25938800 155346420
25938800 128470995
25938800 17813106
25938800 14324719
25938800 83638503
25938800 58370231
25938800 155505922
25938800 49348667
155505922 25938800
155505922 155346420
155505922 128470995
155505922 49348667
155505922 83638503
49348667 14324719
49348667 83638503
49348667 25938800
49348667 65258874
49348667 32367793
49348667 155505922
49348667 17813106
49348667 128470995
69578563 25938800
69578563 152663144
152663144 152577210
152663144 25938800
152663144 83638503
152663144 155505922
152663144 17813106
152663144 58370231
152663144 155346420
152663144 49348667
43756935 32367793
152571324 32367793
152577250 32367793
54653101 49348667
79847153 32367793
52390628 32367793
52390628 83638503
52390628 49348667
