58158059 127233093
57070723 15412776
54309322 602513722
54309322 127233093
54309322 57068458
54309322 316317175
54309322 57069520
54309322 163552958
57068458 602572540
57068458 299608229
57068458 163891351
57068458 57067787
57068458 57068100
57068458 127233093
57068458 57494657
57068458 57069520
580964869 57068895
580964869 57068400
580964869 57070111
580964869 49223694
580964869 127233093
580964869 302060542
580964869 316317175
60478868 152523444
57070476 127233093
57070476 57069520
57070476 57491629
57068400 580964869
57068400 57070111
57068400 316317175
58340264 127233093
58340264 60478868
57068895 57068400
57068895 299608229
57068895 580964869
57068895 163552958
57068895 57068778
57068895 163891351
57068895 57243352
57068895 127233093
57068895 57068458
57068895 57069520
57068895 666017668
57068895 302060542
57068895 211430917
38431318 127233093
155852182 127233093
49223694 580964869
49223694 127233093
49223694 211430917
49223694 316317175
57747803 127233093
15412776 299608229
15412776 57070111
15412776 49223694
15412776 57067787
15412776 57234914
15412776 316317175
15412776 57070723
15412776 57747803
15412776 57068778
15412776 302060542
15412776 57494657
127498629 127233093
127498629 57491629
57068778 57068895
57068778 57494657
602511005 54309322
602511005 127233093
175152006 127233093
175152006 152601400
581284321 127233093
134234387 127233093
316317175 57068400
316317175 602513722
316317175 299608229
316317175 580964869
316317175 163552958
316317175 15412776
148828752 127233093
602513722 316317175
57067787 299608229
57067787 49898102
57067787 57491629
57067787 127233093
57067787 57494657
57067787 57068458
163552958 57068895
163552958 127233093
163552958 57494657
163552958 215743450
163552958 216087847
163552958 601626171
163552958 152674490
163552958 57491629
163552958 152523444
163552958 166867717
163552958 602513722
163552958 57068458
163552958 127498629
163552958 57067787
163552958 54309322
163552958 316317175
163552958 152601400
152523444 127233093
152523444 60478868
152523444 163552958
582487731 127233093
57068100 302060542
57068100 57068458
57068100 127233093
57494657 57068458
57494657 163552958
152674490 127233093
152674490 163552958
574716831 127233093
299608229 15412776
299608229 316317175
299608229 57068458
163891351 57068895
163891351 57068458
163891351 127233093
57491629 166867717
57491629 127498629
57491629 111463541
57491629 57067787
57491629 127233093
57491629 163552958
49898102 57067787
75710979 574716831
360228155 127233093
299516961 127233093
666017668 57068895
666017668 57070111
666017668 127233093
57069520 57068895
57069520 57491629
57069520 57070476
57069520 57070111
57069520 57243352
57069520 127233093
57069520 57068458
57069520 54309322
117987701 127233093
589131042 127233093
58027423 127233093
581911808 127233093
601626171 57070111
601626171 127233093
601626171 163552958
111463541 57491629
111463541 127233093
57069207 299608229
57069207 57068778
57069207 127233093
57069207 57494657
57069207 316317175
57069207 302060542
602572540 57068458
215743450 163552958
645870742 57491629
152601400 175152006
152601400 163552958
57243352 57068895
57243352 127233093
57243352 57069520
302060542 57068895
302060542 127233093
302060542 15412776
216087847 127233093
216087847 602513722
608287053 127233093
228603926 127233093
152814883 127233093
317693528 127233093
57070111 57068400
57070111 602513722
57070111 580964869
57070111 216087847
57070111 601626171
57070111 54309322
57070111 57070476
57070111 57068100
57070111 127233093
57070111 57494657
57070111 57068458
57070111 57069520
57070111 666017668
57070111 316317175
57070111 211430917
57070111 15412776
86119432 127233093
