36625092 127396945
814941109 578786144
68951452 127396945
578723562 578786144
578723562 338038978
578723562 699061449
578723562 127396945
365149750 127396945
699061449 578786144
699061449 127396945
699061449 578723562
33078111 127396945
820174687 733125
465231168 127396945
578881473 127396945
177227530 578786144
177227530 127396945
528250267 699061449
579300455 127396945
134225641 127396945
529159572 733125
733125 39037410
733125 164379995
578777666 127396945
48542170 127396945
189973899 127353502
468345402 127396945
268903780 127396945
371773744 127396945
421459931 434665693
578786144 338038978
578786144 699061449
578786144 578723562
578786144 814941109
578786144 127396945
140322549 127396945
124768015 127396945
814941491 127396945
152481360 127396945
39037410 733125
57650201 152480030
440866221 127396945
579260835 127396945
448894936 127396945
113610044 127396945
69276408 733125
69276408 164379995
368644737 127396945
2255124 127396945
745794263 127396945
579036911 127396945
242845245 127396945
64504500 127396945
152480030 127396945
152480030 57650201
578743696 127396945
120593929 127396945
127702139 733125
497308135 127396945
59464714 733125
338038978 578786144
338038978 699061449
338038978 578723562
338038978 113610044
434665693 127396945
350327069 127396945
578734699 127396945
78844775 127396945
578743446 127396945
164379995 733125
164379995 69276408
812472451 81973637
836612923 127396945
57836531 127396945
232618562 127396945
455521596 127396945
578965242 127396945
24070079 127396945
152727971 582239526
579353277 127396945
