57348893 127522605
57348893 127262656
57348893 127554243
128731991 127522605
128731991 127554243
128731991 127262656
128731991 59990798
128731991 66986605
34566074 127522605
34566074 456009957
547253494 127522605
547253494 127262656
225419339 127522605
225419339 127262656
225419339 59990798
32879817 127522605
32879817 127554243
32879817 127262656
32879817 836614941
134872322 159908980
134872322 127554243
121692908 127554243
129613073 127522605
129613073 127554243
42440158 127522605
42440158 127554243
42440158 127262656
218219561 127522605
218219561 127554243
218219561 127262656
218219561 59990798
218219561 66986605
253888208 127554243
253888208 66986605
253888208 127262656
300221429 127554243
300221429 127262656
449691864 127262656
449691864 127554243
159908980 127262656
159908980 127554243
159908980 127522605
59990798 127522605
59990798 127554243
59990798 66986605
66986605 127522605
66986605 127554243
66986605 127262656
66986605 138781242
372237988 127554243
372237988 127262656
372237988 54185370
372237988 66986605
155717917 127554243
155717917 127262656
155717917 452384757
217176315 127554243
127522605 127554243
127522605 127262656
166858636 127554243
166858636 127262656
166858636 138781242
48948062 127522605
48948062 127554243
48948062 127262656
9247253 127554243
9247253 127262656
9247253 33415002
9247253 66986605
44836603 127522605
44836603 54185370
44836603 225413753
54386868 127554243
54386868 127262656
299553410 127554243
299553410 127262656
299553410 452384757
127554243 127522605
127554243 127262656
73580245 127262656
155768002 127554243
155768002 127262656
127262656 127522605
127262656 127554243
127262656 138781242
127262656 66986605
212632351 127522605
212632351 127554243
212632351 127262656
212632351 59990798
128183478 127522605
128183478 127554243
128183478 127262656
138781242 127522605
138781242 127554243
138781242 127262656
138781242 59990798
138781242 9247253
138781242 66986605
225419795 127554243
225419795 127262656
161096215 127522605
161096215 127554243
161096215 127262656
7103589 127554243
44863589 127522605
44863589 127554243
44863589 127262656
44863589 66986605
44863589 44836603
452384757 127554243
452384757 59990798
452384757 299553410
323643592 127554243
323643592 127262656
131117736 127554243
131117736 127262656
131117736 33415002
37145040 127522605
37145040 127554243
37145040 127262656
83195819 127554243
83195819 127262656
56036255 127262656
56036255 127554243
56036255 127522605
29528814 77110004
29528814 127522605
29528814 127554243
29528814 127262656
29528814 13696155
29528814 452384757
29528814 66986605
456009957 127262656
456009957 34566074
18584597 127522605
18584597 127554243
18584597 452384757
57360859 127522605
57360859 127554243
57360859 127262656
57360859 66986605
54185370 127522605
54185370 127554243
54185370 127262656
54185370 13696155
54185370 372237988
33415002 127522605
33415002 127554243
33415002 127262656
33415002 9247253
33415002 131117736
77110004 127522605
77110004 127262656
77110004 138781242
77110004 66986605
77110004 129613073
77110004 29528814
13696155 29528814
44410317 127522605
44410317 127554243
44410317 127262656
44410317 66986605
