4032341 12227036
4032341 16869486
4032341 56971184
69099285 16869486
69099285 2213803
69099285 12014282
69099285 67855813
69099285 7993908
69099285 12665809
69099285 129953078
69099285 13633392
69099285 57237530
69099285 68948459
69099285 54335162
69099285 56920431
69099285 54431353
69099285 54436917
69099285 52135141
69099285 20194388
69099285 52549778
69099285 54433682
69099285 57595664
69099285 83560145
69099285 56971184
69099285 56970883
69099285 13657306
69099285 45412725
69099285 56540955
69099285 56971192
69099285 54615431
69099285 45385716
69099285 127809237
69099285 54437425
69099285 54680941
69099285 31728388
69099285 54438064
69099285 45480070
69099285 52060088
69099285 130283172
69099285 12227036
69099285 31764955
161144187 31728388
161144187 45385716
161144187 56971192
161144187 54434546
161144187 5227303
161144187 31764955
54433266 16869486
54433266 31764955
54433266 45385716
54433266 56971192
54433266 12665809
54433266 56540955
54433266 12014282
54433266 54437425
54433266 54355377
54433266 54431353
54433266 12227036
54335162 54431353
54335162 12014282
54335162 55002582
54335162 8982013
54335162 45385716
54335162 54438064
54335162 13657306
54335162 49017552
54335162 54674811
54335162 56971192
54335162 13633392
54335162 54436917
54335162 56540955
54335162 54434546
54335162 54433682
54335162 57595664
54335162 56971184
54335162 52135141
54335162 169536004
54335162 2213803
54335162 16869486
54335162 54355377
54335162 129953078
54335162 54437425
54335162 67855813
54335162 69099285
54335162 52060088
54335162 130283172
54335162 12227036
605206053 12014282
605206053 54355377
605206053 8982013
605206053 45385716
56970883 54433682
56970883 54436917
56970883 54438064
56970883 54436131
56970883 55002582
56970883 38542128
56970883 56920431
56970883 12014282
56970883 13633392
56970883 45385716
56970883 169536004
56970883 2213803
56970883 836410748
56970883 54438913
56970883 69099285
56970883 12227036
130283172 54431353
130283172 7993908
130283172 2213803
130283172 52060088
130283172 16869486
130283172 67855813
130283172 54433682
130283172 55002582
130283172 69099285
130283172 13657306
130283172 12014282
130283172 57237530
130283172 52135141
130283172 83560145
130283172 54436917
130283172 20194388
130283172 5227303
130283172 12227036
49306324 56540955
49306324 54631067
49306324 54431353
49306324 2213803
49306324 12014282
49306324 56971192
49306324 31728388
49306324 7993908
49306324 54437407
49306324 54355377
49306324 45385716
49306324 49017552
49306324 16869486
49306324 67855813
49306324 54436917
49306324 12665809
49306324 12227036
54436917 12014282
54436917 54615431
54436917 13657306
54436917 56373868
54436917 49017552
54436917 54674811
54436917 45412725
54436917 31728388
54436917 15465317
54436917 68948459
54436917 56540955
54436917 54438064
54436917 57234158
54436917 57595664
54436917 56971377
54436917 605206053
54436917 45141920
54436917 54431353
54436917 45385716
54436917 8982013
54436917 54631067
54436917 13633392
54436917 54437386
54436917 54433682
54436917 56920431
54436917 55002582
54436917 56971192
54436917 54335162
54436917 54437407
54436917 54680941
54436917 56970883
54436917 52135141
54436917 169536004
54436917 2213803
54436917 16869486
54436917 130281786
54436917 54355377
54436917 7993908
54436917 54437425
54436917 52071073
54436917 54438913
54436917 67855813
54436917 49025472
54436917 69099285
54436917 52060088
54436917 169529037
54436917 36210612
54436917 130283172
54436917 49306324
54436917 5227303
54436917 12227036
54436917 31764955
142748923 54433682
142748923 12665809
142748923 16869486
12665809 68948459
12665809 12014282
12665809 127809237
12665809 54674811
12665809 57234158
12665809 49017552
12665809 54438064
12665809 56540955
12665809 54431353
12665809 45385716
12665809 13633392
12665809 23534265
12665809 10601517
12665809 56920431
12665809 56971192
12665809 57237530
12665809 54680941
12665809 56971184
12665809 52135141
12665809 2213803
12665809 16869486
12665809 20194388
12665809 54355377
12665809 7993908
12665809 54438913
12665809 69099285
12665809 36210612
12665809 49306324
12665809 12227036
68948459 127809237
68948459 12014282
68948459 54615431
68948459 12665809
68948459 54436917
68948459 13633392
68948459 56971192
68948459 2213803
68948459 20194388
68948459 54355377
68948459 7993908
68948459 129953078
68948459 67855813
68948459 69099285
68948459 36210612
68948459 12227036
68948459 31764955
49839296 54438064
49839296 12227036
49839296 54437425
49017552 12014282
49017552 57234158
49017552 15465317
49017552 57595664
49017552 12665809
49017552 56540955
49017552 31728388
49017552 54436917
49017552 54431353
49017552 45385716
49017552 8982013
49017552 13633392
49017552 54433682
49017552 56971192
49017552 54335162
49017552 56971184
49017552 52135141
49017552 2213803
49017552 16869486
49017552 54355377
49017552 54437425
49017552 54438913
49017552 67855813
49017552 49306324
49017552 12227036
49017552 31764955
5227303 54436917
5227303 49025472
5227303 54437425
5227303 67855813
5227303 56971192
5227303 45385716
5227303 12014282
5227303 52060088
5227303 54438064
5227303 16869486
5227303 161144187
5227303 130283172
5227303 56540955
5227303 12227036
56971184 56920431
56971184 13657306
56971184 54431353
56971184 140486593
56971184 13633392
56971184 12014282
56971184 55002582
56971184 12665809
56971184 2213803
56971184 16869486
56971184 20194388
56971184 54355377
56971184 67855813
56971184 69099285
56971184 52060088
56971184 68934628
56971184 12227036
54623677 16869486
7993908 13657306
7993908 55002582
7993908 2213803
7993908 20194388
7993908 12014282
7993908 16869486
7993908 130281786
7993908 56971192
7993908 54433682
7993908 45412725
7993908 12665809
7993908 54436917
7993908 8982013
7993908 68948459
7993908 56540955
7993908 13633392
7993908 45385716
7993908 54431353
7993908 54355377
7993908 54438913
7993908 67855813
7993908 69099285
7993908 52060088
7993908 36210612
7993908 130283172
7993908 49306324
7993908 68934628
7993908 12227036
10601517 12014282
10601517 56540955
10601517 13633392
10601517 16869486
54438064 57234158
54438064 555273544
54438064 127809237
54438064 12014282
54438064 56540955
54438064 31728388
54438064 54436917
54438064 54431353
54438064 45385716
54438064 8982013
54438064 13633392
54438064 52549778
54438064 56971192
54438064 54434546
54438064 2213803
54438064 54355377
54438064 54437425
54438064 52071073
54438064 54438913
54438064 67855813
54438064 69099285
54438064 52060088
54438064 68934628
54438064 12227036
54438064 31764955
52060088 54431353
52060088 13633392
52060088 83560145
52060088 54355377
52060088 13657306
52060088 16869486
52060088 54335162
52060088 56920431
52060088 20194388
52060088 7993908
52060088 2213803
52060088 54433682
52060088 12014282
52060088 69099285
52060088 129953078
52060088 45385716
52060088 15465317
52060088 54438064
52060088 57234158
52060088 130281786
52060088 56540955
52060088 54674811
52060088 45480070
52060088 52135141
52060088 57595664
52060088 31728388
52060088 57237530
52060088 56971192
52060088 54436917
52060088 52071073
52060088 5227303
52060088 12227036
52060088 31764955
15465317 12014282
15465317 49017552
15465317 54438064
15465317 57595664
15465317 54674811
15465317 56540955
15465317 54436917
15465317 54431353
15465317 45385716
15465317 13633392
15465317 54433682
15465317 56971192
15465317 57237530
15465317 56971184
15465317 2213803
15465317 16869486
15465317 130281786
15465317 54355377
15465317 129953078
15465317 67855813
15465317 49025472
15465317 52060088
15465317 12227036
15465317 31764955
13633392 12014282
13633392 12665809
13633392 13657306
13633392 45385716
13633392 57234158
13633392 54436917
13633392 49017552
13633392 57595664
13633392 56540955
13633392 38542128
13633392 15465317
13633392 54674811
13633392 45412725
13633392 54431353
13633392 56971377
13633392 52543726
13633392 68948459
13633392 54438064
13633392 10601517
13633392 54433682
13633392 56920431
13633392 55002582
13633392 56971192
13633392 57237530
13633392 54335162
13633392 54680941
13633392 56970883
13633392 56971184
13633392 52135141
13633392 169536004
13633392 2213803
13633392 16869486
13633392 54355377
13633392 7993908
13633392 129953078
13633392 54437425
13633392 54438913
13633392 67855813
13633392 69099285
13633392 52060088
13633392 68934628
13633392 12227036
13633392 31764955
55002582 56540955
55002582 54436917
55002582 13633392
55002582 56970883
55002582 54355377
55002582 129953078
55002582 52071073
55002582 130283172
55002582 12227036
57595664 15465317
57595664 49017552
57595664 56971377
57595664 13657306
57595664 12014282
57595664 54674811
57595664 12665809
57595664 56540955
57595664 54436917
57595664 54431353
57595664 45385716
57595664 13633392
57595664 54433682
57595664 56920431
57595664 52549778
57595664 56971192
57595664 54335162
57595664 56971184
57595664 52135141
57595664 2213803
57595664 16869486
57595664 20194388
57595664 130281786
57595664 54355377
57595664 129953078
57595664 67855813
57595664 69099285
57595664 52060088
57595664 12227036
57595664 31764955
57332705 12227036
36210612 68948459
36210612 7993908
36210612 12665809
36210612 54437425
36210612 54436917
36210612 12014282
36210612 12227036
49025232 57234158
49025232 12014282
49025232 12227036
49025232 12665809
169529037 45385716
169529037 12014282
169529037 56971192
169529037 54436917
13657306 12014282
13657306 83560145
13657306 12665809
13657306 56540955
13657306 54436917
13657306 54431353
13657306 140486593
13657306 45385716
13657306 8982013
13657306 13633392
13657306 54433682
13657306 56971192
13657306 54436131
13657306 56971184
13657306 52135141
13657306 2213803
13657306 16869486
13657306 54355377
13657306 7993908
13657306 54437425
13657306 52071073
13657306 67855813
13657306 69099285
13657306 52060088
13657306 130283172
13657306 12227036
82036729 45385716
82036729 2213803
82036729 16869486
82036729 20194388
20194388 54431353
20194388 12014282
20194388 16869486
20194388 12665809
20194388 56971184
20194388 2213803
20194388 68948459
20194388 54433682
20194388 8982013
20194388 83560145
20194388 54680941
20194388 57237530
20194388 45385716
20194388 52543726
20194388 54355377
20194388 7993908
20194388 67855813
20194388 69099285
20194388 52060088
20194388 130283172
20194388 12227036
57459132 54431353
57459132 31764955
57459132 12014282
57459132 45385716
57459132 54434546
57459132 54355377
110637343 56971377
110637343 12014282
110637343 52549778
110637343 16869486
110637343 54355377
110637343 54437425
110637343 12227036
31764955 38542128
31764955 45412725
31764955 12665809
31764955 45141920
31764955 57459132
31764955 56920431
31764955 52549778
31764955 7993908
31764955 54437425
31764955 54433266
31764955 54431353
31764955 57234158
31764955 2213803
31764955 54355377
31764955 15465317
31764955 54436917
31764955 129953078
31764955 13633392
31764955 54433682
31764955 12227036
31764955 56971192
31764955 16869486
31764955 12014282
31764955 45385716
31764955 103959860
31764955 68948459
31764955 8982013
31764955 54631067
31764955 68934628
31764955 54438913
31764955 56540955
31764955 69099285
31764955 31728388
31764955 52060088
31764955 54436131
31764955 52135141
31764955 49017552
31764955 67855813
31764955 54438064
31764955 161144187
31764955 54615431
31764955 13657306
54436166 45385716
54436166 12227036
57237530 82036729
57237530 12014282
57237530 12665809
57237530 13633392
57237530 54674811
57237530 54438064
57237530 56971192
57237530 56540955
57237530 15465317
57237530 45385716
57237530 56920431
57237530 110637343
57237530 54431353
57237530 56971184
57237530 2213803
57237530 16869486
57237530 20194388
57237530 54355377
57237530 7993908
57237530 54437425
57237530 54438913
57237530 69099285
57237530 52060088
57237530 130283172
57237530 68934628
57237530 12227036
44981302 52543726
45141920 45412725
45141920 54436917
45141920 56971192
45141920 129953078
45141920 54437425
56920431 54431353
56920431 12014282
56920431 54433682
56920431 45480070
56920431 12665809
56920431 57595664
56920431 54436917
56920431 45385716
56920431 56971192
56920431 57237530
56920431 54437407
56920431 54680941
56920431 52135141
56920431 2213803
56920431 16869486
56920431 54355377
56920431 67855813
56920431 69099285
56920431 52060088
56920431 12227036
56373868 12014282
56373868 54674811
56373868 54436917
56373868 54431353
56373868 45480070
56373868 45385716
56373868 56971192
56373868 169536004
56373868 54355377
56373868 52071073
56373868 12227036
52071073 13657306
52071073 54438064
52071073 56373868
52071073 54436917
52071073 55002582
52071073 169536004
52071073 2213803
52071073 56540955
52071073 54355377
52071073 54437425
52071073 56971184
52071073 20194388
52071073 56971192
52071073 83560145
52071073 8982013
52071073 54433682
52071073 129953078
52071073 12014282
52071073 54438913
52071073 52060088
52071073 12227036
52071073 31764955
54437407 54436917
54437407 12014282
54437407 56920431
54437407 16869486
54437407 54355377
54437407 49306324
54437407 12227036
8982013 12014282
8982013 54438064
8982013 83560145
8982013 13657306
8982013 31764955
8982013 54436917
8982013 54431353
8982013 605206053
8982013 45385716
8982013 56540955
8982013 56971192
8982013 54335162
8982013 2213803
8982013 16869486
8982013 20194388
8982013 54355377
8982013 7993908
8982013 129953078
8982013 54438913
8982013 12227036
127809237 68948459
127809237 12014282
127809237 54438064
127809237 12665809
127809237 56540955
127809237 54436131
127809237 56971184
127809237 16869486
127809237 54355377
127809237 67855813
127809237 69099285
127809237 12227036
54431353 15465317
54431353 12014282
54431353 12665809
54431353 13657306
54431353 83560145
54431353 54438064
54431353 54436917
54431353 56373868
54431353 49017552
54431353 56540955
54431353 54674811
54431353 57595664
54431353 45480070
54431353 45385716
54431353 8982013
54431353 13633392
54431353 54433682
54431353 56920431
54431353 52549778
54431353 56971192
54431353 57237530
54431353 54434546
54431353 54335162
54431353 54437407
54431353 54680941
54431353 56971184
54431353 52135141
54431353 169536004
54431353 2213803
54431353 16869486
54431353 20194388
54431353 130281786
54431353 54355377
54431353 7993908
54431353 129953078
54431353 54437425
54431353 54438913
54431353 67855813
54431353 49025472
54431353 69099285
54431353 52060088
54431353 130283172
54431353 49306324
54431353 68934628
54431353 12227036
54431353 31764955
83560145 12014282
83560145 13657306
83560145 52543726
83560145 12665809
83560145 54431353
83560145 140486593
83560145 45385716
83560145 8982013
83560145 13633392
83560145 54433682
83560145 52549778
83560145 55002582
83560145 52135141
83560145 2213803
83560145 16869486
83560145 20194388
83560145 130281786
83560145 54355377
83560145 67855813
83560145 69099285
83560145 52060088
83560145 130283172
83560145 12227036
2213803 13657306
2213803 12014282
2213803 15465317
2213803 13633392
2213803 54431353
2213803 82036729
2213803 54433682
2213803 54680941
2213803 83560145
2213803 57237530
2213803 56920431
2213803 57595664
2213803 56971184
2213803 52549778
2213803 52135141
2213803 54436917
2213803 12665809
2213803 45385716
2213803 68948459
2213803 56971192
2213803 54438064
2213803 31728388
2213803 54615431
2213803 49017552
2213803 54434546
2213803 8982013
2213803 54674811
2213803 56971377
2213803 56540955
2213803 16869486
2213803 20194388
2213803 54355377
2213803 7993908
2213803 129953078
2213803 54437425
2213803 52071073
2213803 54438913
2213803 67855813
2213803 49025472
2213803 69099285
2213803 52060088
2213803 130283172
2213803 49306324
2213803 12227036
2213803 31764955
52543726 83560145
52543726 13633392
52543726 44981302
31728388 12665809
31728388 45412725
31728388 54615431
31728388 54438064
31728388 56540955
31728388 49017552
31728388 161144187
31728388 12014282
31728388 54436917
31728388 45141920
31728388 54431353
31728388 45385716
31728388 13633392
31728388 54433682
31728388 56971192
31728388 56971184
31728388 52135141
31728388 2213803
31728388 16869486
31728388 130281786
31728388 54355377
31728388 54437425
31728388 67855813
31728388 69099285
31728388 52060088
31728388 49306324
31728388 5227303
31728388 12227036
31728388 31764955
52135141 54431353
52135141 13633392
52135141 12014282
52135141 52549778
52135141 54433682
52135141 45385716
52135141 57234158
52135141 45412725
52135141 54436917
52135141 49017552
52135141 57595664
52135141 54335162
52135141 56971192
52135141 13657306
52135141 83560145
52135141 56540955
52135141 31728388
52135141 56920431
52135141 54674811
52135141 169536004
52135141 2213803
52135141 16869486
52135141 54355377
52135141 67855813
52135141 49025472
52135141 69099285
52135141 52060088
52135141 130283172
52135141 12227036
52135141 31764955
68934628 57234158
68934628 54674811
68934628 7993908
68934628 54355377
68934628 54431353
68934628 12014282
68934628 56971192
68934628 54437425
68934628 45385716
68934628 16869486
68934628 12665809
68934628 12227036
68934628 31764955
45385716 56373868
45385716 83560145
45385716 54436917
45385716 54674811
45385716 12014282
45385716 15465317
45385716 13657306
45385716 12665809
45385716 54431353
45385716 82036729
45385716 54615431
45385716 49017552
45385716 161144187
45385716 57595664
45385716 45412725
45385716 57234158
45385716 54438064
45385716 57459132
45385716 56540955
45385716 31728388
45385716 38542128
45385716 605206053
45385716 8982013
45385716 54631067
45385716 13633392
45385716 54433682
45385716 56920431
45385716 52549778
45385716 56971192
45385716 57237530
45385716 54434546
45385716 54335162
45385716 54680941
45385716 56970883
45385716 52135141
45385716 169536004
45385716 2213803
45385716 16869486
45385716 20194388
45385716 130281786
45385716 54355377
45385716 7993908
45385716 129953078
45385716 54438913
45385716 67855813
45385716 49025472
45385716 69099285
45385716 52060088
45385716 169529037
45385716 54433266
45385716 49306324
45385716 5227303
45385716 68934628
45385716 12227036
45385716 31764955
67855813 2213803
67855813 13657306
67855813 56971184
67855813 54431353
67855813 13633392
67855813 12014282
67855813 54355377
67855813 56920431
67855813 54680941
67855813 7993908
67855813 83560145
67855813 20194388
67855813 54433682
67855813 45385716
67855813 52135141
67855813 56540955
67855813 82036729
67855813 169536004
67855813 54674811
67855813 54335162
67855813 54438913
67855813 49017552
67855813 16869486
67855813 54436917
67855813 127809237
67855813 15465317
67855813 54438064
67855813 54437425
67855813 56971192
67855813 68948459
67855813 69099285
67855813 52060088
67855813 130283172
67855813 49306324
67855813 68934628
67855813 12227036
67855813 31764955
38542128 31764955
38542128 54674811
38542128 45385716
38542128 12227036
38542128 54437425
38542128 54355377
38542128 56970883
38542128 56971192
38542128 13633392
54436131 56540955
54436131 127809237
54436131 31764955
54436131 56970883
54436131 56971184
54436131 16869486
54436131 12227036
54437425 49839296
54437425 13633392
54437425 83560145
54437425 57237530
54437425 2213803
54437425 56971377
54437425 12014282
54437425 57234158
54437425 54680941
54437425 54431353
54437425 13657306
54437425 16869486
54437425 129953078
54437425 54438064
54437425 54433682
54437425 20194388
54437425 38542128
54437425 7993908
54437425 31764955
54437425 169536004
54437425 54335162
54437425 45141920
54437425 49017552
54437425 54436917
54437425 54355377
54437425 110637343
54437425 56540955
54437425 31728388
54437425 52071073
54437425 54438913
54437425 67855813
54437425 69099285
54437425 36210612
54437425 54433266
54437425 5227303
54437425 68934628
54437425 12227036
57234158 12014282
57234158 49025232
57234158 49017552
57234158 54438064
57234158 12665809
57234158 56540955
57234158 54436917
57234158 54431353
57234158 57459132
57234158 45385716
57234158 13633392
57234158 54433682
57234158 56971192
57234158 57237530
57234158 54434546
57234158 52135141
57234158 16869486
57234158 130281786
57234158 54437425
57234158 54438913
57234158 52060088
57234158 68934628
57234158 12227036
57234158 31764955
12227036 13633392
12227036 7993908
12227036 54431353
12227036 52549778
12227036 83560145
12227036 20194388
12227036 130283172
12227036 57237530
12227036 56920431
12227036 69099285
12227036 130281786
12227036 56971184
12227036 54433682
12227036 54355377
12227036 16869486
12227036 12014282
12227036 54680941
12227036 2213803
12227036 67855813
12227036 12665809
12227036 36210612
12227036 13657306
12227036 68934628
12227036 55002582
12227036 68948459
12227036 52060088
12227036 8982013
12227036 54674811
12227036 45385716
12227036 5227303
12227036 129953078
12227036 54436917
12227036 56373868
12227036 54335162
12227036 49017552
12227036 52135141
12227036 15465317
12227036 57595664
12227036 56970883
12227036 54438064
12227036 49025232
12227036 54437407
12227036 56971192
12227036 54437425
12227036 38542128
12227036 56540955
12227036 45412725
12227036 169536004
12227036 56971377
12227036 110637343
12227036 127809237
12227036 57234158
12227036 54433266
12227036 52071073
12227036 49306324
12227036 54438913
12227036 49025472
12227036 31764955
54433682 83560145
54433682 13633392
54433682 54431353
54433682 12014282
54433682 15465317
54433682 56540955
54433682 57595664
54433682 57234158
54433682 12665809
54433682 13657306
54433682 45385716
54433682 54436917
54433682 31728388
54433682 45412725
54433682 54631067
54433682 49017552
54433682 56920431
54433682 55002582
54433682 56971192
54433682 54335162
54433682 56970883
54433682 142748923
54433682 52135141
54433682 2213803
54433682 16869486
54433682 20194388
54433682 54355377
54433682 7993908
54433682 129953078
54433682 54437425
54433682 52071073
54433682 67855813
54433682 49025472
54433682 69099285
54433682 52060088
54433682 130283172
54433682 12227036
54433682 31764955
54674811 15465317
54674811 56373868
54674811 38542128
54674811 12014282
54674811 12665809
54674811 56540955
54674811 54436917
54674811 54431353
54674811 45385716
54674811 13633392
54674811 56971192
54674811 57237530
54674811 54335162
54674811 52135141
54674811 2213803
54674811 130281786
54674811 54355377
54674811 129953078
54674811 54438913
54674811 67855813
54674811 52060088
54674811 68934628
54674811 12227036
687333847 12227036
56540955 12014282
56540955 15465317
56540955 54674811
56540955 12665809
56540955 110637343
56540955 49017552
56540955 13657306
56540955 57595664
56540955 127809237
56540955 54438064
56540955 45412725
56540955 54615431
56540955 56971377
56540955 57234158
56540955 31728388
56540955 54436917
56540955 45141920
56540955 54431353
56540955 45385716
56540955 8982013
56540955 54631067
56540955 13633392
56540955 10601517
56540955 54433682
56540955 52549778
56540955 55002582
56540955 56971192
56540955 54436131
56540955 57237530
56540955 54434546
56540955 54335162
56540955 54680941
56540955 52135141
56540955 2213803
56540955 54355377
56540955 7993908
56540955 129953078
56540955 54437425
56540955 52071073
56540955 52518822
56540955 54438913
56540955 67855813
56540955 69099285
56540955 52060088
56540955 54433266
56540955 49306324
56540955 5227303
56540955 12227036
56540955 31764955
54680941 12665809
54680941 54431353
54680941 12014282
54680941 56540955
54680941 13633392
54680941 57237530
54680941 56920431
54680941 54436917
54680941 45385716
54680941 56971192
54680941 2213803
54680941 16869486
54680941 20194388
54680941 555262005
54680941 54437425
54680941 67855813
54680941 69099285
54680941 130283172
54680941 12227036
555273544 56971377
555273544 12227036
555273544 45480070
56971192 54437386
56971192 54431353
56971192 49017552
56971192 54433682
56971192 57234158
56971192 45385716
56971192 56540955
56971192 54436917
56971192 45412725
56971192 12014282
56971192 15465317
56971192 68948459
56971192 13657306
56971192 13633392
56971192 8982013
56971192 31728388
56971192 56920431
56971192 52549778
56971192 54674811
56971192 10601517
56971192 57595664
56971192 161144187
56971192 12665809
56971192 83560145
56971192 54438064
56971192 23534265
56971192 45141920
56971192 38542128
56971192 56373868
56971192 54335162
56971192 54680941
56971192 56971184
56971192 52135141
56971192 169536004
56971192 2213803
56971192 16869486
56971192 20194388
56971192 130281786
56971192 54355377
56971192 7993908
56971192 129953078
56971192 52071073
56971192 67855813
56971192 69099285
56971192 52060088
56971192 169529037
56971192 54433266
56971192 49306324
56971192 5227303
56971192 68934628
56971192 12227036
56971192 31764955
129953078 140486593
129953078 56540955
129953078 12014282
129953078 45385716
129953078 54615431
129953078 56971192
129953078 16869486
129953078 54431353
129953078 54433682
129953078 15465317
129953078 2213803
129953078 68948459
129953078 45141920
129953078 13633392
129953078 8982013
129953078 12665809
129953078 55002582
129953078 54674811
129953078 54437425
129953078 54438913
129953078 69099285
129953078 52060088
129953078 12227036
129953078 31764955
52075368 12227036
52075368 129953078
56971377 12014282
56971377 110637343
56971377 56540955
56971377 2213803
56971377 130281786
56971377 54437425
56971377 12227036
54615431 12014282
54615431 68948459
54615431 56540955
54615431 54436917
54615431 45385716
54615431 2213803
54615431 16869486
54615431 54355377
54615431 129953078
54615431 49025472
54615431 69099285
54615431 31764955
54437386 56971192
54437386 54436917
54437386 12227036
54437386 54355377
54437386 54434546
52549778 45385716
52549778 57595664
52549778 83560145
52549778 54431353
52549778 31764955
52549778 56971192
52549778 56971184
52549778 2213803
52549778 16869486
52549778 54355377
52549778 69099285
52549778 52060088
52549778 12227036
130281786 57595664
130281786 83560145
130281786 12014282
130281786 45385716
130281786 56971184
130281786 15465317
130281786 57234158
130281786 56971192
130281786 16869486
130281786 54436917
130281786 54674811
130281786 56971377
130281786 169536004
130281786 54431353
130281786 54355377
130281786 7993908
130281786 129953078
130281786 52060088
130281786 12227036
54355377 68948459
54355377 2213803
54355377 83560145
54355377 54431353
54355377 12665809
54355377 55002582
54355377 13633392
54355377 127809237
54355377 57237530
54355377 56920431
54355377 13657306
54355377 20194388
54355377 12014282
54355377 15465317
54355377 54433682
54355377 38542128
54355377 54674811
54355377 52135141
54355377 52549778
54355377 130281786
54355377 54335162
54355377 8982013
54355377 16869486
54355377 45385716
54355377 56971184
54355377 56540955
54355377 56971192
54355377 49017552
54355377 82036729
54355377 57595664
54355377 10601517
54355377 54436917
54355377 57459132
54355377 54437407
54355377 31728388
54355377 54437386
54355377 54434546
54355377 605206053
54355377 45141920
54355377 56373868
54355377 54438064
54355377 54615431
54355377 110637343
54355377 7993908
54355377 129953078
54355377 54437425
54355377 52071073
54355377 54438913
54355377 67855813
54355377 52060088
54355377 54433266
54355377 49306324
54355377 68934628
54355377 12227036
54355377 31764955
54631067 12014282
54631067 45385716
54631067 54436917
54631067 56540955
54631067 54438064
54631067 8982013
54631067 54433682
54631067 56971192
54631067 16869486
54631067 54438913
54631067 49306324
54631067 12227036
54631067 31764955
12014282 13657306
12014282 68948459
12014282 82036729
12014282 15465317
12014282 56971377
12014282 57234158
12014282 127809237
12014282 49025232
12014282 56373868
12014282 49017552
12014282 83560145
12014282 605206053
12014282 54438064
12014282 45412725
12014282 57595664
12014282 54674811
12014282 54615431
12014282 110637343
12014282 12665809
12014282 56540955
12014282 31728388
12014282 54436917
12014282 45141920
12014282 54431353
12014282 140486593
12014282 45480070
12014282 57459132
12014282 45385716
12014282 8982013
12014282 54631067
12014282 13633392
12014282 54437386
12014282 10601517
12014282 54433682
12014282 56920431
12014282 52549778
12014282 55002582
12014282 56971192
12014282 57237530
12014282 54434546
12014282 54335162
12014282 54437407
12014282 54680941
12014282 56970883
12014282 56971184
12014282 52135141
12014282 169536004
12014282 2213803
12014282 16869486
12014282 20194388
12014282 130281786
12014282 54355377
12014282 7993908
12014282 129953078
12014282 54437425
12014282 52071073
12014282 54438913
12014282 67855813
12014282 49025472
12014282 69099285
12014282 52060088
12014282 169529037
12014282 36210612
12014282 54433266
12014282 130283172
12014282 49306324
12014282 5227303
12014282 12227036
12014282 31764955
54438913 12665809
54438913 16869486
54438913 12014282
54438913 7993908
54438913 56540955
54438913 10601517
54438913 54355377
54438913 54436917
54438913 56970883
54438913 54434546
54438913 54438064
54438913 54437425
54438913 54631067
54438913 57234158
54438913 13633392
54438913 54674811
54438913 57237530
54438913 2213803
54438913 8982013
54438913 129953078
54438913 52071073
54438913 45480070
54438913 49017552
54438913 54431353
54438913 45385716
54438913 67855813
54438913 12227036
54438913 31764955
54434546 54433682
54434546 45385716
54434546 54438064
54434546 57234158
54434546 161144187
54434546 12014282
54434546 54431353
54434546 56540955
54434546 57459132
54434546 83560145
54434546 35186388
54434546 45141920
54434546 54335162
54434546 56971184
54434546 2213803
54434546 16869486
54434546 54355377
54434546 7993908
54434546 54437425
54434546 52518822
54434546 54438913
54434546 49025472
54434546 12227036
140486593 12014282
140486593 12227036
140486593 129953078
140486593 16869486
49025472 15465317
49025472 12014282
49025472 129953078
49025472 2213803
49025472 45385716
49025472 54615431
49025472 54436917
49025472 54434546
49025472 54431353
49025472 54433682
49025472 52135141
49025472 12227036
49025472 5227303
16869486 49826775
16869486 13657306
16869486 82036729
16869486 54431353
16869486 13633392
16869486 12014282
16869486 54680941
16869486 54623677
16869486 8982013
16869486 56920431
16869486 12665809
16869486 54437407
16869486 45385716
16869486 2213803
16869486 20194388
16869486 54355377
16869486 52060088
16869486 130283172
16869486 68934628
54432704 16869486
45480070 555273544
45480070 110637343
45480070 54431353
45480070 45141920
45480070 12014282
45480070 82036729
45480070 56373868
45480070 57459132
45480070 8982013
45480070 56920431
45480070 20194388
45480070 52518822
45480070 54438913
45480070 69099285
45480070 52060088
45412725 2213803
45412725 15465317
45412725 31764955
45412725 12014282
45412725 56540955
45412725 54436917
45412725 45385716
45412725 8982013
45412725 13633392
45412725 54433682
45412725 56920431
45412725 56971192
45412725 52135141
45412725 7993908
45412725 69099285
45412725 12227036
52518822 54434546
52518822 169536004
52518822 56540955
52518822 45480070
52518822 12227036
169536004 56373868
169536004 13633392
169536004 54335162
169536004 56970883
169536004 56971192
169536004 52135141
169536004 45385716
169536004 54436917
169536004 54431353
169536004 130281786
169536004 12227036
169536004 130283172
169536004 67855813
169536004 52518822
169536004 52071073
169536004 54437425
169536004 7993908
