239875464 127233029
239875464 296912938
267953249 127954215
267953249 127233029
267953249 296912938
224555276 127233029
296710292 127954215
298718957 127954215
273973897 127954215
273973897 127233029
273973897 296912938
60480853 127954215
60480853 127233029
232732899 127954215
270257161 296912938
277431263 244453862
282111192 127233029
385813791 127233029
236199753 127233029
282217705 127233029
217176437 836613858
231145762 261011917
654361420 130268229
228150659 789540985
228150659 263162854
228150659 127954215
228150659 128819271
228150659 127233029
228150659 296912938
129230930 127954215
129230930 127233029
154810106 130268229
263162854 127233029
263162854 296912938
54213751 127233029
244453862 127954215
244453862 277431263
131840942 127233029
230499351 130268229
836614510 836613858
6684729 127954215
6684729 127233029
789540985 228150659
789540985 127233029
789540985 296912938
399477362 261649486
128819271 127954215
128819271 127233029
128819271 296912938
128819271 261352704
127954215 127233029
127954215 296912938
310029272 127233029
310029272 296912938
836612976 127233029
671722974 399477362
787314636 127954215
256445644 127954215
256445644 296912938
261352704 128819271
261011917 231145762
296912938 127954215
296912938 127233029
262508753 127233029
262508753 296912938
56421926 129230930
130304056 127233029
130304056 127954215
57188235 127954215
57188235 127233029
283659616 130268229
298488412 127954215
415511098 130268229
415511098 127233029
260658444 127954215
261649486 399477362
199722106 127233029
290604429 127233029
127233029 263162854
127233029 127954215
127233029 296912938
127233029 836612976
127233029 129230930
263440629 127233029
457821540 127233029
836613858 836614510
836613858 217176437
199836443 127233029
91986666 231145762
735804433 130268229
283799027 130268229
298299772 127954215
298299772 127233029
230438443 127233029
291150441 127233029
288666197 127233029
59857774 127954215
59857774 127233029
59857774 296912938
