25282549 127206989
25282549 792495820
343019290 127206989
224961552 127206989
48737730 127206989
39983447 127206989
457190488 127206989
619955596 127206989
497817649 127206989
497893508 127206989
229210195 127206989
230271401 127206989
792495820 25282549
84088157 127206989
253166318 127206989
330016989 127206989
154896494 127206989
16810148 127206989
82509565 127206989
453162329 127206989
833368080 836612952
833368080 212523842
833368080 127206989
836613348 127206989
836613693 127206989
5498663 127206989
249144862 127206989
518794172 127206989
57438042 127206989
836612369 127206989
310259059 127206989
836613650 127206989
212523842 127206989
212523842 833368080
605158932 127206989
211523393 127206989
4958752 127206989
163979986 127206989
509898771 127206989
509643940 127206989
509774145 127206989
536400744 127206989
386135259 127206989
340676038 127206989
218795935 127206989
836612738 127206989
836614925 127206989
60320442 127206989
299553465 127206989
248323053 127206989
672634302 127206989
536021114 127206989
104304725 127206989
149233305 127206989
834079276 127206989
504823505 127206989
836612641 127206989
509588889 127206989
833671014 127206989
197248758 127206989
392179425 127206989
11271070 127206989
89834619 127206989
251510572 127206989
521868426 127206989
133543997 127206989
299297896 127206989
13398962 127206989
836613213 127206989
836613913 127206989
388895478 127206989
310423913 127206989
310423913 25282549
836613923 127206989
830472249 127206989
818887572 127206989
341209473 127206989
301675472 127206989
8193977 127206989
