637729779 13352276
84872009 61171607
61171607 13352276
61171607 84872009
18795418 13352276
44984144 13352276
57478098 13352276
50905662 22751896
44295339 13352276
44295339 13789746
836381680 13352276
15225836 13352276
15225836 13789746
569727327 37471801
218296705 13352276
149017292 13352276
747970185 45038143
747970185 13352276
156339589 130887002
156339589 37471801
156339589 13352276
156339589 45046908
45046908 156339589
45046908 13352276
129776061 37471801
129776061 13352276
48628071 13352276
686909964 13352276
98723449 13352276
57326746 156339589
57326746 13352276
82528293 37471801
82528293 13352276
27320494 13352276
44468716 13352276
10630606 13352276
4875434 13352276
74654917 302884476
74654917 13352276
836610632 13352276
13789746 44295339
13789746 15225836
44559004 13352276
130887002 156339589
30810031 13352276
136870616 13352276
22751896 50905662
22751896 13352276
738126499 13352276
44991359 13352276
35789817 13352276
62068565 37471801
20027171 13352276
302884476 13352276
36765213 13352276
60384243 22751896
45038143 747970185
45038143 13352276
54286683 13352276
136558398 37471801
37471801 156339589
37471801 13352276
