48723050 3589339
56843820 3589339
300412340 50634898
300412340 3589339
40015851 3589339
304298150 3589339
538361947 3589339
163194786 440893904
163194786 3589339
299580726 3589339
299580726 606487796
9391093 3589339
50634898 135176582
50634898 144540651
50634898 51631456
50634898 215937847
50634898 300412340
50634898 3589339
162742873 3589339
241108807 3589339
187328848 3589339
652748805 3589339
741210762 3589339
3589339 529664558
3589339 163194786
3589339 135174252
3589339 31539075
3589339 130115655
3589339 17286015
3589339 741210762
3589339 29658971
3589339 50634898
3589339 49401226
3589339 36850725
3589339 211001179
3589339 163799869
3589339 51631456
3589339 19419442
3589339 239629543
3589339 440893904
3589339 304298150
3589339 516175830
3589339 652748805
3589339 9391093
3589339 528703398
3589339 606487796
3589339 135176582
3589339 17902884
3589339 86171213
3589339 50606995
3589339 84986467
3589339 162742873
3589339 144540651
3589339 187328848
3589339 538361947
3589339 48723050
3589339 40015851
3589339 215937847
528703398 3589339
529595717 3589339
440893904 3589339
440893904 163194786
440893904 695420930
50606995 3589339
36850725 163799869
36850725 3589339
695420930 440893904
695420930 3589339
163799869 3589339
31539075 3589339
211001179 130115655
211001179 3589339
211001179 163799869
529664558 3589339
144540651 239629543
144540651 50634898
144540651 3589339
19419442 3589339
440906136 3589339
440906136 163799869
528625744 3589339
528625744 163799869
516175830 3589339
29658971 3589339
130115655 3589339
449647734 3589339
606487796 38371003
606487796 299580726
606487796 215937847
606487796 3589339
84986467 50606995
84986467 3589339
299159711 3589339
299159711 163799869
17902884 3589339
135174252 3589339
17286015 3589339
49401226 3589339
86171213 3589339
215937847 50634898
215937847 3589339
215937847 606487796
215937847 38371003
38371003 50606995
38371003 84986467
38371003 606487796
38371003 215937847
38371003 163799869
38371003 3589339
51631456 50634898
51631456 3589339
239629543 144540651
239629543 3589339
820230147 3589339
135176582 50634898
135176582 3589339
