40371424 48470597
45010805 224328183
41981020 231487204
80647198 44294191
80647198 50906153
80647198 44841664
35148856 80647198
44421196 49056083
38302966 224328183
38302966 44851550
38302966 191862507
50906153 45221397
50906153 80647198
50906153 134507914
14950018 48458428
44291828 224328183
44291828 30809312
49056083 44421196
49068445 57491113
44841664 80647198
44841664 191862507
231487204 41981020
45221397 224328183
45221397 50906153
57477613 191862507
231025483 50633096
11837518 48458428
191862507 224328183
191862507 38302966
191862507 30809312
191862507 57477613
191862507 44841664
191862507 48470597
48458428 14950018
48458428 11837518
44294191 48458428
44294191 80647198
576941043 44194149
48228318 11837518
48470597 191862507
48470597 40371424
50633096 231025483
44149264 224328183
30809312 191862507
224328183 45221397
224328183 38302966
224328183 191862507
