28662954 19013440
28662954 6228666
28662954 57645700
28662954 15963570
28662954 152954990
28662954 152956087
28662954 57648166
28662954 44758807
28662954 57644343
28662954 152955769
28662954 152931225
28662954 152726431
28662954 298831541
28662954 152734081
28662954 152797191
28662954 97409150
28662954 152714883
28662954 152839789
28662954 297861349
28662954 742489062
28662954 58184144
28662954 152580117
28662954 152817174
28662954 4529124
28662954 123004332
28662954 6106973
28662954 149533794
19013440 6764409
19013440 57648166
19013440 82134450
19013440 69104762
19013440 57645700
19013440 44758807
19013440 152931225
19013440 57646087
19013440 21290792
19013440 97409150
19013440 152582251
19013440 57644343
19013440 44758399
19013440 4529124
19013440 57651644
19013440 57648622
19013440 28662954
19013440 149533794
96667299 152714883
96667299 131109097
96667299 152931225
96667299 85826419
96667299 298831541
96667299 149533794
58423356 152816678
58423356 149533794
6106973 152920779
6106973 69104762
6106973 82134450
6106973 28662954
6106973 57648461
6106973 152955769
6106973 44758807
6106973 152954990
6106973 57644343
6106973 152928611
6106973 21290792
6106973 57648166
6106973 131109097
6106973 152582251
6106973 58174965
6106973 152797191
6106973 44758809
6106973 298831541
6106973 44758399
6106973 152796269
6106973 4529124
6106973 152816678
6106973 152900169
6106973 152660703
6106973 152430922
6106973 742489062
6106973 149533794
6106973 152839683
6106973 152627882
47833888 131109097
47833888 298831541
47833888 57645700
57648622 152726431
57648622 19013440
57648622 23515236
57648622 149543497
57648622 152430922
57648622 152905095
57648622 6764409
57648622 152734081
57648622 298831541
57648622 152816678
57648622 806233792
57648622 57645700
57648622 149533794
57644343 19013440
57644343 57645700
57644343 57648461
57644343 152714883
57644343 152941918
57644343 131109097
57644343 152931225
57644343 152660703
57644343 57646087
57644343 23515236
57644343 58174965
57644343 152430922
57644343 152734081
57644343 44758807
57644343 152684187
57644343 57648166
57644343 152582251
57644343 44758399
57644343 298831541
57644343 152855758
57644343 152816678
57644343 28662954
57644343 6106973
57644343 149533794
97516723 152580117
97516723 152734081
97516723 581161526
97516723 742489062
97516723 152582251
97516723 57646087
97516723 21290792
97516723 23515236
97516723 152900169
97516723 44758807
97516723 57648166
97516723 44758399
97516723 131109097
97516723 152660703
97516723 152839789
97516723 152816678
97516723 149533794
152956087 152954990
152956087 28662954
152931225 19013440
152931225 152430922
152931225 58036143
152931225 152714883
152931225 152900169
152931225 152684187
152931225 57648166
152931225 57644343
152931225 44758399
152931225 131109097
152931225 96667299
152931225 298831541
152931225 152855758
152931225 28662954
152931225 149533794
152931225 152839683
152877133 6764409
152877133 44758399
152877133 298831541
152877133 149533794
152723219 152714883
152723219 131109097
152723219 23515236
152723219 149533794
152723219 298831541
742489062 152714883
742489062 58423356
742489062 152734081
742489062 152817174
742489062 131109097
742489062 6764409
742489062 152430922
742489062 85826419
742489062 97516723
742489062 24132859
742489062 23515236
742489062 57648461
742489062 152955769
742489062 44758399
742489062 152660703
742489062 152839789
742489062 633965917
742489062 298831541
742489062 4529124
742489062 57651644
742489062 152816678
742489062 28662954
742489062 6106973
742489062 149533794
742489062 152839683
131109097 23515236
131109097 57644343
131109097 44758399
131109097 152954990
131109097 633965917
131109097 298831541
85826419 23515236
85826419 298831541
85826419 152816678
85826419 149533794
152928611 44758399
152928611 298831541
152928611 6106973
58174965 131109097
58174965 133235462
58174965 23515236
58174965 44758807
58174965 152955769
58174965 57648166
58174965 57644343
58174965 298831541
58174965 6106973
152796269 298831541
152796269 6106973
152796269 149533794
152580117 97516723
152580117 298831541
152580117 57651644
152580117 149533794
152710762 298831541
57651644 97409150
57651644 152580117
57651644 6764409
57651644 152430922
57651644 57646087
57651644 4529124
57651644 152855758
57651644 298831541
57651644 19013440
57651644 742489062
57651644 152941918
57651644 149533794
57651644 152839683
69104762 19013440
69104762 152900169
69104762 85826419
69104762 44758807
69104762 6106973
152941918 152955769
152941918 6764409
152941918 57646087
152941918 23515236
152941918 152900169
152941918 57648166
152941918 57644343
152941918 44758399
152941918 806233792
152941918 152954990
152941918 298831541
152941918 57651644
152954990 152955769
152954990 152941918
152954990 131109097
152954990 44758399
152954990 601640400
152954990 152956087
152954990 152660703
152954990 152684187
152954990 23515236
152954990 6764409
152954990 152714883
152954990 298831541
152954990 152855758
152954990 152816678
152954990 28662954
152954990 6106973
152954990 149533794
149543497 152941918
149543497 24132859
149543497 152955769
149543497 44758399
149543497 298831541
149543497 57648622
149543497 123004332
149543497 149533794
806233792 152619223
806233792 57645700
806233792 421485753
806233792 6764409
806233792 152679317
806233792 297861349
806233792 152941918
806233792 131109097
806233792 15963570
806233792 23515236
806233792 152430922
806233792 152900169
806233792 24132859
806233792 152582251
806233792 152816678
806233792 57648622
806233792 149533794
152573473 152857576
152573473 152627882
152573473 149533794
152573473 152816678
152573473 298831541
82134450 131109097
82134450 19013440
82134450 6764409
82134450 57645700
82134450 57646087
82134450 298831541
82134450 6106973
82134450 149533794
57648166 19013440
57648166 57645700
57648166 152941918
57648166 97516723
57648166 131109097
57648166 152931225
57648166 21290792
57648166 23515236
57648166 58174965
57648166 152430922
57648166 152900169
57648166 152734081
57648166 44758807
57648166 152582251
57648166 57644343
57648166 152797191
57648166 44758399
57648166 152839789
57648166 152954990
57648166 298831541
57648166 4529124
57648166 152816678
57648166 28662954
57648166 123004332
57648166 6106973
57648166 149533794
57648166 152627882
152839683 6764409
152839683 152839789
152839683 149533794
152839683 6106973
152839683 633965917
152839683 152679317
152839683 152734081
152839683 57651644
152839683 152931225
152839683 742489062
152839683 23515236
152839683 298831541
58278253 6764409
58278253 633965917
58278253 298831541
58278253 149533794
58036143 152684187
152580297 23515236
152580297 298831541
152580297 149533794
633965917 152714883
633965917 152628472
633965917 152817174
633965917 131109097
633965917 58278253
633965917 152430922
633965917 742489062
633965917 298831541
633965917 152816678
633965917 152839683
633965917 149533794
15963570 152714883
15963570 131109097
15963570 23515236
15963570 152684187
15963570 152955769
15963570 152956087
15963570 298831541
15963570 152816678
15963570 28662954
15963570 149533794
149533794 149543497
149533794 6106973
149533794 57648166
149533794 152796269
149533794 15963570
149533794 28662954
149533794 6764409
149533794 152905095
149533794 44758809
149533794 57646087
149533794 4529124
149533794 44758399
149533794 44758807
149533794 152954990
149533794 152931225
149533794 19013440
149533794 82134450
149533794 152855758
149533794 152734081
149533794 152686201
149533794 152580117
149533794 23515236
149533794 298831541
149533794 152900550
149533794 152430922
149533794 49183685
149533794 57644343
149533794 97409150
149533794 85826419
149533794 131109097
149533794 152714883
149533794 152816678
149533794 152628472
149533794 152660703
149533794 601809970
149533794 24132859
149533794 123004332
149533794 57651644
149533794 152723219
149533794 152839789
149533794 57648622
149533794 97516723
149533794 152877133
149533794 58184144
149533794 58278253
149533794 57645700
149533794 633965917
149533794 742489062
149533794 96667299
149533794 152573473
149533794 152631496
149533794 152839683
149533794 152627882
149533794 58423356
152684187 57644343
152684187 152954990
152684187 298831541
297861349 298831541
297861349 28662954
152816678 152954990
152816678 152723219
152816678 6764409
152816678 23515236
152816678 131109097
152816678 298831541
152816678 152734081
152816678 152855758
152816678 57644343
152816678 152955769
152816678 152714883
152816678 152797191
152816678 97516723
152816678 152619223
152816678 152839789
152816678 57648166
152816678 4529124
152816678 44758399
152816678 57646087
152816678 152660703
152816678 15963570
152816678 152628472
152816678 152900169
152816678 44758807
152816678 633965917
152816678 152817174
152816678 742489062
152816678 806233792
152816678 123004332
152816678 6106973
152816678 149533794
152816678 152627882
152816678 58423356
152920779 131109097
152920779 152816678
581161526 97516723
581161526 24132859
581161526 152628472
581161526 57645700
581161526 49183685
581161526 152839789
581161526 152954990
581161526 152816678
581161526 149533794
6764409 58278253
6764409 152734081
6764409 152817174
6764409 44758809
6764409 19013440
6764409 82134450
6764409 152877133
6764409 742489062
6764409 152631913
6764409 57646087
6764409 152714883
6764409 152900169
6764409 152941918
6764409 152797191
6764409 44758399
6764409 806233792
6764409 152954990
6764409 298831541
6764409 57651644
6764409 152816678
6764409 57648622
6764409 149533794
6764409 152839683
152955769 131109097
152955769 742489062
152955769 23515236
152955769 298831541
152955769 152816678
152955769 28662954
152955769 149533794
57648461 57644343
57648461 6106973
44758399 152817174
44758399 58184144
44758399 19013440
44758399 152877133
44758399 57645700
44758399 152928611
44758399 742489062
44758399 133235462
44758399 149543497
44758399 6764409
44758399 152941918
44758399 97516723
44758399 131109097
44758399 152931225
44758399 152660703
44758399 57646087
44758399 23515236
44758399 97409150
44758399 152900169
44758399 152734081
44758399 44758807
44758399 57648166
44758399 24132859
44758399 57644343
44758399 152628472
44758399 152839789
44758399 152954990
44758399 298831541
44758399 152816678
44758399 123004332
44758399 6106973
44758399 149533794
44758399 152627882
152582251 131109097
152582251 19013440
152582251 97516723
152582251 23515236
152582251 57648166
152582251 57644343
152582251 152816678
152582251 6106973
152582251 149533794
152839789 742489062
152839789 97516723
152839789 131109097
152839789 23515236
152839789 152430922
152839789 152900169
152839789 152734081
152839789 44758807
152839789 44758399
152839789 806233792
152839789 152954990
152839789 298831541
152839789 4529124
152839789 152816678
152839789 28662954
152839789 149533794
152839789 152839683
152627882 6106973
152627882 23515236
152627882 152816678
152627882 44758399
152627882 298831541
152627882 131109097
152627882 152734081
152627882 57648166
152627882 152723219
152627882 152573473
152627882 152430922
152627882 152905095
152627882 152714883
152627882 149533794
152627882 152955769
57645700 19013440
57645700 152900169
57645700 57648166
57645700 82134450
57645700 806233792
57645700 581161526
57645700 44758807
57645700 97409150
57645700 57644343
57645700 44758399
57645700 298831541
57645700 57648622
57645700 28662954
57645700 47833888
57645700 149533794
152714883 152430922
152714883 152628472
152714883 742489062
152714883 6764409
152714883 57646087
152714883 15963570
152714883 21290792
152714883 23515236
152714883 57644343
152714883 152931225
152714883 152660703
152714883 96667299
152714883 152954990
152714883 633965917
152714883 298831541
152714883 152816678
152714883 28662954
152714883 149533794
152714883 152627882
152900550 149533794
601809970 149533794
601809970 4529124
44758809 6764409
44758809 298831541
44758809 6106973
44758809 149533794
49183685 131109097
49183685 23515236
49183685 298831541
49183685 149533794
152631913 6764409
152631913 298831541
152905095 152734081
152905095 298831541
152905095 149533794
97409150 19013440
97409150 57645700
97409150 131109097
97409150 24132859
97409150 44758399
97409150 152954990
97409150 57651644
97409150 28662954
97409150 149533794
21290792 19013440
21290792 152714883
21290792 97516723
21290792 44758807
21290792 152723219
21290792 57648166
21290792 152628472
21290792 6106973
152900169 58036143
152900169 57645700
152900169 6764409
152900169 152941918
152900169 97516723
152900169 131109097
152900169 152931225
152900169 23515236
152900169 152430922
152900169 152734081
152900169 152684187
152900169 57648166
152900169 24132859
152900169 44758399
152900169 152628472
152900169 152839789
152900169 152954990
152900169 298831541
152900169 152855758
152900169 152816678
152900169 6106973
58184144 15963570
58184144 131109097
58184144 23515236
58184144 44758399
58184144 298831541
58184144 152816678
58184144 28662954
58184144 149533794
152430922 152714883
152430922 131109097
152430922 133235462
152430922 152660703
152430922 57646087
152430922 23515236
152430922 152900169
152430922 152734081
152430922 152684187
152430922 57648166
152430922 57644343
152430922 152797191
152430922 806233792
152430922 152839789
152430922 633965917
152430922 298831541
152430922 4529124
152430922 57651644
152430922 123004332
152430922 6106973
152430922 149533794
421485753 131109097
421485753 806233792
421485753 298831541
152686201 149533794
44758807 19013440
44758807 69104762
44758807 57645700
44758807 133235462
44758807 97516723
44758807 131109097
44758807 152660703
44758807 57646087
44758807 21290792
44758807 23515236
44758807 58174965
44758807 152900169
44758807 152734081
44758807 57644343
44758807 44758399
44758807 152839789
44758807 152956087
44758807 298831541
44758807 152855758
44758807 152816678
44758807 28662954
44758807 6106973
44758807 149533794
152631496 298831541
152631496 131109097
152631496 149533794
6228666 28662954
152582329 149533794
152582329 298831541
152679317 58036143
152679317 152954990
152855758 152816678
152855758 152734081
152855758 131109097
152855758 152900169
152855758 4529124
152855758 57644343
152855758 298831541
152855758 152954990
152855758 44758807
152855758 57651644
152855758 149533794
152726431 298831541
152726431 28662954
4529124 131109097
4529124 601809970
4529124 601640400
4529124 742489062
4529124 152430922
4529124 298831541
4529124 57646087
4529124 19013440
4529124 24132859
4529124 152955769
4529124 57648166
4529124 152660703
4529124 152839789
4529124 152855758
4529124 152816678
4529124 6106973
4529124 149533794
152628472 152714883
152628472 131109097
152628472 742489062
152628472 152660703
152628472 21290792
152628472 23515236
152628472 152430922
152628472 152900169
152628472 152734081
152628472 152955769
152628472 44758399
152628472 633965917
152628472 298831541
152628472 152816678
152628472 149533794
133235462 58174965
133235462 152430922
133235462 44758807
133235462 44758399
298831541 23515236
298831541 152928611
298831541 131109097
298831541 15963570
298831541 57646087
298831541 152931225
298831541 152954990
298831541 152684187
298831541 152631913
298831541 152726431
298831541 152619223
298831541 57645700
298831541 601640400
298831541 152430922
298831541 6764409
298831541 152734081
298831541 152905095
298831541 152941918
298831541 85826419
298831541 52575378
298831541 152839789
298831541 152582329
298831541 44758807
298831541 742489062
298831541 152628472
298831541 152723219
298831541 57648166
298831541 152580117
298831541 297861349
298831541 152714883
298831541 152573473
298831541 44758399
298831541 152796269
298831541 57644343
298831541 633965917
298831541 152710762
298831541 152900169
298831541 44758809
298831541 96667299
298831541 152660703
298831541 152955769
298831541 57455003
298831541 152797191
298831541 24132859
298831541 4529124
298831541 152855758
298831541 152816678
298831541 57648622
298831541 28662954
298831541 123004332
298831541 6106973
298831541 149533794
298831541 152839683
298831541 152627882
152660703 152430922
152660703 152628472
152660703 742489062
152660703 152714883
152660703 152900169
152660703 44758807
152660703 97516723
152660703 57644343
152660703 44758399
152660703 131109097
152660703 152954990
152660703 298831541
152660703 4529124
152660703 152816678
152660703 6106973
152660703 149533794
601640400 298831541
152797191 131109097
152797191 57646087
152797191 57648166
152797191 152954990
152797191 298831541
152797191 152816678
152797191 28662954
152797191 6106973
152797191 152627882
57455003 131109097
57455003 298831541
123004332 131109097
123004332 152430922
123004332 298831541
123004332 152900169
123004332 44758399
123004332 58036143
123004332 152816678
123004332 28662954
123004332 601640400
123004332 4529124
123004332 57648166
123004332 152660703
123004332 149533794
52575378 131109097
52575378 298831541
24132859 149543497
24132859 131109097
24132859 23515236
24132859 97409150
24132859 152900169
24132859 152684187
24132859 44758399
24132859 152628472
24132859 806233792
24132859 298831541
24132859 4529124
24132859 152816678
24132859 6106973
152734081 152905095
152734081 131109097
152734081 6764409
152734081 97516723
152734081 742489062
152734081 601640400
152734081 149543497
152734081 15963570
152734081 23515236
152734081 152430922
152734081 152900169
152734081 44758807
152734081 85826419
152734081 52575378
152734081 57648166
152734081 57644343
152734081 44758399
152734081 152628472
152734081 152839789
152734081 298831541
152734081 4529124
152734081 152855758
152734081 152816678
152734081 57648622
152734081 28662954
152734081 149533794
152734081 152839683
152734081 152627882
23515236 149543497
23515236 152714883
23515236 152941918
23515236 97516723
23515236 131109097
23515236 58174965
23515236 49183685
23515236 152900169
23515236 44758807
23515236 57644343
23515236 44758399
23515236 152628472
23515236 152954990
23515236 298831541
23515236 152816678
23515236 123004332
23515236 149533794
23515236 152839683
23515236 152627882
57646087 19013440
57646087 82134450
57646087 6764409
57646087 152941918
57646087 97516723
57646087 152430922
57646087 44758807
57646087 57644343
57646087 152797191
57646087 44758399
57646087 298831541
57646087 4529124
57646087 57651644
57646087 152816678
57646087 149533794
152817174 131109097
152817174 152619223
152817174 6764409
152817174 44758399
152817174 633965917
152817174 298831541
152817174 152816678
152817174 28662954
152817174 149533794
152619223 298831541
