44953062 64761471
306570295 152924170
21452196 60384243
45221183 98765616
45221183 156505067
45221183 172468785
45221183 55258146
45221183 224229475
45221183 49521005
48709092 200070636
18614681 29956659
18614681 13660874
18614681 35369613
129144610 172468785
44987633 156505067
156505067 172468785
156505067 224229475
156505067 44987633
156505067 98765616
156505067 45221183
52949765 65272782
299330713 127327780
77214435 224229475
98765616 49521005
98765616 156505067
98765616 45221183
55258146 224229475
55258146 49521005
55258146 127327780
55258146 45221183
172468785 224229475
172468785 156505067
172468785 129144610
172468785 45221183
65272782 21909218
65272782 52949765
34830353 49521005
224229475 55258146
224229475 172468785
224229475 77214435
224229475 156505067
224229475 45221183
152924170 306570295
49521005 55258146
49521005 34830353
49521005 98765616
49521005 45221183
60384243 21452196
21909218 65272782
