152574558 152797869
152574558 127172585
152574558 152578047
152574558 152579514
152574558 57598212
152574558 67995041
152574558 581310843
152574558 16097558
152594883 127172585
152576305 127172585
152576305 24688281
152576305 57598212
152576305 16045379
68551898 127172585
68551898 40458929
68551898 67498673
68551898 57598212
68551898 44755034
68551898 16045379
152578047 57653051
152578047 127172585
152578047 152941130
152578047 57645212
152578047 16045379
152711830 127172585
152711830 84288735
152711830 144732156
152711830 16045379
130013742 16045379
144732156 127172585
144732156 57588072
144732156 24688281
144732156 152711830
144732156 57645212
144732156 16045379
74844372 16045379
152919176 127172585
152919176 84288735
152919176 57598212
152919176 16045379
67498673 127172585
67498673 24688281
67498673 152579514
67498673 28831811
67498673 57645212
582649119 127172585
44755034 127172585
44755034 57598212
44755034 57652350
44755034 57645212
44755034 16045379
57653051 127172585
57653051 152578047
57653051 3287812
57653051 152896192
57653051 57598212
57653051 57645212
57598212 127172585
57598212 16045379
40458929 127172585
40458929 152919748
40458929 68551898
40458929 152859030
40458929 57598212
40458929 28831811
40458929 57645212
40458929 16045379
152723219 127172585
21898490 127172585
21898490 152681515
21898490 57598212
21898490 67995041
21898490 152655615
21898490 57645212
21898490 16045379
152839094 210249390
152839094 127172585
152839094 57598212
152839094 57645212
152839094 16045379
152670659 127172585
152670659 152927632
152670659 16045379
152670659 57598212
152670659 57645212
152670659 57588072
152919748 210249390
152919748 127172585
152919748 40458929
152919748 16097558
152919748 57598212
152919748 16045379
152655615 127172585
152655615 57598212
152655615 21898490
152655615 57645212
152655615 16045379
152735201 127172585
16097558 127172585
16097558 152574558
16097558 152919748
16097558 152725142
16097558 58049013
16097558 57588072
16097558 24688281
16097558 16045379
21397358 127172585
581660468 16045379
152579514 127172585
152579514 152574558
152579514 44757837
152579514 57598212
152579514 24688281
152579514 67498673
152579514 57645212
58043410 127172585
24688281 152480255
24688281 127172585
24688281 12937256
24688281 152576305
24688281 152859030
24688281 15732178
24688281 126018650
24688281 57652350
24688281 67498673
24688281 152579514
24688281 144732156
24688281 28831811
24688281 210249390
24688281 67995041
24688281 57645212
24688281 16045379
24688281 16097558
152797869 127172585
152797869 152574558
152797869 16045379
9012819 127172585
210249390 152919748
210249390 152839094
210249390 57652350
210249390 24688281
210249390 57645212
210249390 16045379
152627463 127172585
152919181 127172585
152919181 152725142
152919181 152859030
152919181 57598212
152919181 57652350
152919181 16045379
3287812 127172585
3287812 16045379
57653359 127172585
57653359 57645212
111615191 127172585
111615191 28831811
111615191 12937256
111615191 57652350
111615191 57598212
111615191 152859030
111615191 16045379
152934851 127172585
57652350 210249390
57652350 127172585
57652350 12937256
57652350 152725142
57652350 57588072
57652350 152859030
57652350 24688281
57652350 152919181
57652350 152890770
57652350 111615191
57652350 44755034
57652350 16045379
131680367 127172585
131680367 57645212
152681053 127172585
152681053 152941130
152681053 67995041
152681053 16045379
152941130 127172585
581310843 152574558
581310843 16045379
126018650 127172585
126018650 152859030
126018650 24688281
126018650 57598212
126018650 16045379
152725893 127172585
152725893 16045379
152896192 57653051
152896192 127172585
152896192 57645212
152859030 152480255
152859030 127172585
152859030 40458929
152859030 152933624
152859030 44757837
152859030 24688281
152859030 126018650
152859030 152919181
152859030 67995041
152859030 57652350
152859030 111615191
152859030 57645212
152859030 16045379
152933624 127172585
152933624 57598212
152933624 16045379
152834403 127172585
57645212 152655615
57645212 44757837
57645212 57588072
57645212 127172585
57645212 128502174
57645212 152859030
57645212 44755034
57645212 152619695
57645212 24688281
57645212 152839094
57645212 152725142
57645212 152897087
57645212 40458929
57645212 57598212
57645212 28831811
57645212 67309821
57645212 152480255
57645212 21898490
57645212 144732156
57645212 57653359
57645212 152896192
57645212 210249390
57645212 57653051
57645212 152578047
57645212 67498673
57645212 152579514
57645212 131680367
57645212 16045379
57645212 152670659
67995041 127172585
67995041 152681053
67995041 152713772
67995041 57588072
67995041 152859030
67995041 21898490
67995041 57598212
67995041 24688281
67995041 16045379
152725142 127172585
152725142 152619695
152725142 152919181
152725142 57652350
152725142 57645212
152725142 16045379
152725142 16097558
6149287 16045379
57840233 127172585
634808846 127172585
152578745 127172585
152578745 152930616
152578745 16045379
152713772 67995041
152713772 152919176
152713772 16045379
44757837 127172585
44757837 152579514
44757837 152859030
44757837 46912418
44757837 57598212
44757837 152897087
44757837 57645212
44757837 16045379
84288735 152919176
84288735 127172585
84288735 67995041
84288735 152627463
84288735 16045379
152681515 127172585
152681515 21898490
152681515 57598212
152681515 44755034
152681515 16045379
28831811 127172585
28831811 40458929
28831811 57645212
28831811 16045379
152893176 127172585
152523607 127172585
152927632 127172585
58049013 127172585
58049013 57598212
58049013 16045379
58049013 16097558
152890770 127172585
152890770 57652350
15732178 127172585
15732178 24688281
15732178 16045379
12937256 127172585
12937256 24688281
12937256 57598212
12937256 57652350
12937256 111615191
12937256 16045379
67309821 127172585
67309821 57645212
67309821 16045379
57588072 144732156
57588072 67995041
57588072 57652350
57588072 57645212
57588072 16045379
57588072 152670659
57588072 16097558
152918950 127172585
75664674 127172585
152930616 152578745
152930616 127172585
152930616 16045379
152941934 127172585
152619695 152480255
152619695 152725142
152619695 57645212
152897087 127172585
152897087 12937256
152897087 44757837
152897087 67995041
152897087 57645212
152897087 16045379
46912418 127172585
46912418 44757837
46912418 57598212
46912418 67995041
46912418 16045379
67618033 127172585
67618033 58049013
67618033 57598212
152480255 127172585
152480255 152859030
152480255 24688281
152480255 152619695
152480255 57645212
152480255 16045379
130011939 57598212
130011939 16045379
16045379 40458929
16045379 111615191
16045379 16097558
16045379 67309821
16045379 57598212
16045379 28831811
16045379 131680367
16045379 24688281
16045379 130013742
16045379 128502174
16045379 57652350
16045379 127172585
16045379 130011939
16045379 126018650
16045379 21898490
16045379 152839094
16045379 12937256
16045379 152859030
16045379 152480255
16045379 67498673
16045379 44755034
16045379 68551898
16045379 152933624
16045379 84288735
16045379 152930616
16045379 152919181
16045379 152919748
16045379 15732178
16045379 46912418
16045379 210249390
16045379 74844372
16045379 152890770
16045379 57588072
16045379 152655615
16045379 57645212
16045379 58049013
16045379 152897087
16045379 44757837
16045379 152919176
16045379 67995041
16045379 152725893
16045379 152619695
16045379 152725142
16045379 152723219
16045379 6149287
16045379 581660468
16045379 581310843
16045379 144732156
16045379 152681053
16045379 152578047
16045379 152594883
16045379 3287812
16045379 152576305
16045379 152711830
16045379 152713772
16045379 152574558
16045379 833349129
16045379 152670659
