836613920 127554243
121235924 55257796
121235924 6789634
98713033 22603716
92049479 60337796
92049479 128550054
92049479 55257796
833466296 144552433
457961694 127554243
80869854 127554243
225419923 225416528
225419923 4571516
225419923 55257796
225419923 32192255
673025356 127554243
4613186 127554243
9391093 127554243
9391093 22603716
9391093 98713033
228432116 127554243
228432116 22603716
60337796 127554243
60337796 520447129
60337796 144506530
60337796 4571516
60337796 92049479
60337796 638138271
60337796 9910832
60337796 55257796
274360207 55257796
156590970 16088445
23728199 127554243
23728199 22603716
225416160 4571516
83261457 127554243
83261457 159897602
83261457 4571516
83261457 22603716
83261457 55257796
545728620 127554243
545728620 22603716
199693070 127554243
666447215 127554243
521654939 5933604
120032708 127554243
120032708 159897602
120032708 4571516
9352478 127554243
159897602 225416528
159897602 120032708
159897602 83261457
68240553 127554243
836614823 127554243
308198233 127554243
127554243 22603716
448647216 127554243
7216059 127554243
159873190 127554243
159873190 32192255
155568780 127554243
16481916 127554243
4571516 60337796
4571516 53228815
4571516 127554243
4571516 120032708
4571516 520447129
4571516 83261457
4571516 105833033
4571516 22603716
4571516 217179204
4571516 32192255
4571516 55257796
4571516 225416160
4571516 144552433
4571516 323911014
59589967 127554243
5933604 20623772
150660317 127554243
150660317 22603716
9910832 127554243
9910832 32192255
497331736 127554243
350285386 127554243
128550054 127554243
128550054 16481916
128550054 92049479
32192255 39876413
29461614 127554243
29461614 22603716
183283021 127554243
299546389 127554243
296628114 55257796
296628114 127554243
323643207 127554243
323643207 22603716
217179204 127554243
217179204 4571516
54315885 127554243
54315885 22603716
33910348 127554243
33910348 22603716
16088445 156590970
426376979 127554243
22603716 127554243
182070670 127554243
182070670 22603716
18594648 127554243
18594648 22603716
225416528 55257796
225416528 159897602
225416528 127554243
225416528 225419923
105833033 127554243
105833033 4571516
105833033 6789634
60959378 127554243
60959378 22603716
51635870 127554243
29622841 5933604
836613589 127554243
56036255 127554243
520447129 60337796
520447129 55257796
520447129 4571516
795033105 127554243
51608153 127554243
53228815 127554243
53228815 4571516
53228815 22603716
638138271 127554243
55257796 5933604
55257796 60337796
55257796 225416528
55257796 299546389
55257796 159873190
55257796 274360207
55257796 156590970
55257796 296628114
55257796 51635870
55257796 520447129
55257796 449272690
55257796 121235924
55257796 4571516
55257796 83261457
55257796 92049479
55257796 217179204
55257796 638138271
55257796 51608153
55257796 9910832
55257796 323643207
55257796 6789634
323911014 4571516
323911014 22603716
6789634 127554243
6789634 105833033
6789634 22603716
112226102 127554243
144506530 60337796
33415002 127554243
448147152 127554243
144552433 4571516
144552433 55257796
836614862 127554243
218214028 127554243
218214028 22603716
20623772 5933604
39876413 32192255
39876413 22603716
835459023 127554243
