149072203 6970090
421484897 6970090
142600585 36342330
208392899 23272512
277767158 26859968
277767158 6970090
277767158 401160190
39056341 6970090
39056341 152596364
39056341 45822167
38463131 377298664
38463131 45162057
38463131 605052946
38463131 74863114
38463131 26859968
38463131 6970090
38463131 387171620
38463131 3651689
387171620 38463131
387171620 828444571
387171620 6970090
421547256 6970090
421537987 6970090
82641808 77158066
82641808 155838698
82641808 74863114
82641808 421462329
82641808 49520839
152596364 6970090
152596364 39056341
152596364 45822167
45162057 155838698
45162057 26859968
45162057 38463131
45162057 49520839
45162057 45822167
45162057 3651689
77158066 82641808
77158066 90840789
77158066 26859968
77158066 6970090
77158066 421462329
377298664 605052946
377298664 421502277
377298664 26859968
377298664 6970090
377298664 421462329
377298664 3651689
377298664 45822167
572810887 74863114
421455511 6970090
421455511 26859968
740551718 6970090
421462329 377298664
421462329 82641808
421462329 23272512
421462329 77158066
421462329 74863114
421462329 136210414
421462329 6970090
421462329 26859968
506728090 6970090
689459224 605052946
689459224 6970090
59635988 162461110
35810533 6970090
49520839 155838698
49520839 82641808
49520839 421496219
49520839 45162057
49520839 833333787
49520839 3651689
599399120 605052946
599399120 6970090
582738287 26859968
401160190 26859968
401160190 6970090
401160190 277767158
26383740 45162057
26383740 26859968
26383740 6970090
3651689 26859968
3651689 45162057
3651689 49520839
3651689 6970090
44757377 26859968
152899419 152596364
421499549 6970090
833333787 6970090
833333787 49520839
74863114 6970090
74863114 82641808
74863114 605052946
74863114 572810887
74863114 23272512
74863114 421462329
421541039 26859968
421541039 6970090
152677411 26859968
152677411 6970090
6970090 90840789
6970090 26859968
6970090 45822167
26859968 77158066
26859968 605052946
26859968 45162057
26859968 6970090
26859968 23272512
26859968 44757377
26859968 401160190
26859968 162461110
26859968 421462329
26859968 57645630
155838698 82641808
155838698 45162057
155838698 6970090
155838698 49520839
29379295 26859968
90840789 77158066
90840789 6970090
69166847 6970090
605052946 6970090
605052946 377298664
605052946 74863114
421496219 155838698
421496219 6970090
421496219 49520839
162461110 26859968
162461110 6970090
162461110 45822167
57645630 26859968
57645630 152596364
57645630 26383740
23272512 77158066
23272512 26859968
23272512 6970090
23272512 208392899
23272512 74863114
23272512 421462329
23272512 45822167
127421044 6970090
456672771 6970090
36342330 90840789
36342330 142600585
421502277 6970090
45822167 6970090
45822167 90840789
45822167 152596364
45822167 45162057
45822167 23272512
45822167 605052946
45822167 39056341
45822167 74863114
45822167 26859968
45822167 162461110
136210414 6970090
