139245049 59455977
139245049 124769333
675005501 129917762
53515220 23645932
53515220 579304367
53515220 451655527
53515220 190253777
53515220 129917762
701012522 190253777
587809720 190253777
124769333 59455977
124769333 12456917
124769333 90033289
124769333 74861968
124769333 139245049
661059252 190253777
155878145 35462826
134997807 190253777
90033289 139423432
90033289 124769333
90033289 90228130
90033289 315160995
59455977 124769333
59455977 139245049
59455977 26515861
59455977 74861968
28842006 190253777
131606744 359760776
131606744 12456917
99718355 451655527
99718355 190253777
50605272 289180226
155592284 190253777
155592284 369676323
155592284 304780223
155592284 23645932
17531323 190253777
724754428 190253777
262943372 151698829
794592726 190253777
44928040 151698829
546270322 190253777
579304367 190253777
129917762 675005501
129917762 132576660
289180226 50605272
289180226 365297735
26124748 190253777
674341535 190253777
384680222 190253777
434673135 52670333
434673135 190253777
206693080 289180226
206693080 451655527
206693080 190253777
206693080 12456917
206693080 1242291
226925858 451655527
226925858 190253777
365297735 289180226
365297735 53515220
22048552 151698829
364862859 190253777
52060542 190253777
242997605 190253777
74861968 59455977
74861968 124769333
74861968 315160995
74861968 523524598
26515861 59455977
26515861 315160995
26515861 12456917
359760776 190253777
359760776 131606744
139423432 315160995
139423432 675005501
139423432 90033289
139423432 12456917
102754439 190253777
206703230 451655527
206703230 190253777
307990852 190253777
307990852 71623108
73853505 451655527
73853505 52670333
73853505 190253777
1242291 675005501
1242291 190253777
1242291 206693080
1242291 103031957
132576660 315160995
132576660 129917762
523524598 74861968
52670333 451655527
52670333 190253777
304780223 155592284
304780223 23645932
304780223 190253777
304780223 369676323
54316504 451655527
54316504 190253777
369676323 190253777
71623108 307990852
72865244 151698829
674304848 451655527
674304848 190253777
674483037 190253777
114555302 675005501
90228130 90033289
90228130 103031957
90228130 132576660
103031957 90228130
451655527 190253777
451655527 52670333
298806055 190253777
836612018 190253777
315160995 139423432
315160995 132576660
315160995 90033289
315160995 74861968
315160995 26515861
190253777 451655527
140787673 190253777
140787673 132576660
140787673 129917762
155600822 451655527
155600822 190253777
155600822 53515220
12456917 124769333
12456917 139423432
12456917 190253777
12456917 131606744
12456917 26515861
35462826 155878145
546215157 451655527
546215157 190253777
