836612620 37917393
836612620 25313091
152611329 200401029
152611329 2211848
71201768 134863909
16844123 200401029
647910156 200401029
836613038 200401029
836613038 32478602
20335488 78281397
20335488 200401029
20335488 48701360
20335488 32478602
218818111 82666450
218818111 32478602
218818111 212632617
218818111 12590534
218818111 200401029
218818111 346523820
218818111 78281397
298808747 32478602
298808747 49037361
298808747 25313091
836614481 448786079
836614481 607291982
48219207 134863909
48219207 78281397
48219207 18602800
48219207 200401029
258158752 200401029
217155954 185411547
217155954 25313091
217155954 620528920
217155954 2211848
383107797 32478602
383107797 56907342
383107797 185411547
383107797 78281397
12663672 200401029
12663672 3778559
451163915 200401029
451163915 32478602
258261092 242744206
258261092 200401029
258261092 185411547
155608806 448786079
155608806 56907342
155608806 32478602
250822774 200401029
134863909 18602800
134863909 200401029
836613559 32478602
49037361 448786079
49037361 200401029
49037361 298808747
49037361 32478602
836613110 200401029
52586151 82666450
52586151 78281397
52586151 200401029
52586151 2211848
5197341 200401029
836134620 200401029
21156305 78281397
21156305 155608806
21156305 132435270
21156305 200401029
21156305 32478602
233439571 200401029
185411547 25313091
185411547 217155954
185411547 200401029
185411547 48701360
185411547 32478602
836613935 78281397
836613935 200401029
82666450 605009759
82666450 78281397
82666450 12453728
82666450 52586151
82666450 200401029
82666450 2211848
82666450 48701360
82666450 3634480
82666450 449159650
82666450 71201768
82666450 32478602
32478602 16908095
32478602 132435270
32478602 200401029
32478602 2211848
32478602 298808747
32478602 49037361
78281397 200401029
55238338 200401029
836614296 32478602
3778559 605009759
3778559 132435270
3778559 12663672
3778559 242744206
3778559 759743403
207356598 200401029
207356598 32478602
45443410 78281397
45443410 37917393
45443410 200401029
45443410 2211848
45443410 212632617
45443410 71201768
16908095 48701360
16908095 212632617
16908095 298808747
16908095 32478602
448786079 233302513
448786079 155608806
448786079 836614481
448786079 759743403
448786079 49037361
448786079 152611329
699130991 200401029
538563366 50207235
685182287 200401029
605009759 82666450
605009759 3778559
605009759 449159650
605009759 212632617
605009759 48701360
605009759 759743403
605009759 200401029
183759587 155608806
183759587 200401029
183759587 759743403
183759587 32478602
836612713 200401029
200401029 78281397
56907342 78281397
56907342 155608806
56907342 12663672
56907342 200401029
56907342 32478602
44470379 200401029
449159650 448786079
449159650 605009759
449159650 25313091
449159650 228188908
449159650 200401029
607291982 836614481
12453728 16908095
12453728 32478602
212632617 605009759
212632617 16908095
212632617 217155954
212632617 200401029
25313091 183759587
25313091 50207235
25313091 185411547
25313091 620528920
25313091 217155954
25313091 200401029
25313091 48701360
25313091 449159650
25313091 298808747
25313091 836612620
759743403 448786079
759743403 605009759
759743403 183759587
759743403 234452394
759743403 700788322
759743403 3778559
234452394 759743403
3634480 82666450
3634480 78281397
3634480 12453728
3634480 200401029
3634480 71201768
242744206 258261092
242744206 200401029
242744206 3778559
186263573 78281397
186263573 200401029
538410449 200401029
48701360 605009759
48701360 82666450
48701360 185411547
48701360 16908095
48701360 37917393
48701360 212632617
48701360 20335488
48701360 185827189
37917393 200401029
37917393 836612620
37917393 32478602
169810769 32478602
169810769 200401029
132435270 78281397
132435270 21156305
132435270 38003043
132435270 200401029
132435270 3778559
132435270 32478602
815184626 32478602
38456561 78281397
38456561 200401029
199853442 200401029
674514950 32478602
228188908 200401029
228188908 759743403
228188908 449159650
18602800 200401029
700788322 82666450
700788322 200401029
700788322 759743403
620528920 25313091
620528920 217155954
346523820 218818111
346523820 200401029
50207235 78281397
50207235 12282236
50207235 25313091
50207235 12453728
50207235 200401029
50207235 32478602
50207235 538563366
2211848 82666450
2211848 217155954
38003043 78281397
38003043 200401029
