448574124 26586414
448574124 127166025
448574124 101699119
833347930 127166025
833347930 129983952
102042071 8816244
102042071 127166025
506175368 127166025
806402354 127166025
57855441 127166025
25225404 8816244
25225404 127166025
48025684 127166025
747234080 127166025
728466451 31415083
728466451 833658470
728466451 127166025
18094061 127166025
633993456 127166025
14639837 127166025
14639837 31415083
57018062 127166025
57643661 57645764
57643661 127166025
57643661 31415083
57643661 44874615
101699119 127166025
15028876 127166025
15028876 8816244
15028876 152788985
15028876 31415083
301947841 127166025
152576768 127166025
152576768 57645764
836613928 127166025
836613833 127166025
581423052 127166025
490694397 127166025
65407757 127166025
65407757 8816244
65407757 152714711
135200762 127166025
647808887 127166025
152788985 127166025
152788985 15028876
834036053 127166025
834037404 127166025
96469042 127166025
425284167 127166025
152660726 127166025
19145708 127166025
76814570 127166025
101698349 67506212
101698349 127166025
160463308 127166025
275021969 127166025
294853846 127166025
298858517 127166025
111615111 127166025
581050212 127166025
35315879 57650050
35315879 127166025
833658470 31415083
806306719 127166025
280787756 127166025
582371951 127166025
163259536 127166025
581151757 127166025
31415083 728466451
31415083 67506212
31415083 14639837
31415083 152712803
31415083 8816244
31415083 57650050
31415083 57643661
31415083 127166025
31415083 833658470
31415083 101698349
31415083 15028876
133253018 127166025
160509437 127166025
215741181 127166025
230926775 127166025
57645764 152576768
57645764 57650050
57645764 57643661
57645764 127166025
57645764 44874615
380960502 127166025
311471940 127166025
67506212 25225404
67506212 8816244
67506212 127166025
67506212 101699119
67506212 31415083
67506212 129983952
724596644 127166025
229006457 127166025
152733100 127166025
57650050 35315879
57650050 57645764
57650050 127166025
57650050 31415083
57650050 44874615
57650050 65407757
197347566 127166025
44874615 129983952
44874615 8816244
44874615 57643661
44874615 57645764
44874615 127166025
44874615 57650050
44874615 152714711
44874615 57647773
48680253 127166025
90786100 8816244
90786100 127166025
4044427 8816244
4044427 127166025
691934503 127166025
152714711 127166025
152714711 31415083
152714711 152957428
152714711 65407757
668115578 127166025
8816244 67506212
8816244 102042071
8816244 90786100
8816244 152712803
8816244 127166025
8816244 31415083
8816244 57647773
8816244 15028876
8816244 65407757
152957428 127166025
127896893 127166025
26586414 127166025
26586414 448574124
152712803 57643661
152712803 127166025
152712803 44874615
65399307 127166025
152896315 127166025
570243421 127166025
328359775 127166025
756848331 127166025
581431377 127166025
129983952 833347930
129983952 67506212
129983952 127166025
129983952 44874615
57647773 127166025
57647773 25225404
57647773 8816244
57647773 44874615
152601433 127166025
