57070106 57068116
57070106 52608469
57070106 602544304
57070106 57494608
152919315 58441695
152505735 58441695
299858146 58441695
77338986 58441695
32752883 58441695
8673978 58441695
48512406 58441695
57993933 58441695
3906411 58441695
320676496 58441695
57649186 58441695
547655597 58441695
601706911 58441695
801324371 58441695
152580128 58441695
6570670 58441695
210223514 58441695
299526359 57068116
299526359 58441695
152729036 58441695
581930487 58441695
85053760 58441695
602544304 57068116
30469463 58441695
57463376 58441695
581998688 58441695
58107102 58441695
666012299 57068116
299758211 505293399
833709351 58441695
57068116 57070106
57068116 666012299
57068116 602544304
57068116 57494608
57068116 299526359
57068116 505293399
57068116 299758211
57068116 665970733
