58108783 64866752
58343846 64866752
6125076 24630383
6125076 64866752
6125076 97392862
652130376 97392862
652130376 64866752
121471040 64866752
121471040 97392862
58140341 64866752
58140341 97392862
152480779 64866752
152480779 97392862
259750884 64866752
24630383 64866752
24630383 97392862
24630383 58355603
58355603 24630383
58355603 97392862
58355603 64866752
648058211 64866752
58285016 64866752
58285016 97392862
64866752 97392862
58138155 64866752
58138155 97392862
135199156 64866752
120426487 64866752
97392862 64866752
155596471 64866752
155596471 97392862
58246580 64866752
58246580 97392862
