27524098 57650210
27524098 57764406
27524098 29599526
421491802 57764406
421491802 651545002
55030177 58024780
55030177 29599526
44843235 57764406
44843235 58022139
44843235 29599526
44843235 57650210
44843235 15215356
44843235 54413601
52576815 57764406
52576815 58022139
52576815 57650210
52576815 56947252
54285761 58022139
54285761 58024780
54285761 54413601
54285761 44843235
50682155 57764406
105723194 651545002
105723194 50682155
57764406 57650210
57764406 152955981
57764406 421491802
57764406 52576815
57764406 58022139
57764406 152687046
57764406 50682155
57764406 152620718
57764406 298850845
57764406 6842694
57764406 27524098
57764406 15215356
57764406 601931318
57764406 58024780
57764406 54413601
57764406 58370743
57764406 14621119
57764406 29599526
57764406 152819358
57764406 102900921
57764406 55030177
57764406 44843235
152620718 57764406
152620718 56947252
6842694 57764406
69541324 56947252
69541324 152940558
152819358 57764406
56947252 58022139
56947252 152955981
56947252 52576815
56947252 651545002
56947252 152620718
56947252 54413601
56947252 69541324
56947252 152940558
56947252 29599526
56947252 57650210
58024780 58022139
58024780 57650210
58024780 57764406
58024780 54285761
58024780 54413601
58024780 152819358
58024780 55030177
298850845 57764406
831705748 152955981
15215356 57764406
15215356 54413601
15215356 57650210
15215356 44843235
58022139 57764406
58022139 52576815
58022139 152955981
58022139 27524098
58022139 56947252
58022139 54285761
58022139 58024780
58022139 54413601
58022139 58370743
58022139 44843235
152940558 57764406
152940558 56947252
29599526 57650210
29599526 27524098
29599526 152955981
29599526 56947252
29599526 57764406
29599526 55030177
29599526 44843235
102900921 14621119
102900921 651545002
57650210 57764406
57650210 152955981
57650210 52576815
57650210 27524098
57650210 15215356
57650210 651545002
57650210 56947252
57650210 58024780
57650210 54413601
57650210 14621119
57650210 29599526
57650210 152819358
57650210 44843235
152955981 57764406
152955981 58022139
152955981 56947252
152955981 54413601
152955981 57650210
152955981 29599526
651545002 421491802
651545002 57650210
651545002 102900921
651545002 105723194
651545002 56947252
14621119 152955981
14621119 57764406
14621119 57650210
14621119 102900921
601931318 57764406
58370743 57764406
152687046 57764406
54413601 58024780
54413601 52576815
54413601 57764406
54413601 58022139
54413601 15215356
54413601 152955981
54413601 56947252
54413601 44843235
54413601 55030177
54413601 57650210
54413601 102900921
