55572632 22236897
49067356 36070366
47109995 22236897
14851345 11152984
48697739 33097523
48697739 36070366
36070366 57177060
36070366 57384000
68952360 57127824
54394843 36070366
115750606 49053458
11152984 14851345
74830216 36070366
127448310 36070366
129047508 26363210
129047508 22236897
85222217 22236897
127272319 36070366
48449507 36070366
37390523 22236897
57177060 57362894
57177060 36070366
57127824 68952360
57127824 36070366
20539481 54262198
20539481 22236897
20539481 36070366
57362894 57177060
57362894 14851345
57362894 36070366
52570924 22236897
205884881 22236897
57384000 36070366
48522111 26641283
49053458 115750606
49053458 36070366
26641283 48522111
58445592 22236897
82651558 36070366
48753537 36070366
33097523 48697739
33097523 36070366
26363210 129047508
54262198 20539481
