8799220 15620938
8799220 24196537
8799220 127597975
498106417 127597975
24196537 89237256
76157652 127597975
76157652 47735588
54406960 15620938
47735588 76157652
47735588 127597975
45025009 3672984
45025009 15620938
45025009 57467588
15620938 3672984
15620938 47735588
15620938 89237256
15620938 127597975
49926255 3672984
49926255 15620938
49926255 89237256
156596609 3672984
156596609 89237256
29288921 15620938
3672984 15620938
3672984 89237256
3672984 127597975
57467588 45025009
57467588 24196537
57467588 127597975
16504055 3672984
16504055 15620938
16504055 89237256
127597975 76157652
127597975 15620938
127597975 47735588
127597975 89237256
23327756 15620938
23327756 127597975
89237256 3672984
89237256 15620938
89237256 24196537
