834146866 127166661
39830928 127166661
80364121 127166661
209795983 127166661
44676240 127166661
447964335 127166661
127166661 127208374
61281403 127166661
539960165 127166661
618926981 127166661
130005858 127166661
23286823 127166661
23286823 15470831
128692559 127166661
536078619 127166661
43807401 127166661
43807401 75359146
72109047 127166661
360761796 127166661
52716651 127166661
60707510 127166661
44210930 127166661
71723232 127166661
71723232 39830928
54997051 127166661
98435944 127166661
48719523 127166661
129469372 127166661
75359146 127166661
75359146 43807401
44392601 127166661
836614909 127166661
43916918 127208374
48571713 127166661
719335387 127166661
127208374 127166661
127208374 54206200
127208374 128543408
836613168 127166661
11582093 127166661
534318723 127166661
83404899 127166661
21636935 127166661
381558652 127166661
130322866 127166661
155017534 127166661
48714217 127166661
33380467 127208374
33380467 127166661
33380467 29660184
128335625 127166661
54206200 127208374
54206200 127166661
54206200 128543408
349807101 127166661
48688185 127166661
19874669 127166661
19874669 19684182
19874669 15470831
19684182 19874669
65336725 302887591
65336725 127166661
65336725 15470831
790507622 127166661
100987258 127166661
113251105 127166661
47845706 127166661
48713280 127166661
57488201 127166661
233068339 127166661
48652022 127208374
48652022 127166661
15470831 65336725
15470831 19874669
84554831 127166661
508176534 127166661
305398007 127166661
57384394 127208374
57384394 127166661
836613560 127166661
448377622 127166661
17764176 127166661
44006051 127166661
33447181 127166661
128543408 127208374
128543408 127166661
302891161 127166661
48017106 127208374
48017106 127166661
29660184 127166661
29660184 33380467
45223958 127166661
