50115053 323072852
50115053 109524521
50115053 36296802
50115053 9059584
50115053 212613339
50115053 451911715
50115053 155592284
50115053 448212880
50115053 114398834
50115053 497314549
50115053 168248995
50115053 50645000
50115053 383192828
50115053 490272878
50115053 72052691
36513232 127323754
300280518 16303422
72052691 127323754
72052691 50115053
448212880 50115053
140840012 127323754
159847032 142832756
159847032 365991789
159847032 127323754
20642274 16303422
20642274 497314549
323072852 50115053
323072852 127323754
455495677 16303422
26397850 16303422
26397850 127323754
77946018 16303422
451911715 50115053
89927424 127323754
13521442 16303422
13521442 127323754
155592284 142832756
155592284 36296802
155592284 16303422
155592284 50115053
155592284 497314549
365991789 78722569
365991789 127323754
365991789 16303422
832993981 155727401
566012303 142832756
155828227 16303422
155828227 142832756
449965287 16303422
168248995 142832756
168248995 16303422
168248995 127323754
168248995 50115053
451612513 127323754
109524521 142832756
109524521 16303422
109524521 102935991
109524521 127323754
109524521 50115053
701075791 16303422
44692102 127323754
94359099 127323754
94359099 50645000
497314549 36296802
497314549 200406054
497314549 159860512
497314549 155592284
497314549 20642274
497314549 168248995
497314549 50115053
139119544 127323754
36453599 16303422
142832756 16303422
142832756 155592284
142832756 127323754
745725128 16303422
212613339 155727401
212613339 50115053
212613339 127323754
212613339 16303422
155727401 212613339
155727401 16303422
155727401 142832756
155727401 832993981
50645000 50115053
50645000 94359099
9059584 142832756
9059584 16303422
9059584 50115053
23675475 142832756
23675475 16303422
49323185 127323754
450436609 142832756
159860512 434655880
159860512 36296802
159860512 497314549
159860512 50115053
36459570 16303422
78722569 127323754
36296802 159860512
36296802 16303422
36296802 155592284
36296802 50115053
155786069 127323754
155786069 16303422
383192828 50115053
490272878 50115053
490272878 127323754
200406054 142832756
200406054 16303422
6983941 142832756
6983941 16303422
6983941 450436609
6983941 127323754
48580250 127323754
48580250 16303422
16303422 26397850
16303422 142832756
16303422 36296802
16303422 36453599
16303422 455495677
114398834 50115053
47151783 16303422
834623182 127323754
