25409692 50909035
25409692 20263720
25409692 31233806
25409692 17182027
25409692 72063435
25409692 10135751
25409692 19519216
25409692 127168075
25409692 35280330
500930223 31233806
830908530 19519216
10955645 50909035
10955645 35280330
10955645 31233806
10955645 19519216
10955645 10135751
10955645 89173618
10955645 5048051
10955645 61472511
10955645 128173184
10955645 17182027
10955645 20263720
10955645 72063435
214040672 72063435
28424415 61472511
28424415 10955645
28424415 19519216
28424415 35280330
28424415 89173618
30001971 8900255
30001971 5048051
89173618 20263720
89173618 31233806
89173618 61472511
89173618 17182027
89173618 10135751
89173618 19519216
89173618 5048051
89173618 35280330
89173618 10955645
192453256 127168075
192453256 27778586
192453256 72063435
642321030 127168075
49343361 72063435
49343361 127168075
44640396 72063435
44640396 127168075
48057011 31233806
48057011 10135751
48057011 19519216
48057011 57489642
48057011 5048051
48057011 10955645
61259757 127168075
37022109 20263720
37022109 31233806
37022109 128173184
37022109 10135751
37022109 19519216
37022109 35280330
127168075 19519216
50869762 127168075
47316900 127168075
61247048 50909035
61247048 31233806
61247048 17182027
61247048 128725086
61247048 19519216
61247048 10955645
127385941 127168075
10135751 50909035
10135751 20263720
10135751 31233806
10135751 89173618
10135751 17182027
10135751 72063435
10135751 128173184
10135751 19519216
10135751 5048051
10135751 127168075
10135751 35280330
10135751 10955645
68951178 127168075
14912324 127168075
31233806 50909035
31233806 20263720
31233806 89173618
31233806 61472511
31233806 17182027
31233806 128725086
31233806 72063435
31233806 128173184
31233806 10135751
31233806 19519216
31233806 5048051
31233806 127168075
31233806 35280330
31233806 10955645
8900255 20263720
8900255 30001971
19519216 31233806
19519216 89173618
19519216 61472511
19519216 17182027
19519216 72063435
19519216 10135751
19519216 5048051
19519216 128993879
19519216 127168075
19519216 35280330
19519216 10955645
129012417 10955645
127805266 127168075
302133652 72063435
50909035 20263720
50909035 31233806
50909035 17182027
50909035 128173184
50909035 10135751
50909035 5048051
12087280 10135751
12087280 127168075
471462058 20263720
471462058 30001971
44024659 127168075
5048051 50909035
5048051 20263720
5048051 31233806
5048051 89173618
5048051 17182027
5048051 128173184
5048051 10135751
5048051 19519216
5048051 35280330
5048051 10955645
20263720 25409692
20263720 50909035
20263720 31233806
20263720 89173618
20263720 61472511
20263720 17182027
20263720 128173184
20263720 10135751
20263720 19519216
20263720 5048051
20263720 35280330
20263720 10955645
155432694 129012417
155432694 72063435
155432694 19519216
155432694 10955645
155432694 21796383
14000769 20263720
14000769 72063435
97271708 20263720
97271708 31233806
97271708 72063435
97271708 19519216
97271708 127168075
97271708 129012417
97271708 35280330
97271708 10955645
500979492 50909035
500979492 10955645
49051557 72063435
49051557 10135751
49051557 127168075
72063435 127168075
128725086 50909035
128725086 20263720
128725086 31233806
128725086 61247048
128725086 17182027
128725086 35280330
128725086 19519216
128725086 10135751
21796383 61247048
21796383 19519216
21796383 5048051
21796383 61472511
57046721 61472511
57046721 10955645
57046721 35280330
68948227 72063435
68948227 127168075
508754147 61247048
128993879 20263720
128993879 31233806
128993879 10135751
128993879 19519216
128993879 5048051
128993879 127168075
128993879 129012417
128993879 10955645
231438649 72063435
47103523 127168075
47103523 72063435
163891153 20263720
163891153 61472511
163891153 10955645
163891153 35280330
163891153 19519216
57243366 50909035
57243366 20263720
57243366 31233806
57243366 129012417
57243366 61472511
57243366 10135751
57243366 19519216
57243366 5048051
57243366 128993879
57243366 10955645
57243366 21796383
178027682 127168075
48499257 72063435
48499257 127168075
61472511 20263720
61472511 31233806
61472511 155432694
61472511 89173618
61472511 10135751
61472511 19519216
61472511 10955645
61472511 35280330
15857423 61472511
15857423 35280330
27778586 72063435
27778586 192453256
27778586 19519216
27778586 127168075
128173184 50909035
128173184 20263720
128173184 31233806
128173184 89173618
128173184 17182027
128173184 10135751
128173184 5048051
128173184 35280330
44756211 72063435
57489642 20263720
57489642 31233806
57489642 61472511
57489642 128173184
57489642 10135751
57489642 19519216
57489642 5048051
57489642 35280330
17182027 25409692
17182027 50909035
17182027 20263720
17182027 31233806
17182027 89173618
17182027 128725086
17182027 72063435
17182027 128173184
17182027 10135751
17182027 19519216
17182027 5048051
17182027 128993879
17182027 127168075
17182027 10955645
17182027 35280330
35280330 5048051
35280330 31233806
35280330 19519216
35280330 89173618
35280330 17182027
35280330 20263720
35280330 128173184
35280330 61247048
35280330 128725086
35280330 10135751
35280330 61472511
35280330 97271708
35280330 50909035
35280330 127168075
35280330 128993879
35280330 10955645
778356675 72063435
