836054189 130407673
230919016 130407673
229082531 130407673
611149136 130407673
230390037 130407673
159873937 130407673
159873937 241973058
714217068 155794842
714217068 210798790
166870204 107673976
166870204 130407673
134998105 130407673
134998105 138560607
107658907 130407673
49764808 130407673
237408940 130407673
642477269 130407673
57188807 130407673
19111075 130407673
241973058 159873937
241973058 130407673
155794842 130407673
155794842 210798790
155794842 714217068
232976239 130407673
58384092 130407673
58384092 107673976
235682354 130407673
285263500 107673976
836058102 130407673
13307186 130407673
13307186 134998105
58365766 130407673
86284351 130407673
231537508 130407673
199689487 130407673
234709375 130407673
291196872 130407673
220540370 130407673
274119809 130407673
136440501 130407673
136440501 107673976
254725617 130407673
37704906 130407673
37704906 107673976
107673976 130407673
234130746 130407673
247240205 130407673
230733882 130407673
270065345 130407673
148088789 130407673
241901505 130407673
244871267 130407673
244871267 107673976
233817191 130407673
124158392 130407673
238899264 130407673
280076208 130407673
293597032 130407673
210798790 714217068
210798790 155794842
148922781 130407673
