144564711 144522947
144564711 144526027
144564711 33796236
144564711 18621079
144564711 14545731
144564711 673029296
68016291 9280390
68016291 33796236
28377002 144522947
28377002 144530946
28377002 144526027
28377002 33796236
28377002 25194669
28377002 14545731
35547188 144522947
35547188 9280390
35547188 144526027
35547188 33796236
35547188 164353453
35547188 14545731
35547188 673029296
795047573 33796236
225417242 33796236
225417242 225409383
14545731 28377002
14545731 144530946
14545731 51879745
14545731 33796236
14545731 35547188
14545731 144564711
14545731 144514827
33796236 38905419
33796236 667673726
33796236 144522947
33796236 741396468
33796236 144529282
33796236 28377002
33796236 144530946
33796236 9280390
33796236 144526027
33796236 25194669
33796236 164353453
33796236 795047573
33796236 673030603
18621079 144564711
6265998 38905419
6265998 667673726
144526027 144522947
144526027 741396468
144526027 28377002
144526027 9280390
144526027 33796236
144526027 35547188
144526027 86260206
144526027 25194669
144526027 225409383
144526027 144564711
144526027 164353453
144526027 144541075
144515972 144522947
144515972 33796236
324406519 38905419
324406519 9280390
324406519 33796236
324406519 68016291
324406519 673029296
324406519 164353453
9280390 38905419
9280390 667673726
9280390 144522947
9280390 144529282
9280390 75150578
9280390 144526027
9280390 33796236
9280390 35547188
9280390 68016291
9280390 86260206
9280390 25194669
9280390 166203972
9280390 71342075
9280390 225426753
9280390 144541075
9280390 324406519
144522947 28377002
144522947 9280390
144522947 144526027
144522947 33796236
144522947 86260206
144522947 25194669
144522947 166203972
144522947 225409383
144522947 144564711
225409383 225417242
225409383 144522947
225409383 144526027
225409383 33796236
673030603 164353453
673030603 71342075
673030603 33796236
71342075 9280390
71342075 33796236
71342075 164353453
71342075 673030603
667673726 741396468
667673726 9280390
667673726 33796236
667673726 6265998
144530946 28377002
144530946 33796236
144530946 25194669
144530946 14545731
144541075 9280390
144541075 144526027
38905419 9280390
38905419 33796236
38905419 25194669
38905419 6265998
38905419 164353453
236440108 38905419
86260206 667673726
86260206 144522947
86260206 144529282
86260206 9280390
86260206 144526027
86260206 33796236
86260206 25194669
86260206 225409383
86260206 164353453
144523678 33796236
164353453 144526027
164353453 33796236
166203972 144522947
166203972 9280390
166203972 33796236
225426753 9280390
225426753 33796236
144529282 144522947
144529282 9280390
144529282 144526027
144529282 33796236
144529282 164353453
25194669 38905419
25194669 144522947
25194669 28377002
25194669 144530946
25194669 9280390
25194669 75150578
25194669 33796236
25194669 86260206
25194669 795047573
741396468 667673726
741396468 144526027
741396468 33796236
75150578 9280390
75150578 25194669
673029296 33796236
673029296 35547188
673029296 324406519
673029296 144564711
51879745 38905419
51879745 144522947
51879745 144526027
51879745 33796236
51879745 14545731
144514827 33796236
144514827 14545731
