2115285 79445251
2115285 51263978
2115285 127634733
39727996 127634733
128864644 127634733
37019688 773382977
37019688 127634733
84715716 376298636
154929925 178852666
134475479 127634733
127634733 773382977
327155658 127634733
178852666 154929925
102925594 376298636
133108058 127634733
571640790 127634733
83474223 127634733
55478438 127634733
26138329 25687375
35904826 127634733
137082091 114151372
548496454 127634733
124290908 773382977
73901277 127634733
49343706 127634733
25687375 26138329
376298636 84715716
602774509 127634733
51263978 79445251
51263978 2115285
773382977 127634733
114151372 137082091
467243417 127634733
