298848679 28085360
58183272 28085360
58183272 182080819
58183272 65258641
58183272 58470736
58183272 421464814
58183272 145158275
58183272 14794735
58183272 176741194
58183272 45822167
58183272 421479878
58098130 28085360
9361345 136595556
9361345 28085360
529337558 28085360
14794735 107476941
14794735 421464814
14794735 145158275
14794735 57602221
14794735 58470736
14794735 64664580
14794735 28085360
14794735 58183272
14794735 207069939
14794735 45822167
14794735 9023080
58172752 28085360
58172752 176741194
182080819 58183272
21088782 28085360
57994004 28085360
114505080 28085360
58333034 136595556
58333034 28085360
58470736 29715716
58470736 136595556
58470736 28085360
58470736 58183272
58470736 152878666
58470736 107476941
58470736 363402076
58470736 145158275
58470736 14794735
58470736 45822167
58470736 772327954
196392468 609430659
196392468 28085360
12246817 28085360
299259382 298850042
299259382 28085360
152890989 136595556
152728716 28085360
152728716 136595556
152728716 152603601
152728716 145158275
210187546 28085360
421546745 65381195
421546745 28085360
421546745 659987614
421546745 45822167
421546745 14794735
421464814 601613988
421464814 28085360
421464814 58183272
421464814 45822167
421464814 14794735
421456827 421456828
659987614 45822167
659987614 28085360
659987614 421546745
659987614 58316733
65401855 28085360
164900695 28085360
152581035 28085360
152603601 152728716
152603601 29715716
152603601 28085360
81599737 28085360
81599737 9023080
298850042 38923011
298850042 28085360
298850042 64664580
298850042 176741194
298850042 299259382
39071706 128589390
39071706 28085360
39071706 65401855
39071706 107476941
45488630 28085360
29715716 28085360
29715716 136595556
29715716 107492565
29715716 58470736
29715716 45822167
29715716 152603601
64664580 545028287
64664580 136595556
64664580 806258664
64664580 28085360
64664580 14680476
64664580 145158275
64664580 14794735
64664580 45822167
64664580 9023080
9023080 45822167
9023080 207069939
9023080 37821520
9023080 65401855
9023080 136595556
9023080 81599737
9023080 64664580
9023080 28085360
9023080 107476941
38923011 56937340
38923011 28085360
38923011 298850042
421462313 28085360
107492565 136595556
107492565 64664580
107492565 28085360
107492565 45822167
14680476 28085360
14680476 64664580
14680476 3651689
152879629 28085360
152879629 107476941
77978614 152581962
77978614 28085360
601613988 421464814
601613988 28085360
11197571 136595556
11197571 28085360
11197571 145158275
11197571 14794735
152595365 58316733
152595365 28085360
130515426 28085360
12417112 9361345
12417112 28085360
12417112 516587347
772327954 28085360
691253882 28085360
57602221 28085360
57602221 107476941
57602221 14794735
741570466 28085360
58412442 28085360
609430659 65381195
107476941 39071706
107476941 57602221
107476941 152879629
107476941 421479878
107476941 64664580
107476941 28085360
107476941 136595556
107476941 58470736
107476941 145158275
107476941 14794735
107476941 176741194
107476941 45822167
107476941 9023080
516587347 12417112
57637699 28085360
802181855 37821520
802181855 830482152
802181855 28085360
802181855 14794735
802181855 164354643
421456828 421456827
421456828 28085360
3651689 28085360
3651689 136595556
3651689 14680476
36515721 221419684
36515721 12417112
830482152 64664580
830482152 28085360
830482152 802181855
830482152 37821520
830482152 58470736
128589390 39071706
128589390 28085360
164354643 802181855
164354643 28085360
44671037 28085360
152581962 77978614
65381195 421546745
65381195 609430659
65381195 28085360
421479878 107476941
421479878 28085360
421479878 64664580
421479878 145158275
421479878 136595556
421479878 772327954
421479878 58183272
56895453 136595556
56895453 28085360
152878666 58470736
833308778 28085360
833308778 9023080
207069939 9023080
207069939 14794735
57065754 28085360
806258664 28085360
806258664 64664580
65258641 58183272
65258641 28085360
136595556 64664580
136595556 107476941
806232940 145158275
806232940 9023080
122856655 64664580
122856655 28085360
56937340 28085360
56937340 38923011
145158275 58183272
145158275 806232940
145158275 64664580
145158275 152728716
145158275 58470736
145158275 107476941
145158275 28085360
145158275 11197571
145158275 14794735
145158275 45822167
145158275 421479878
221419684 28085360
545028287 28085360
545028287 64664580
37821520 802181855
37821520 9023080
662428845 136595556
363402076 58470736
363402076 28085360
28085360 12246817
28085360 58172752
28085360 12417112
28085360 58333034
28085360 9361345
28085360 58098130
28085360 421546745
28085360 58412442
28085360 65258641
28085360 128589390
28085360 45488630
28085360 77978614
28085360 57994004
28085360 217177965
28085360 130515426
28085360 164900695
28085360 44671037
28085360 421462313
28085360 741570466
28085360 114505080
28085360 196392468
28085360 421456828
28085360 221419684
28085360 21088782
28085360 57637699
28085360 152851019
28085360 152581035
28085360 529337558
28085360 56937340
28085360 122856655
28085360 806258664
28085360 56895453
28085360 39071706
28085360 65381195
28085360 152879629
28085360 830482152
28085360 152595365
28085360 57602221
28085360 58316733
28085360 298848679
28085360 64664580
28085360 691253882
28085360 601613988
28085360 38923011
28085360 152728716
28085360 29715716
28085360 107492565
28085360 58183272
28085360 65401855
28085360 107476941
28085360 298850042
28085360 58470736
28085360 421464814
28085360 363402076
28085360 545028287
28085360 14680476
28085360 145158275
28085360 802181855
28085360 833308778
28085360 11197571
28085360 57065754
28085360 81599737
28085360 299259382
28085360 164354643
28085360 14794735
28085360 176741194
28085360 45822167
28085360 9023080
28085360 772327954
28085360 421479878
28085360 210187546
28085360 152603601
28085360 3651689
28085360 659987614
176741194 107476941
176741194 28085360
176741194 298850042
176741194 58172752
176741194 58183272
45822167 29715716
45822167 58470736
45822167 28085360
45822167 107492565
45822167 136595556
45822167 58183272
45822167 421546745
45822167 14680476
45822167 107476941
45822167 145158275
45822167 14794735
45822167 421464814
45822167 64664580
45822167 9023080
45822167 659987614
217177965 28085360
58316733 659987614
58316733 28085360
58316733 152595365
152851019 28085360
