13506819 127188950
13506819 50891174
13506819 212621195
132561594 179633632
132561594 127188950
132561594 212619533
319338824 127188950
836614372 127188950
302830212 127188950
212619851 179633632
212619851 127188950
212619851 50893128
225586866 127188950
695664151 179633632
587903548 127188950
618877937 127188950
61781932 127188950
45515727 179633632
155065972 179633632
155065972 127188950
607689148 127188950
317898161 127188950
836614722 184557094
212619078 179633632
212619078 127188950
212621195 13506819
212621195 50891174
156581339 127188950
45513508 127188950
45513508 45515727
212619533 127188950
212619533 132561594
132070111 179633632
132070111 127188950
604413486 164807922
184557094 179633632
184557094 836614722
184557094 127188950
129591671 659598320
137514059 127188950
283836891 458756483
75349893 127188950
125678327 179633632
125678327 127188950
50895669 179633632
50895669 127188950
95333726 127188950
50887777 179633632
50887777 127188950
45509010 130562438
49682217 50864399
49682217 127188950
697078157 179633632
697078157 127188950
50864399 179633632
50864399 127188950
50864399 50891174
50864399 49682217
54203875 127188950
50891174 50864399
50891174 127188950
50891174 13506819
50891174 212621195
320948642 127188950
43765168 127188950
164500237 127188950
17471504 179633632
17471504 127188950
458756483 283836891
54017930 127188950
72184355 127188950
164807922 604413486
110696009 179633632
110696009 127188950
50893128 127188950
50893128 45512892
50893128 212619851
212621685 179633632
193003153 179633632
45512892 179633632
45512892 50864399
45512892 29678910
45512892 50891174
45512892 50893128
237101974 127188950
130562438 45509010
130562438 179633632
130562438 127188950
29678910 45509010
29678910 179633632
29678910 127188950
44767164 127188950
108342833 127188950
51076695 127188950
132141698 127188950
44738522 127188950
123054154 127188950
269769442 127188950
44999361 127188950
179633632 110696009
179633632 127188950
179633632 695664151
179633632 130562438
