30552470 38265772
67731260 38265772
67731260 82012056
67731260 23334704
150086425 38265772
19207016 38265772
19207016 82012056
19207016 12198100
127798141 168725545
127798141 38265772
127798141 134129784
127798141 82012056
65319320 38265772
287833766 38265772
25686092 38265772
168725545 38265772
168725545 23334704
168725545 127798141
168725545 12198100
168725545 82012056
168725545 134129784
15815751 38265772
27671900 38265772
27671900 134129784
27671900 82012056
27671900 26911537
27671900 23334704
26911537 27671900
26911537 23334704
82012056 38265772
82012056 134129784
82012056 12579996
82012056 12198100
82012056 19207016
38265772 168725545
38265772 134129784
38265772 82012056
38265772 27671900
38265772 150086425
38265772 12198100
38265772 127798141
38265772 12579996
38265772 23334704
12579996 38265772
12579996 12198100
12579996 82012056
12579996 23334704
54969701 23334704
92733722 38265772
12198100 38265772
12198100 82012056
12198100 12579996
12198100 25686092
390515176 38265772
23334704 38265772
23334704 54969701
23334704 168725545
23334704 61826617
23334704 82012056
23334704 26911537
23334704 25686092
23334704 27671900
23334704 12579996
23334704 67731260
23334704 61300324
23334704 12198100
23334704 134129784
61826617 23334704
134129784 168725545
134129784 38265772
134129784 82012056
134129784 27671900
134129784 12198100
134129784 127798141
134129784 23334704
220499271 38265772
61300324 38265772
472332437 38265772
472332437 82012056
