81420603 65263086
81420603 5079722
29720561 12569104
29720561 5079722
29720561 2331219
50208197 5079722
14794735 5079722
14794735 33995121
14794735 10537491
14794735 26285018
14794735 58381306
223848637 5079722
223848637 33995121
223848637 497957185
223848637 10537491
27477598 253910819
27477598 5079722
81377531 5079722
81377531 45139400
81377531 27477598
65263086 5079722
65263086 81420603
65263086 58381306
179773782 5079722
24679236 5079722
24679236 50604648
24679236 10537491
482261765 5079722
12837638 5079722
12837638 29720561
12837638 81420603
12837638 33995121
772337882 5079722
50877047 5079722
89149193 5079722
179543393 5079722
82647512 5079722
129500716 5079722
152898675 5079722
152898675 33995121
57410039 5079722
82650807 104977753
182064598 5079722
45139400 5079722
45139400 22772988
45139400 81377531
697064478 5079722
58042490 89085822
58042490 5079722
2331219 5079722
2331219 29720561
2331219 27187133
2331219 72125330
215747976 5079722
215747976 58371499
215747976 58381306
81378012 5079722
163101538 5079722
497957185 5079722
497957185 223848637
12569104 5079722
12569104 29720561
12569104 33995121
27187133 2331219
127907571 5079722
35899291 5079722
81377654 5079722
50604648 5079722
50604648 694700162
50604648 74964224
50604648 25740619
50604648 24679236
50604648 189458671
50604648 58381306
163270387 5079722
9240279 5079722
104820830 5079722
698899922 5079722
208420170 22772988
35622399 5079722
187138319 5079722
650621076 5079722
152724027 5079722
30384138 5079722
421444990 5079722
22772988 45139400
22772988 208420170
74964224 5079722
74964224 50604648
37694041 5079722
270074572 5079722
694700162 50604648
503151276 5079722
57482192 57491447
10537491 5079722
10537491 223848637
10537491 14794735
10537491 58381306
45511468 5079722
298837277 5079722
179595803 5079722
33995121 12569104
33995121 5079722
33995121 223848637
33995121 82647512
33995121 72125330
33995121 26074982
33995121 14794735
93643272 5079722
93643272 22292530
152928984 27187133
135285931 5079722
253910819 5079722
253910819 29720561
253910819 223848637
253910819 27477598
189458671 50604648
189458671 55440335
189458671 5079722
189458671 14794735
189458671 58381306
89085822 5079722
89085822 58042490
72125330 55440335
72125330 33995121
72125330 5079722
72125330 29720561
72125330 12569104
72125330 2331219
81343291 5079722
26074982 5079722
26074982 33995121
5079722 187138319
5079722 131722584
5079722 127907571
5079722 89085822
5079722 50208197
5079722 29720561
5079722 81420603
5079722 33995121
5079722 2331219
5079722 25740619
5079722 55440335
5079722 698899922
5079722 58365006
5079722 129500716
5079722 26285018
5079722 421444990
5079722 93643272
5079722 10537491
5079722 14794735
5079722 215747976
57491447 5079722
57491447 57482192
58365006 5079722
58371499 5079722
58371499 215747976
26285018 5079722
26285018 14794735
26285018 215747976
26285018 58381306
58381306 33995121
58381306 5079722
58381306 25740619
58381306 215747976
58381306 189458671
58381306 50604648
58381306 14794735
58381306 26285018
58381306 65263086
55440335 5079722
55440335 81377531
55440335 27187133
55440335 72125330
131722584 5079722
25740619 5079722
25740619 50604648
25740619 58381306
75775127 5079722
104977753 5079722
104977753 82650807
22292530 5079722
22292530 29720561
22292530 93643272
