46997865 127207352
836613978 127207352
125787799 127207352
49191519 127207352
67338159 127207352
152524617 127207352
131400622 127207352
644183642 127207352
154798139 127207352
138793981 127207352
138793981 110601454
60271648 127207352
110601454 127207352
800274146 127207352
761539485 127207352
477480252 127207352
682869260 127207352
682869260 154811246
128117409 127207352
256557930 127207352
374475888 127207352
154871017 127207352
27620460 27371862
154826934 127207352
74443024 127207352
17702876 127207352
497807926 127207352
128528050 127207352
111259410 127207352
50030324 127207352
374488995 127207352
54411158 127207352
49288465 127207352
27310179 127207352
166687329 127207352
154811246 127207352
90085597 127207352
31778791 127207352
155460264 127207352
374523486 127207352
200017820 127207352
836613706 127207352
167861441 127207352
11998543 127207352
27371862 127207352
27371862 110601454
101763933 154826934
202291278 127207352
111405278 127207352
497814565 127207352
39824550 127207352
60275483 127207352
288281052 127207352
671817778 127207352
658352327 127207352
54309036 127207352
630208154 127207352
34653597 127207352
