43766852 132205917
43766852 61721125
20884409 30854150
20884409 68947968
20884409 47562477
20884409 33444563
20884409 79272727
20884409 65427198
20884409 127612026
20884409 17274668
20884409 54583936
20884409 61721125
199763646 15232288
199763646 61721125
230914194 61721125
48753776 61721125
136234652 61721125
129915939 61721125
65427198 127612026
65427198 32821862
65427198 164245549
65427198 60296996
65427198 61721125
127191942 5634960
127191942 54583936
127191942 61721125
85186152 61721125
49056390 17274668
49056390 26133759
49056390 54583936
49056390 61721125
106793853 61721125
128732554 61721125
61240074 5634960
61240074 127191942
61240074 61721125
5634960 15232288
5634960 47562477
5634960 33444563
5634960 127191942
5634960 103551928
5634960 1773428
5634960 17274668
5634960 61240074
5634960 60296996
5634960 61721125
15232288 30854150
15232288 5634960
15232288 79272727
15232288 103551928
15232288 17274668
15232288 54583936
15232288 61721125
33444563 5634960
33444563 17274668
33444563 20884409
33444563 82664747
33444563 49043874
33444563 61721125
45408355 61721125
192607346 61721125
82664747 18465653
82664747 33444563
82664747 54583936
82664747 61721125
57331354 44127678
57331354 61721125
27555555 103551928
27555555 54583936
27555555 61721125
75376206 61721125
69076551 61721125
230923033 61721125
230923033 30854150
103551928 15232288
103551928 47562477
103551928 5634960
103551928 30096389
103551928 127612026
103551928 17274668
103551928 5499932
103551928 27555555
103551928 61721125
302918110 17274668
302918110 61721125
2423474 61721125
97407279 61721125
44295398 54583936
44295398 61721125
23257358 61721125
46483252 35251403
46483252 30854150
46483252 61721125
47562477 5634960
47562477 127191942
47562477 103551928
47562477 127612026
47562477 17274668
47562477 20884409
47562477 80057279
47562477 61721125
44143029 61721125
61721125 230923033
61721125 5634960
61721125 127191942
61721125 79272727
61721125 35251403
61721125 20884409
61721125 30854150
61721125 23257358
61721125 106793853
61721125 15232288
61721125 90941555
61721125 231462582
61721125 65427198
61721125 46483252
61721125 44419903
61721125 129915939
61721125 72129722
61721125 134211693
61721125 17274668
61721125 48753776
61721125 33444563
92197193 61721125
44688658 61721125
60296996 30136289
60296996 5634960
60296996 65427198
60296996 32821862
60296996 1773428
60296996 54583936
60296996 61721125
127612026 47562477
127612026 35251403
127612026 103551928
127612026 65427198
127612026 1773428
127612026 20884409
127612026 61721125
104861757 304271517
104861757 61721125
231462582 61721125
32821862 30854150
32821862 47562477
32821862 128732554
32821862 35251403
32821862 65427198
32821862 20884409
32821862 54583936
32821862 44295398
32821862 133118201
32821862 60296996
1773428 137939903
1773428 5634960
1773428 79272727
1773428 127191942
1773428 127612026
1773428 17274668
1773428 54583936
1773428 60296996
1773428 61721125
138989303 49056376
138989303 30136289
138989303 44609061
138989303 85186152
138989303 61721125
18465653 5634960
18465653 17274668
18465653 20884409
18465653 82664747
18465653 61721125
82529374 35251403
82529374 61721125
54583936 15232288
54583936 49056376
54583936 12165207
54583936 30854150
54583936 49056390
54583936 35251403
54583936 621910628
54583936 127191942
54583936 46483252
54583936 32821862
54583936 1773428
54583936 57331354
54583936 49063050
54583936 5499932
54583936 20884409
54583936 44295398
54583936 82664747
54583936 133118201
54583936 49043874
54583936 27555555
54583936 60296996
54583936 61721125
79272727 134211693
79272727 15232288
79272727 1773428
79272727 61721125
302884580 129915939
302884580 61721125
80741645 17274668
80741645 61721125
621910628 61721125
30136289 30096389
30136289 138989303
30136289 17274668
30136289 90941555
30136289 20884409
30136289 60296996
30136289 61721125
49043874 33444563
49043874 17274668
49043874 90941555
49043874 54583936
49043874 61721125
133118201 32821862
133118201 54583936
133118201 30854150
133118201 61721125
30096389 30854150
30096389 35251403
30096389 103551928
30096389 133118201
30096389 61721125
44127678 57331354
7713941 61721125
17274668 15232288
17274668 30854150
17274668 85181473
17274668 30136289
17274668 33444563
17274668 128732554
17274668 49056390
17274668 5634960
17274668 60909096
17274668 80741645
17274668 103551928
17274668 1773428
17274668 26133759
17274668 302918110
17274668 82664747
17274668 61721125
164245549 65427198
164245549 5499932
164245549 61721125
35251403 46483252
35251403 127612026
35251403 32821862
35251403 82529374
35251403 54583936
35251403 61721125
191882969 61721125
90941555 30136289
90941555 61721125
44419903 61721125
47962910 61721125
68947968 20884409
68947968 61721125
49063050 54583936
49063050 61721125
60909096 61721125
49056376 79272727
49056376 20884409
49056376 54583936
49056376 133118201
49056376 61721125
137939903 61721125
132205917 61721125
304271517 104861757
5499932 61721125
26133759 49056390
26133759 103551928
26133759 17274668
26133759 61721125
48724645 61721125
187098814 61721125
12165207 128732554
12165207 127191942
12165207 54583936
12165207 61721125
30854150 15232288
30854150 47562477
30854150 128732554
30854150 32821862
30854150 20884409
30854150 54583936
30854150 61721125
134211693 61721125
134211693 79272727
85181473 72129722
85181473 61721125
115361954 27372382
72129722 30854150
72129722 85181473
72129722 61721125
27372382 61721125
27372382 115361954
80057279 61721125
