54309322 127462154
54309322 39042103
54309322 57069433
20759592 22589771
565307380 57494644
565307380 401729495
565307380 57069433
836612313 22589771
7245455 11793239
7245455 22589771
7245455 54265763
429257849 127462154
429257849 206717764
429257849 39042103
57068895 127462154
57068895 60078370
57068895 57067799
52560682 199961074
52560682 22589771
52560682 128089786
54421964 127462154
54421964 22589771
54421964 128089786
54421964 39042103
57067799 57494644
49016864 140116614
54415502 22589771
57069067 60078370
57069067 565307380
57069067 39042103
57494642 60078370
57494642 39042103
106516198 22589771
39042103 127462154
39042103 60078370
39042103 22589771
39042103 139460450
32660684 22589771
401729495 127462154
401729495 60078370
401729495 83647209
401729495 39042103
52608415 127462154
503550127 22589771
487526403 22589771
487526403 128264721
60078370 127462154
60078370 22589771
60078370 60082387
60078370 128089786
60078370 39042103
44984931 22589771
299426967 22589771
57070624 57494644
57070624 57069433
40128855 22589771
57068441 127462154
57068441 60078370
57068441 39042103
131292043 22589771
127462154 60078370
127462154 39042103
11793239 128089786
11793239 24094609
305911658 127462154
139460450 22589771
139460450 128089786
139460450 39042103
139460450 24094609
128089786 11793239
128089786 60078370
128089786 22589771
128089786 8738595
128089786 24094609
22560764 127462154
22560764 22589771
22560764 128089786
35918056 199961074
35918056 22589771
35918056 487526403
57069433 836613041
57069433 22589771
57069433 565307380
57069433 39042103
57069433 54309322
97271708 60078370
97271708 128089786
199961074 22589771
27106279 22589771
60082387 60078370
60082387 39042103
60082387 22560764
128264721 487526403
24094609 8738595
24094609 22589771
24094609 15378787
24094609 199961074
24094609 11793239
24094609 128089786
24094609 139460450
24094609 39042103
83647209 127462154
83647209 60078370
83647209 22560764
83647209 39042103
8738595 15378787
8738595 199961074
8738595 83647209
8738595 22589771
8738595 521157158
8738595 128089786
8738595 22560764
8738595 24094609
57494644 127462154
57494644 60078370
57494644 57067799
57494644 565307380
57494644 206717764
57494644 39042103
206717764 57494644
206717764 60078370
206717764 429257849
15378787 22589771
15378787 24094609
45238509 60078370
140116614 22589771
52560699 127462154
52560699 199961074
52560699 22589771
54311935 39042103
200041909 22589771
215969241 57437174
55029635 127462154
57188502 22589771
57188502 487526403
206717763 127462154
206717763 39042103
57437174 140116614
57437174 60078370
57437174 22589771
57437174 487526403
57437174 128264721
