33087685 60911559
27858736 60911559
27858736 61482108
12996851 27461399
111338958 60911559
111338958 61482108
665963475 301957907
166873063 60911559
107424350 61482108
130513584 60911559
130513584 196855294
67101784 60911559
1941120 60911559
152595170 196855294
152595170 60911559
152595170 61482108
60286128 60911559
12494033 27461399
12494033 6262539
12494033 60911559
12494033 61482108
85216305 82581813
71335304 60911559
71335304 61482108
71335304 61075318
72522414 196855294
6262539 27461399
6262539 12494033
301957907 665963475
301957907 602552554
301957907 60911559
55569845 196855294
57492823 61482108
97267013 60911559
54374455 60911559
56977750 60911559
499550254 61482108
61482108 60911559
61482108 60271611
61482108 107424350
27461399 31800141
27461399 30876249
27461399 6262539
27461399 57376905
22816547 60911559
22816547 127535381
61075318 60911559
61075318 196855294
31800141 27461399
199787720 60911559
199787720 61482108
192494261 61482108
36373465 28824359
127535381 60911559
127535381 22816547
82581813 60911559
82581813 85216305
82581813 61482108
82581813 61075318
52389753 60911559
11776598 27461399
11776598 60911559
11776598 12996851
30876249 27461399
3758315 60911559
3758315 199787720
3758315 61482108
142771461 61482108
15565873 82156283
76412478 107424350
57400217 60911559
57400217 61482108
60271611 61482108
602552554 301957907
163786996 61482108
82156283 61482108
57376905 27461399
130187193 61482108
