108531205 127183487
129519373 127183487
220656119 127183487
68577192 32289201
68577192 127183487
68577192 39554801
531713981 127183487
531713981 3787693
531713981 201167789
4119628 127183487
604552226 127183487
32289201 5107343
32289201 49340995
32289201 24935380
32289201 35697842
32289201 127183487
32289201 68577192
32289201 26494559
32289201 32860711
32289201 39554801
97011442 127183487
680653199 127183487
501644755 127183487
95597890 127183487
52394703 127183487
26060963 127183487
230935554 127183487
76798473 127183487
114065890 127183487
560708171 127183487
836613626 25102649
680699901 127183487
5107343 32289201
5107343 26494559
21959503 9870128
21959503 127183487
45184264 39554801
121599915 127183487
213875668 127183487
26494559 5107343
26494559 32289201
26494559 24935380
26494559 35697842
26494559 127183487
26494559 38086373
26494559 39554801
8182729 4119628
8182729 119306464
39554801 32289201
39554801 35697842
39554801 24935380
39554801 127183487
39554801 38086373
39554801 26494559
39554801 68577192
39554801 28865174
638034091 127183487
32860711 32289201
32860711 127183487
49340995 32289201
49340995 127183487
220654010 127183487
539463399 127183487
155223835 127183487
12579996 127183487
163822237 25102649
163822237 127183487
25102649 836613626
25102649 127183487
25102649 163822237
57546044 127183487
35697842 32289201
35697842 24935380
35697842 127183487
35697842 39554801
9870128 127183487
38086373 39554801
24600468 127183487
119306464 127183487
3787693 127183487
62035861 127183487
167602504 127183487
24935380 32289201
24935380 127183487
24935380 38086373
24935380 39554801
59048772 127183487
329442264 127183487
201167789 531713981
201167789 127183487
