231527574 69075639
231527574 61721125
231527574 68947298
163894779 27862716
163894779 61721125
577076290 61721125
24742588 27862716
24742588 61721125
129915939 27862716
129915939 61721125
97402804 27862716
97402804 61721125
49056390 27862716
49056390 61721125
33444563 65459887
33444563 61721125
65459887 231697982
65459887 33444563
65459887 6531324
65459887 61721125
134124048 61721125
596973766 61721125
48752641 134211693
48752641 72129722
48752641 61721125
69076551 61721125
82640465 61721125
32957987 27862716
32957987 61721125
69075639 27862716
69075639 32957987
69075639 61721125
44294466 61721125
61721125 65459887
61721125 6531324
61721125 32957987
61721125 129915939
61721125 596973766
61721125 27862716
61721125 231527574
61721125 72129722
61721125 134211693
61721125 577076290
61721125 52149451
61721125 69075639
61721125 33444563
61721125 24742588
52387170 27862716
52387170 61721125
11923851 61721125
44258337 61721125
69075773 61721125
231697982 61721125
68947298 231527574
68947298 61721125
27862716 61721125
22717650 61721125
199896894 27862716
199896894 61721125
6531324 596973766
6531324 72129722
6531324 27862716
6531324 61721125
134211693 61721125
52149451 61721125
72129722 48752641
72129722 6531324
72129722 61721125
