49521014 50643997
49521014 39640758
49521014 83507791
49521014 133248392
49521014 13108096
49521014 44498880
49521014 49520979
49521014 44597335
49521014 44318040
49521014 67225822
49521014 127386412
49521014 231566786
49521014 39613804
49521014 49049211
49521014 35127749
49521014 44693235
49521014 45222897
49521014 44604958
49521014 24541163
49521014 48650741
49521014 209221103
49521014 22155122
49521014 45222154
49521014 70038183
49521014 49042950
49521014 55019392
49521014 50880248
49521014 57128896
49521014 23779451
168593841 23779451
44131955 23779451
35127749 92362190
35127749 50643997
35127749 75344788
35127749 61265391
35127749 75366883
35127749 30982219
35127749 13108096
35127749 44498880
35127749 22579551
35127749 44597335
35127749 44318040
35127749 44220068
35127749 55569058
35127749 39613804
35127749 57414342
35127749 44364018
35127749 57595241
35127749 60580297
35127749 57488002
35127749 49521014
35127749 24541163
35127749 75359007
35127749 133112513
35127749 149549667
35127749 44564817
35127749 128174427
35127749 70038183
35127749 55019392
35127749 50880248
35127749 12686849
35127749 57128896
35127749 23779451
44613588 70038183
44613588 23779451
35331090 70038183
35331090 23779451
133112513 35127749
133112513 48650741
133112513 23779451
45222154 67225822
45222154 57414342
45222154 49521014
133149010 23779451
67225822 50643997
67225822 52389600
67225822 22579551
67225822 44352519
67225822 49521014
67225822 48650741
67225822 209221103
67225822 45222154
67225822 49042950
67225822 23779451
28365871 70038183
55019392 39613804
55019392 35127749
55019392 49521014
55019392 23779451
49520979 39613804
49520979 49521014
49520979 22155122
49520979 70038183
49520979 23779451
61265391 39613804
61265391 35127749
61265391 70038183
231566786 49521014
231566786 49042950
231566786 23779451
44604958 44498880
44604958 39613804
44604958 49521014
44604958 70038183
44604958 23779451
30982219 22579551
30982219 39613804
30982219 49688843
30982219 60580297
30982219 70038183
44498880 50643997
44498880 75344788
44498880 49062453
44498880 13108096
44498880 22579551
44498880 44597335
44498880 39613804
44498880 49688843
44498880 35127749
44498880 49521014
44498880 44604958
44498880 22155122
44498880 70038183
44498880 23779451
54682737 70038183
54682737 23779451
49062453 75344788
49062453 44498880
49062453 23779451
49688843 30982219
49688843 44498880
49688843 44220068
49688843 44352519
49688843 39613804
49688843 70038183
49688843 12686849
49688843 23779451
209221103 133248392
209221103 13108096
209221103 22579551
209221103 44597335
209221103 67225822
209221103 44220068
209221103 39613804
209221103 49049211
209221103 49521014
209221103 48650741
209221103 70038183
209221103 23779451
44038981 70038183
44038981 23779451
55569058 22579551
55569058 35127749
55569058 22155122
55569058 70038183
55569058 23779451
128174427 23779451
57128896 13108096
57128896 35127749
57128896 49521014
57128896 22579551
57128896 39613804
57128896 70038183
57128896 23779451
7480491 44320765
7480491 23779451
127386412 75344788
127386412 39613804
127386412 49521014
127386412 70038183
127386412 23779451
50651818 23779451
44693235 13108096
44693235 49521014
44693235 70038183
22155122 13689929
22155122 75344788
22155122 30982219
22155122 22579551
22155122 44318040
22155122 55569058
22155122 39613804
22155122 49521014
22155122 48650741
22155122 70038183
22155122 23779451
52389600 22579551
52389600 67225822
52389600 39613804
52389600 70038183
52389600 23779451
50880248 75344788
50880248 35127749
50880248 49521014
50880248 48650741
45222897 44597335
45222897 49521014
45222897 48650741
45222897 70038183
83507791 49521014
83507791 23779451
49042950 67225822
49042950 231566786
49042950 49521014
49042950 48650741
49042950 70038183
49042950 12686849
49042950 23779451
44320765 7480491
44320765 23779451
12487893 44320765
12487893 18086300
12487893 23779451
48650741 50643997
48650741 13108096
48650741 44318040
48650741 67225822
48650741 39613804
48650741 49049885
48650741 48486658
48650741 45222897
48650741 49521014
48650741 209221103
48650741 22155122
48650741 133112513
48650741 149549667
48650741 70038183
48650741 49042950
48650741 50880248
48650741 23779451
49059114 127386281
49059114 23779451
15945091 23779451
44220068 13689929
44220068 22579551
44220068 44318040
44220068 44352519
44220068 39613804
44220068 49688843
44220068 209221103
44220068 22155122
44220068 133112513
44220068 70038183
44220068 23779451
60580297 30982219
60580297 39613804
60580297 49049211
60580297 35127749
60580297 70038183
127386281 23779451
127408058 23779451
18086300 12487893
18086300 23779451
50643997 67225822
50643997 39613804
50643997 35127749
50643997 49521014
50643997 48650741
50643997 70038183
50643997 23779451
57414342 35127749
57414342 45222154
57414342 23779451
133248392 39613804
133248392 49521014
133248392 70038183
133248392 23779451
57488002 13108096
57488002 70038183
57488002 23779451
44318040 75344788
44318040 127386281
44318040 22579551
44318040 39613804
44318040 49049211
44318040 35127749
44318040 49521014
44318040 48650741
44318040 22155122
44318040 70038183
44318040 23779451
302767026 39613804
302767026 23779451
70038183 28365871
70038183 13689929
70038183 50643997
70038183 44613588
70038183 75344788
70038183 39640758
70038183 127408058
70038183 44264446
70038183 61265391
70038183 30982219
70038183 133248392
70038183 13108096
70038183 44498880
70038183 52389600
70038183 22579551
70038183 44597335
70038183 44318040
70038183 10096025
70038183 44220068
70038183 44352519
70038183 127386412
70038183 55569058
70038183 39613804
70038183 49688843
70038183 57595241
70038183 60580297
70038183 57488002
70038183 44038981
70038183 35127749
70038183 44693235
70038183 45222897
70038183 49521014
70038183 35331090
70038183 48650741
70038183 209221103
70038183 22155122
70038183 75359007
70038183 149549667
70038183 49042950
70038183 12686849
70038183 57128896
70038183 23779451
13689929 39613804
13689929 22155122
13689929 70038183
13689929 23779451
13108096 44498880
13108096 39613804
13108096 57488002
13108096 35127749
13108096 44693235
13108096 49521014
13108096 48650741
13108096 209221103
13108096 75359007
13108096 70038183
13108096 57128896
13108096 23779451
92362190 35127749
75359007 13108096
75359007 22579551
75359007 39613804
75359007 22155122
75359007 70038183
75359007 57128896
22579551 75344788
22579551 30982219
22579551 44498880
22579551 44597335
22579551 44220068
22579551 39613804
22579551 35127749
22579551 209221103
22579551 22155122
22579551 70038183
22579551 57128896
22579551 23779451
23779451 18086300
23779451 12487893
23779451 64883327
23779451 127863553
23779451 225393870
23779451 7480491
23779451 133149010
23779451 44320765
23779451 49049885
23779451 12686849
23779451 49215594
23779451 44220068
23779451 55569058
23779451 209221103
23779451 60580297
23779451 75344788
23779451 44318040
23779451 22579551
23779451 57128896
23779451 49059114
23779451 35127749
23779451 39613804
23779451 54682737
23779451 127386412
23779451 70038183
23779451 61265391
23779451 134364600
23779451 44364018
23779451 133248392
23779451 52389600
23779451 44564817
23779451 127386281
23779451 50643997
23779451 57488002
23779451 231566786
23779451 22155122
23779451 39640758
23779451 44604958
23779451 168593841
23779451 133112513
23779451 44597335
23779451 35331090
23779451 223753216
23779451 49049211
23779451 27950865
23779451 49688843
23779451 49521014
23779451 49042950
23779451 49062453
23779451 50651818
23779451 15945091
23779451 44264446
23779451 13108096
23779451 44613588
23779451 44038981
23779451 55019392
23779451 48650741
23779451 24541163
23779451 57595241
23779451 49520979
23779451 83507791
23779451 57414342
23779451 127408058
23779451 75366883
23779451 45222154
23779451 92362190
23779451 44352519
23779451 67225822
23779451 302767026
23779451 13689929
23779451 44131955
23779451 10096025
23779451 128174427
23779451 56839989
23779451 44681011
23779451 48486658
23779451 149549667
44564817 23779451
27950865 23779451
75344788 22579551
75344788 127386412
75344788 39613804
75344788 57414342
75344788 49049211
75344788 35127749
75344788 22155122
75344788 70038183
75344788 50880248
39640758 127386281
39640758 39613804
39640758 49521014
39640758 70038183
39640758 23779451
134364600 23779451
44622347 39613804
44622347 23779451
44622347 70038183
44597335 44498880
44597335 52389600
44597335 22579551
44597335 39613804
44597335 49688843
44597335 35127749
44597335 45222897
44597335 49521014
44597335 209221103
44597335 70038183
44597335 23779451
39613804 13689929
39613804 50643997
39613804 75344788
39613804 49062453
39613804 127386281
39613804 39640758
39613804 127408058
39613804 44264446
39613804 61265391
39613804 30982219
39613804 133248392
39613804 13108096
39613804 44498880
39613804 49520979
39613804 22579551
39613804 44597335
39613804 44318040
39613804 49215594
39613804 10096025
39613804 44220068
39613804 44352519
39613804 127386412
39613804 44364018
39613804 49688843
39613804 49049885
39613804 57595241
39613804 60580297
39613804 57488002
39613804 49049211
39613804 302767026
39613804 35127749
39613804 49521014
39613804 44604958
39613804 48650741
39613804 209221103
39613804 22155122
39613804 75359007
39613804 149549667
39613804 70038183
39613804 49042950
39613804 55019392
39613804 12686849
39613804 57128896
39613804 23779451
44364018 23779451
44264446 70038183
44264446 23779451
49215594 23779451
48486658 48650741
48486658 70038183
48486658 23779451
127863553 23779451
12686849 49688843
12686849 39613804
12686849 35127749
12686849 70038183
12686849 49042950
12686849 23779451
44352519 67225822
44352519 44220068
44352519 39613804
44352519 49688843
44352519 70038183
44352519 23779451
223753216 23779451
64883327 23779451
56839989 127386281
56839989 23779451
49049211 75344788
49049211 127386281
49049211 22579551
49049211 44318040
49049211 39613804
49049211 49521014
49049211 209221103
49049211 70038183
49049211 23779451
149549667 39640758
149549667 39613804
149549667 35127749
149549667 48650741
149549667 70038183
149549667 23779451
49049885 35127749
49049885 48650741
49049885 70038183
49049885 23779451
75366883 39613804
75366883 35127749
75366883 23779451
57595241 22579551
57595241 39613804
57595241 35127749
57595241 22155122
57595241 70038183
57595241 23779451
10096025 39613804
10096025 70038183
10096025 23779451
24541163 49521014
225393870 23779451
