167417991 57068884
167417991 602510958
167417991 57068480
277765491 132191197
40609628 547443477
602510958 52608945
602510958 206717616
602510958 57068884
602510958 57068480
836611915 132191197
568761694 132191197
460974730 547443477
159090730 132191197
812768154 521858653
812768154 836611947
134998105 132191197
547443477 836614852
547443477 460974730
547443477 836611947
248700372 155047877
155668284 132191197
28839896 132191197
57068480 167417991
57068480 206717616
57068480 57068884
57068480 602510958
40601995 836614852
40601995 460974730
521858653 812768154
243543442 132191197
836614852 547443477
836614852 40601995
155047877 248700372
611033102 243763084
212794006 132191197
266040224 132191197
345152767 132191197
58327586 132191197
255617835 132191197
836611947 547443477
836614631 132191197
836614631 568761694
234952628 132191197
243763084 611033102
52608945 57068480
228606630 132191197
57068884 52608945
57068884 602510958
57068884 57068480
206717616 602510958
206717616 57068480
