48717736 127209495
77793404 127209495
74552961 67684947
25183042 127209495
96198027 127209495
132950566 127209495
23325887 135805201
25266384 127209495
25266384 18625244
49340713 127209495
102369075 127209495
102369075 67684947
36914727 127209495
26391659 127209495
127819413 127209495
50867399 127209495
44616348 25266384
44616348 49067424
82266128 127209495
57470370 127209495
48243491 127209495
67684947 102369075
67684947 127209495
67684947 74552961
48555103 57128650
65109585 127209495
61257877 127209495
56971164 127209495
18625244 127209495
18625244 25266384
