19077390 127219194
299151238 127219194
199788068 127219194
127219194 121370425
833390863 127219194
298807144 127219194
298807144 258369407
298807144 289175600
365287158 127219194
666366667 127219194
121370425 127219194
121370425 28814827
319837207 127219194
51637495 127219194
28814827 127219194
448206507 127219194
59695623 127219194
689360087 127219194
689360087 299495381
139280791 127219194
836611687 127219194
95788790 127219194
799886605 127219194
299495381 127219194
299495381 689360087
258369407 127219194
258369407 298807144
51818365 127219194
235868084 127219194
12715018 127219194
340053270 127219194
19553707 127219194
449035878 127219194
20111255 127219194
383182456 127219194
448006410 127219194
146878587 127219194
36198059 127219194
834277943 127219194
236558968 127219194
166747939 127219194
159807210 127219194
35490718 127219194
129826942 127219194
135446496 127219194
731679319 127219194
166510850 127219194
578732253 127219194
674727201 127219194
289175600 127219194
289175600 298807144
453319102 127219194
