31416817 127403655
685792319 127403655
745841319 127403655
72188474 127403655
604098948 127403655
40530045 156103881
40530045 322784957
644477359 127403655
382921522 127403655
55003798 127403655
25305334 127403655
59633033 127403655
22516838 127403655
835929467 127403655
50696995 127403655
307633294 127403655
229680247 127403655
147927345 127403655
11486796 127403655
462461658 127403655
73655125 127403655
235885911 127403655
697513736 127403655
29417175 127403655
696474325 127403655
755663153 127403655
745831913 127403655
450267373 127403655
761313284 127403655
674366140 127403655
745808171 127403655
112728767 127403655
168248995 127403655
674454939 127403655
155547979 127403655
139723648 127403655
225291191 127403655
225291191 214106300
221063573 127403655
181925595 127403655
747216407 127403655
578849005 127403655
56960581 127403655
687403950 127403655
161094924 127403655
261586131 127403655
836614842 127403655
386133958 127403655
122122903 127403655
36211261 127403655
156103881 685792319
156103881 40530045
745857126 127403655
745813294 127403655
260520583 127403655
322784957 40530045
214106300 225291191
834358292 127403655
193154762 127403655
38170168 127403655
809530633 127403655
745812000 127403655
54613690 127403655
237481446 127403655
307334229 127403655
203394711 127403655
48706655 127403655
674462762 127403655
701089147 127403655
449011008 127403655
77847395 127403655
666548270 127403655
