350855926 11579186
8850709 11579186
7506543 54365640
7506543 11579186
7506543 169548496
7506543 76771852
7506543 73674005
142747685 54431298
142747685 83553222
52071024 11579186
65220558 11579186
40184346 17580456
40184346 17102096
40184346 83554661
40184346 83553222
130031136 83553222
263959622 65276457
20215437 11579186
20215437 76771852
11168982 11579186
55045834 11579186
97112437 11579186
650651563 65273790
57235875 17580456
57235875 11579186
57235875 83553222
152475074 11579186
33144099 11579186
54399594 54384028
54399594 54365640
54399594 52035723
54399594 11579186
54399594 65276457
54399594 195962139
54399594 128670940
54399594 55446460
54399594 607689272
128670940 54399594
10273299 11579186
607689272 54384028
607689272 54399594
607689272 51971688
54436525 17580456
54436525 11579186
54436525 83553222
386972815 11579186
23986307 11579186
128018800 442774474
128018800 65276457
52505087 83553222
45382705 11579186
52035723 54399594
52035723 83554661
52035723 83553222
442774474 65273790
442774474 530542994
442774474 128018800
442774474 17080431
442774474 65276457
442774474 83553222
73674005 83554661
73674005 7506543
262861912 11579186
300018662 11579186
54365640 54384028
54365640 764071051
764071051 11579186
60172443 11579186
130304679 17580456
130304679 11579186
130304679 54431298
130304679 83554661
130304679 83553222
17580456 54436525
17580456 17102096
17580456 57235875
17580456 54431298
17580456 40184346
17580456 130304679
17580456 83554661
17580456 55446460
17580456 83553222
17580456 130031136
169548496 7506543
54395540 11579186
78770203 83553222
697273171 11579186
17080431 65273790
17080431 442774474
17080431 11579186
17080431 65276457
298850817 65273790
19873768 11579186
76771852 128018800
76771852 11579186
76771852 20215437
76771852 7506543
83554661 17102096
83554661 11579186
83554661 128332420
83554661 54431298
83554661 40184346
83554661 130304679
83554661 55446460
83554661 73674005
39366530 11579186
530542994 442774474
530542994 11579186
128332420 83554661
128332420 83553222
67091152 11579186
110382984 11579186
54384028 54365640
54384028 179692561
55446460 11579186
55446460 83554661
55446460 54399594
55446460 83553222
55446460 130031136
55446460 17580456
458735053 11579186
52228054 11579186
56370987 11579186
299450571 51971688
299450571 11579186
299450571 54399594
38269215 11579186
51971688 299450571
51971688 54365640
51971688 607689272
65273790 650651563
65273790 442774474
65273790 11579186
65273790 17080431
65273790 65276457
65273790 298850817
179692561 54384028
195962139 54399594
195962139 54384028
195962139 11579186
54431298 17580456
54431298 142747685
54431298 11579186
54431298 57235875
54431298 83554661
54431298 83553222
54431298 130304679
833576882 11579186
38341858 11579186
65276457 65273790
65276457 128018800
65276457 442774474
65276457 11579186
65276457 17080431
65276457 263959622
52015298 11579186
17102096 130031136
17102096 17580456
17102096 83554661
17102096 40184346
17102096 83553222
83553222 54436525
83553222 17102096
83553222 52035723
83553222 442774474
83553222 11579186
83553222 128332420
83553222 57235875
83553222 54431298
83553222 40184346
83553222 52505087
83553222 130304679
83553222 142747685
83553222 55446460
83553222 130031136
83553222 17580456
83553222 78770203
