384753680 27228910
128138591 27228910
16358299 27228910
134485774 27228910
734756114 27228910
734756114 184209190
482696976 27228910
254835196 27228910
184209190 734756114
184209190 134157736
7463046 27228910
156198219 27228910
52586608 27228910
155740962 27228910
45223336 27228910
45223336 689360784
225291678 27228910
225291678 578768658
299355400 27228910
269775617 27228910
37315119 27228910
135698509 27228910
369319333 27228910
11614486 27228910
397252008 27228910
114407229 27228910
46946911 27228910
106123631 27228910
64499485 27228910
64499485 38375420
199943733 27228910
27228910 37315119
27228910 36449980
365489138 27228910
365489138 689360784
136143457 27228910
578768658 225291678
144547773 27228910
129501874 27228910
835932266 27228910
615356684 27228910
261303992 27228910
5576752 27228910
397467844 27228910
54237158 27228910
199912516 27228910
759809 27228910
159770098 27228910
215916704 27228910
155567895 27228910
689360784 27228910
689360784 365489138
809483920 27228910
335516955 578768658
47653129 27228910
40128119 27228910
125795994 27228910
36449980 27228910
610294773 27228910
134157736 184209190
401477401 27228910
49312373 27228910
833398173 155782743
200173725 27228910
155782743 30311513
155782743 833398173
448414535 30311513
480138042 27228910
166695327 27228910
836612116 27228910
220524215 27228910
497227056 27228910
447931961 27228910
114911507 27228910
453942782 27228910
322454859 27228910
13253919 27228910
746194414 27228910
35372960 27228910
9012076 27228910
38375420 27228910
38375420 64499485
20478687 27228910
20478687 184209190
450123780 27228910
