127961932 39929481
127895363 497342369
127895363 39929481
497342369 39929481
497342369 127895363
701316561 39929481
548220628 39929481
657051745 39929481
18110484 39929481
56252590 39929481
35864505 39929481
139056105 39929481
183595624 39929481
39929481 497342369
39929481 127895363
39929481 14572481
13538968 39929481
497187456 127895363
497187456 39929481
72422642 127895363
72422642 39929481
413377326 39929481
57469137 39929481
14572481 140237377
14572481 127895363
14572481 39929481
14572481 35864505
199956754 39929481
676143448 39929481
43695990 39929481
140237377 39929481
140237377 14572481
