322663870 16401444
326864443 505288208
265594593 72061977
24773269 16401444
73075599 60989184
16967101 68001196
16967101 16205071
24742339 16401444
49043306 16401444
154798384 16401444
3616384 16401444
60989184 14419219
60989184 16401444
696021108 16205071
136405683 16401444
505288208 326864443
68001196 16401444
12483748 16967101
36335979 60989184
14419219 16401444
155603542 16401444
48752593 68001196
3797102 16205071
814798560 60989184
364186997 16205071
217184419 72061977
132444889 16205071
16401444 68001196
16401444 60989184
