237617248 85046523
298691465 128715702
298691465 85046523
836611275 128715702
836611275 85046523
245121260 128715702
130215477 128715702
250156470 85046523
250156470 128715702
72107896 128715702
72107896 85046523
57479635 52574898
57479635 128715702
57479635 85046523
174484141 128715702
174484141 85046523
52574898 85046523
52574898 128715702
52574898 49255380
295108838 85046523
296656024 128715702
296656024 85046523
58250152 85046523
107673166 128715702
514021233 128715702
298713032 128715702
298713032 85046523
297054483 128715702
297054483 85046523
163906103 85046523
107670458 128715702
22049644 128715702
49255380 219772695
49255380 52574898
49255380 217178601
49255380 128715702
49255380 85046523
49255380 442187767
132796744 128715702
217178601 85046523
166783187 128715702
58247175 128715702
58247175 85046523
166778771 128715702
107668823 85046523
107668823 128715702
130388996 128715702
130388996 36270336
61240015 128715702
38530178 128715702
38530178 85046523
52578257 36270336
52578257 128715702
52578257 85046523
57490992 128715702
199691935 128715702
83683392 85046523
83683392 128715702
219772695 85046523
219772695 128715702
219772695 49255380
128715702 85046523
589411376 128715702
57177182 85046523
57177182 128715702
83688413 85046523
83688413 128715702
49169774 128715702
49169774 85046523
13277079 128715702
836610715 128715702
54250443 85046523
54250443 128715702
442187767 49255380
442187767 128715702
425541115 128715702
220520599 85046523
220520599 128715702
57462264 130388996
23962007 128715702
23962007 85046523
85046523 128715702
57192627 128715702
174228346 128715702
