77681812 62296689
77681812 258426871
455002776 29498577
27853200 131982540
29498577 128269013
29498577 455002776
20696239 58259473
20696239 77681812
62296689 77681812
131982540 27853200
258426871 77681812
112744868 127486545
112744868 133353583
23080694 111566712
23080694 35428532
111566712 23080694
836610884 35428532
54377630 77681812
176078083 35428532
139393061 35428532
52531987 455002776
118403840 2568577
127486545 112744868
127486545 133353583
127486545 132372617
58259473 20696239
133353583 127486545
133353583 170752298
133353583 112744868
58460842 6028786
191898400 36469935
516102190 35428532
36469935 191898400
36469935 5726504
36469935 35428532
132372617 127486545
119758412 35428532
58184117 58258544
58047664 35428532
170752298 133353583
74474225 455002776
128269013 29498577
58258544 58184117
58258544 9549379
57274005 55235457
