97137535 305443093
97137535 57183211
645064680 14773602
305443093 22057659
305443093 97137535
305443093 133733993
836614144 14773602
78363542 14773602
44858294 14773602
156572708 14773602
5034420 162847984
162847984 424232722
162847984 5034420
49299204 14773602
44982392 14773602
161693598 14773602
374266152 14773602
19819233 22057659
19819233 14773602
296452939 14773602
296452939 133733993
57161148 14773602
424232722 80885775
424232722 162847984
133733993 45039336
133733993 22057659
133733993 296452939
133733993 305443093
817777979 14773602
57183211 97137535
57183211 14773602
231213756 14773602
346777941 14773602
22057659 133733993
22057659 305443093
22057659 14773602
80885775 424232722
80885775 130928016
45039336 133733993
305826720 14773602
130928016 80885775
63244110 14773602
