152931344 36092760
152931344 601947963
152931344 58184329
152931344 127166025
152931344 57646795
132013472 127166025
473839363 127166025
11068776 127166025
60691343 128501305
60691343 210230961
60691343 127166025
60691343 19872933
60691343 57643880
60691343 152921266
60691343 152533638
128501305 141107343
128501305 57652078
128501305 581429861
128501305 44759002
128501305 216101531
128501305 152921266
128501305 152533638
128501305 60691343
128501305 152673548
128501305 65313881
128501305 210230961
128501305 322661552
128501305 210192443
128501305 127166025
179901520 127166025
44828425 127166025
44828425 44759002
44828425 152921266
298838547 127166025
152533638 128501305
152533638 127166025
152533638 210192525
152533638 152673548
141107343 128501305
141107343 127166025
152954742 127166025
152954742 19872933
152954742 152877128
152954742 57645691
790500687 127166025
152729622 127166025
152729622 19872933
152729622 634032957
54179072 127166025
152579436 127166025
812502182 606025795
812502182 834288995
812502182 152676913
812502182 727837095
812502182 566511141
812502182 370766871
812502182 132013472
812502182 635972930
812502182 125340015
812502182 127166025
812502182 185432118
812502182 812484636
812502182 648069132
812502182 836613124
812502182 152574106
812502182 372090709
812502182 812531402
812502182 648069103
833365357 127166025
812484636 588961267
812484636 152676913
812484636 566511141
812484636 370766871
812484636 635972930
812484636 127166025
812484636 185432118
812484636 372090709
812484636 812502182
812484636 834023581
92621382 127166025
262485024 216016162
262485024 127166025
199669905 127166025
152730754 57643880
152730754 210192443
152730754 216101531
152730754 65313881
152730754 57645691
152574106 127166025
210230961 152877128
210230961 19872933
210230961 60691343
210230961 127166025
210230961 152954742
152914088 127166025
836613124 727837095
836613124 127166025
836613124 185432118
836613124 648069132
836613124 372090709
836613124 812502182
836613124 648069103
57643880 152730754
57643880 152877128
57643880 58184329
57643880 127166025
57643880 19872933
57643880 44759002
57643880 60691343
57643880 152673548
57643880 57645691
57643880 57646795
836614499 127166025
684433454 127166025
152694790 127166025
836614459 127166025
57646795 127166025
57646795 57643880
57646795 152931344
57646795 152877128
57646795 57643971
362044077 127166025
125340015 370766871
125340015 132013472
125340015 127166025
125340015 648069103
57643971 728485469
57643971 152673548
57643971 57646795
566511141 606025795
566511141 834288995
566511141 588961267
566511141 152676913
566511141 727837095
566511141 370766871
566511141 635972930
566511141 648069103
566511141 812502182
566511141 812531402
566511141 372090709
566511141 836613124
566511141 648069132
566511141 812484636
566511141 127166025
152673548 152730754
152673548 128501305
152673548 57643971
152673548 58184329
152673548 127166025
152673548 44759849
152673548 57643880
152673548 210192525
152673548 152533638
152512141 127166025
36092760 152931344
36092760 127166025
812531402 606025795
812531402 152676913
812531402 370766871
812531402 127166025
812531402 185432118
812531402 648069132
812531402 372090709
812531402 812502182
812531402 648069103
185432118 606025795
185432118 834288995
185432118 588961267
185432118 152676913
185432118 727837095
185432118 566511141
185432118 57652078
185432118 370766871
185432118 635972930
185432118 127166025
185432118 812484636
185432118 210192525
185432118 648069132
185432118 836613124
185432118 372090709
185432118 812531402
185432118 812502182
185432118 834023581
185432118 648069103
588961267 606025795
588961267 834288995
588961267 152676913
588961267 370766871
588961267 127166025
588961267 142971535
588961267 372090709
588961267 210192525
588961267 185432118
370766871 127166025
606025795 648069103
606025795 812502182
606025795 372090709
606025795 185432118
606025795 127166025
606025795 635972930
606025795 566511141
606025795 727837095
606025795 152676913
210192443 57652078
210192443 58184329
210192443 216101531
210192443 152921266
210192443 44828425
210192443 127166025
210192443 210192525
210192443 128501305
54249535 127166025
322661552 127166025
322661552 128501305
578845895 127166025
57645691 152730754
57645691 19872933
57645691 57643880
57645691 127166025
57645691 152954742
372090709 606025795
372090709 152676913
372090709 727837095
372090709 566511141
372090709 132013472
372090709 635972930
372090709 127166025
372090709 185432118
372090709 812484636
372090709 648069132
372090709 836613124
372090709 648069103
372090709 812502182
372090709 812531402
57652078 128501305
57652078 601947963
57652078 127166025
57652078 185432118
57652078 210192443
636487251 127166025
834288995 127166025
152676913 606025795
152676913 588961267
152676913 152681354
152676913 727837095
152676913 635972930
152676913 127166025
152676913 185432118
152676913 812484636
152676913 648069132
152676913 834276420
152676913 372090709
152676913 812531402
152676913 812502182
152676913 834023581
152676913 648069103
175522780 127166025
58184329 152931344
58184329 127166025
58184329 57643880
58184329 210192443
834023581 812484636
834023581 127166025
834023581 152676913
215713389 127166025
601947963 57652078
601947963 152931344
601947963 127166025
210192525 588961267
210192525 185432118
210192525 152533638
210192525 152673548
210192525 210192443
210192525 127166025
142971535 588961267
142971535 132013472
142971535 125340015
142971535 127166025
152681354 152676913
152681354 648069103
152681354 836613124
152681354 127166025
152877128 152730754
152877128 210230961
152877128 127166025
152877128 57643880
152877128 44759002
152877128 152954742
152877128 57646795
578791882 127166025
44759849 127166025
44759849 152673548
581429861 128501305
581429861 127166025
635972930 606025795
635972930 834288995
635972930 588961267
635972930 152676913
635972930 727837095
635972930 370766871
635972930 648069103
635972930 812502182
635972930 812531402
635972930 372090709
635972930 836613124
635972930 648069132
635972930 812484636
635972930 185432118
184626565 127166025
359251830 127166025
19872933 152729622
19872933 210230961
19872933 127166025
19872933 57643880
19872933 152921266
19872933 60691343
19872933 152954742
216016162 127166025
216016162 262485024
834276420 152681354
834276420 152676913
834276420 127166025
834276420 648069103
634032957 127166025
728485469 57643971
728485469 127166025
177094570 127166025
727837095 606025795
727837095 834288995
727837095 588961267
727837095 152676913
727837095 566511141
727837095 370766871
727837095 648069103
727837095 812502182
727837095 812531402
727837095 372090709
727837095 836613124
727837095 648069132
727837095 185432118
727837095 127166025
727837095 125340015
727837095 635972930
648069103 606025795
648069103 834288995
648069103 152676913
648069103 370766871
648069103 127166025
648069103 185432118
648069103 648069132
648069103 836613124
648069103 372090709
648069103 812502182
648069103 834023581
307316991 127166025
152921266 128501305
152921266 127166025
152921266 19872933
152921266 210192443
152921266 60691343
65313881 36092760
65313881 128501305
65313881 127166025
216101531 152730754
216101531 128501305
216101531 127166025
216101531 210192443
44759002 128501305
44759002 152877128
44759002 127166025
44759002 57643880
44759002 44828425
648069132 606025795
648069132 834288995
648069132 152676913
648069132 727837095
648069132 566511141
648069132 370766871
648069132 635972930
648069132 127166025
648069132 185432118
648069132 812484636
648069132 648069103
648069132 812502182
648069132 812531402
648069132 372090709
648069132 152574106
648069132 836613124
