141221195 97088526
25579829 26204967
25579829 617434397
25579829 58352306
25579829 128024188
25579829 140584197
25579829 4396691
25579829 8983689
25579829 29968912
25579829 13498687
738392451 58352306
738392451 69434299
738392451 140584197
738392451 8983689
57608067 4396691
57608067 29460618
57608067 26204967
57608067 140584197
57608067 128024188
57608067 58352306
57608067 617434397
57608067 205885406
57608067 13498687
26204967 54392148
26204967 58352306
26204967 64801645
26204967 35792492
26204967 57604491
26204967 29460618
26204967 205885406
26204967 57608067
26204967 13498687
8983689 58352306
8983689 52571896
8983689 128024188
8983689 58037029
8983689 57604491
8983689 4396691
8983689 29460618
8983689 25579829
8983689 31028716
8983689 167835755
8983689 54362560
8983689 13498687
161487868 140584197
57604491 26204967
57604491 58352306
57604491 29460618
57604491 8983689
57604491 13498687
130041015 58352306
130041015 52571896
130041015 35792492
130041015 128024188
130041015 58403115
130041015 29460618
130041015 167835755
130041015 205885406
205885406 26204967
205885406 29460618
205885406 64801645
205885406 52464807
205885406 58352306
205885406 298856079
205885406 58037029
205885406 130041015
205885406 54362560
205885406 57608067
205885406 13498687
91230003 54392148
91230003 58352306
91230003 91245499
91230003 457445323
91230003 69434299
91230003 130041015
91230003 35792492
91230003 52464807
4396691 54392148
4396691 677545021
4396691 58352306
4396691 457445323
4396691 69434299
4396691 130041015
4396691 54340981
4396691 140584197
4396691 29460618
4396691 25579829
4396691 8983689
4396691 57608067
54340981 677545021
52581117 58352306
52581117 54362560
69434299 54392148
54616870 617434397
54616870 130041015
54616870 4396691
54616870 52464807
97088526 141221195
298856079 457445323
298856079 35792492
298856079 128024188
298856079 4396691
298856079 205885406
54362560 58037029
54362560 58352306
54362560 8983689
54362560 52581117
54362560 205885406
29460618 26204967
29460618 130041015
29460618 64801645
29460618 128024188
29460618 140584197
29460618 57604491
29460618 4396691
29460618 52464807
29460618 8983689
29460618 29968912
29460618 31028716
29460618 167835755
29460618 205885406
29460618 57608067
29460618 13498687
58037029 457445323
58037029 298856079
58037029 140584197
58037029 8983689
58037029 205885406
58037029 54362560
617434397 54392148
617434397 58352306
617434397 91230003
617434397 130041015
617434397 58403115
617434397 4396691
617434397 54616870
617434397 25579829
617434397 31028716
617434397 54362560
617434397 13498687
617434397 57608067
23225622 130041015
13498687 57604491
13498687 57608067
13498687 130041015
13498687 52464807
13498687 128024188
13498687 205885406
13498687 4396691
13498687 35792492
13498687 64801645
13498687 52571896
13498687 29460618
13498687 25579829
13498687 26204967
13498687 58352306
457445323 54392148
457445323 298856079
457445323 130041015
457445323 31028716
52571896 130041015
52571896 13498687
52464807 58352306
52464807 91245499
52464807 91230003
52464807 54616870
52464807 29460618
52464807 8983689
52464807 205885406
52464807 13498687
65357700 130041015
65357700 35792492
65357700 64801645
65357700 167835755
29968912 140584197
29968912 29460618
29968912 25579829
29968912 8983689
58403115 617434397
58403115 58352306
58403115 130041015
677545021 4396691
205891016 58352306
205891016 140584197
54392148 69434299
35792492 130041015
35792492 25579829
140584197 58352306
140584197 161487868
140584197 738392451
140584197 82902769
140584197 4396691
140584197 29460618
140584197 25579829
140584197 57608067
128024188 130041015
128024188 29460618
128024188 25579829
128024188 8983689
128024188 31028716
128024188 57608067
64801645 26204967
64801645 58352306
64801645 140584197
64801645 29460618
64801645 25579829
64801645 65357700
64801645 205885406
64801645 13498687
31028716 617434397
31028716 52571896
31028716 128024188
31028716 29460618
31028716 8983689
91245499 91230003
91245499 52464807
167835755 130041015
167835755 8983689
167835755 65357700
167835755 29460618
167835755 58352306
541461562 130041015
82902769 69434299
82902769 140584197
58352306 54392148
58352306 26204967
58352306 69434299
58352306 205891016
58352306 130041015
58352306 64801645
58352306 140584197
58352306 58403115
58352306 57604491
58352306 52464807
58352306 8983689
58352306 167835755
58352306 54362560
58352306 57608067
58352306 13498687
