58017866 9115236
58479226 138338577
58479226 9115236
83638764 23296022
138338577 23296022
138338577 114637404
138338577 9115236
138338577 121569058
58017224 9115236
45055728 67094886
82803457 138338577
54624092 130066752
54624092 56251819
54624092 78770203
54624092 52220118
54624092 300295380
54375588 48922776
300295380 54624092
163543404 67094886
58057452 833580521
58057452 114637404
58057452 121569058
58057452 9115236
125133698 121569058
121569058 23296022
121569058 129737001
121569058 833580521
121569058 114637404
121569058 138338577
121569058 9115236
78770203 54624092
72697302 67094886
129737001 121569058
129737001 9115236
39687123 17050991
50207862 3317030
114637404 138338577
9115236 23296022
9115236 129737001
9115236 138338577
9115236 121569058
695663050 3317030
17050991 23296022
17050991 3317030
23296022 138338577
23296022 121569058
23296022 9115236
52220118 54624092
20066129 23296022
20066129 17050991
67094886 72697302
67094886 45055728
26116179 138338577
26116179 23296022
833580521 121569058
3317030 17050991
26190126 17050991
