55023574 81421251
55023574 4442591
55023574 54967986
98768307 54967986
657142032 162883338
186301165 115068583
162883338 115068583
162883338 657142032
58081405 50633519
836610574 115068583
17570622 54967986
42468068 115068583
162778445 299191205
499514727 48824139
48824139 115068583
48824139 499514727
169536032 216784565
129983962 115068583
50633519 81421251
50633519 57472594
50633519 55023574
54967986 56515832
54967986 98768307
54967986 17570622
54967986 65441314
349615602 115068583
160323302 115068583
65441314 54967986
350308520 115068583
4442591 55023574
57472594 50633519
57472594 169536032
81421251 50633519
81421251 55023574
81421251 54967986
216784565 169536032
179505922 115068583
59989072 24015890
24015890 59989072
52074313 65441314
186306219 115068583
