33785142 3483483
200401741 61247154
45061569 49360012
3483483 12565294
3483483 33785142
3483483 27387088
3483483 128579136
74725323 30891539
128579136 3483483
34973917 130107469
179667707 35798384
27387088 3483483
54497865 61247154
167187727 48754848
54397127 3449030
49323584 61247154
23693087 61247154
74865953 113536487
9210701 35798384
9210701 30891539
57373232 54681506
57373232 30891539
57560049 49360012
27436334 94980963
3449030 54397127
3449030 49360012
3449030 30891539
3449030 61247154
34931645 48754848
140508541 61247154
27752051 179512250
30891539 74725323
30891539 9210701
30891539 57373232
4593796 48754848
35798384 50851625
35798384 61247154
654556342 140508541
48992575 35145278
49018768 61247154
44930662 61247154
25582938 82037187
54681506 61247154
82037187 25582938
82037187 61247154
50851625 35798384
49360012 45061569
49360012 57560049
60934759 61247154
179512250 27752051
113536487 3483483
