155524744 127986767
52042273 1578254
514023875 127829805
69104904 127203368
741942378 40418044
6732343 127829805
21643336 27718778
27718778 21643336
836612121 127829805
651845745 127829805
166486452 40418044
73127255 127203368
2730054 127829805
148059262 40418044
123152447 127829805
642674326 40418044
642674326 127829805
607531446 40418044
127986767 129389848
155021775 836612755
532382444 277050801
532382444 127829805
134239766 40418044
277050801 532382444
774858922 40418044
199906494 40418044
129389848 127986767
366527974 61072627
128509885 40418044
167819581 40418044
54152722 40418044
225760019 40418044
638911084 127829805
775616032 40418044
39692028 40418044
