48523260 138989303
48695876 127179022
836613367 127179022
69187780 127179022
44740529 45222215
44740529 48688537
44740529 127179022
55812578 127179022
30806601 37806990
30806601 127179022
65466999 200040086
65466999 20595536
17847013 127179022
67841832 141292659
48715421 52449955
33095878 127179022
39050448 37806990
39050448 45222215
149538222 45222215
149538222 127179022
149538222 52449955
642486264 127179022
57018062 127179022
58148927 127179022
540790783 127179022
75363305 127179022
26686454 37806990
252067966 127179022
836612669 127179022
582358386 127179022
582358386 20595536
142452269 127179022
32551323 147985748
200015555 58081615
40051920 127179022
57441750 127179022
737777695 127179022
582812371 127179022
49073097 127179022
49073097 128986329
44889895 127179022
138989303 48523260
57651083 127179022
57651083 20595536
50651736 127179022
215716065 127179022
37806990 30806601
37806990 30257193
37806990 39050448
37806990 48688537
37806990 26686454
37806990 127179022
20595536 65466999
20595536 582358386
20595536 57651083
20595536 155864912
20595536 642486264
200040086 65466999
192484063 127179022
321537553 127179022
210197574 155864912
44438704 45222215
44438704 52449955
636977571 57425626
147985748 32551323
115481941 45222215
45222215 149538222
45222215 39050448
45222215 44438704
45222215 115481941
45222215 52449955
42080351 127179022
305428859 48688537
52449955 149538222
52449955 48715421
52449955 44438704
697482188 127179022
155864912 210197574
155864912 20595536
30257193 37806990
10341673 127179022
47967672 149538222
48688537 305428859
141292659 67841832
141292659 127179022
