836612467 39636878
131606612 39636878
5887012 130090215
5887012 39636878
421466318 39636878
96414612 39636878
167525742 39636878
131562703 39636878
349333705 39636878
131957898 135250301
19572976 39636878
731249016 39636878
169586814 39636878
33652170 39636878
112892261 39636878
130090215 5887012
130090215 437244586
135250301 131957898
813396021 39636878
61198678 39636878
77450651 39636878
130011684 39636878
517980683 39636878
49203875 39636878
226928907 39636878
564648527 39636878
833313252 39636878
134691385 39636878
129191734 39636878
133550074 39636878
38801102 39636878
12496495 39636878
424770569 346947984
34977313 39636878
80544731 39636878
364433380 39636878
41990705 39636878
346947984 424770569
346947984 39636878
204226094 39636878
437244586 130090215
359174658 39636878
29694700 39636878
836611973 39636878
72125330 39636878
193394942 39636878
152486013 39636878
505232788 39636878
693048970 39636878
224388849 39636878
152333350 39636878
580981120 39636878
136001276 39636878
21722750 39636878
145768998 39636878
836612461 39636878
391460645 39636878
110662207 39636878
