449491579 123844642
20497850 50149191
20497850 50728033
8690375 73157090
24385078 123844642
67942057 123844642
449605763 123844642
50669864 123844642
591388946 123844642
50728033 20497850
155548138 123844642
115797078 674062
412368327 123844642
21916616 123844642
123844642 24385078
3430148 123844642
777454306 123844642
155562652 123844642
155618323 123844642
50149191 20497850
214956876 123844642
217122976 123844642
268329999 123844642
73157090 8690375
156045322 28231273
72935238 123844642
155765169 123844642
455633976 123844642
155620355 123844642
674062 115797078
698752872 123844642
25290895 123844642
206588124 58275494
28231273 156045322
836613751 123844642
607510701 123844642
