147918968 58519792
147918968 5940826
147918968 23871136
421519747 58519792
152730505 58519792
152730505 31415083
7034804 12707958
7034804 23370394
7034804 35859397
7034804 67620750
7034804 175152307
7034804 152733123
7034804 58151223
241487251 58519792
24570206 58519792
152819421 154861513
152819421 12707958
152819421 58519792
152819421 67620750
152819421 65272007
152819421 19872933
152819421 175152307
152819421 31415083
210192084 58519792
210192084 31415083
676774354 58519792
97087378 12707958
97087378 58519792
97087378 67620750
517274841 58519792
58158012 58519792
154861513 12707958
154861513 67521878
154861513 152819421
686250712 58519792
581096479 58519792
836612454 58519792
231287924 58519792
663450400 58519792
210235901 58519792
210235901 101697812
536264932 58519792
65272007 12707958
65272007 19872933
65272007 67620750
65272007 58519792
65272007 152819421
210187770 67521878
210187770 58519792
712461337 5940826
712461337 58519792
67620750 12707958
67620750 23370394
67620750 19872933
67620750 35859397
67620750 175152307
67620750 58519792
67620750 65272007
67620750 7034804
67620750 57646248
67620750 152819421
777169437 58519792
5229892 58519792
148213342 58519792
58151223 58519792
58151223 7034804
210277621 58519792
581246477 58519792
833343831 58519792
833343831 806229849
12707958 175152307
12707958 65272007
12707958 5940826
12707958 7034804
12707958 19872933
12707958 154861513
12707958 152733123
12707958 152506186
12707958 67620750
12707958 101697812
12707958 67521746
12707958 31415083
12707958 101696780
12707958 97087378
12707958 23871136
12707958 57646248
12707958 152819421
38932958 58519792
114475816 58519792
599238449 58519792
210191116 19872933
210191116 58519792
581687448 58519792
836612741 58519792
57649869 19872933
57649869 31415083
152733123 12707958
152733123 58519792
152733123 57646248
148039145 58519792
642477239 58519792
642477239 806229849
642477239 31415083
154066182 175152307
154066182 58519792
67521878 175152307
67521878 58519792
67521878 210187770
67521878 19872933
67521878 154861513
67521878 67521746
67521878 31415083
67521878 131081800
67521878 101696780
168619532 58519792
58100228 58519792
582280924 58519792
806229849 58519792
806229849 833343831
806229849 642477239
23871136 175152307
23871136 12707958
23871136 58519792
23871136 19872933
23871136 152506186
84012183 58519792
413933308 58519792
581729173 58519792
152505818 58519792
351386558 58519792
180818387 58519792
101697812 210235901
101697812 12707958
833658470 31415083
10169784 58519792
175152307 12707958
175152307 67521878
175152307 23871136
175152307 67620750
175152307 58519792
175152307 154066182
175152307 31415083
175152307 7034804
175152307 152819421
31415083 57649869
31415083 12707958
31415083 67521878
31415083 210277621
31415083 152506186
31415083 67521746
31415083 175152307
31415083 152730505
31415083 58519792
31415083 154066182
31415083 210187770
31415083 210192084
31415083 833658470
31415083 57646248
31415083 152819421
252998020 58519792
601637744 58519792
581596978 58519792
5940826 12707958
5940826 58519792
5940826 147918968
699149775 19872933
699149775 58519792
152734296 58519792
836612874 58519792
134707289 58519792
152927257 58519792
259969349 58519792
601879782 58519792
57646248 23370394
57646248 12707958
57646248 23871136
57646248 67620750
57646248 31415083
57646248 19872933
57646248 58519792
57646248 152506186
57646248 131081800
57646248 152733123
57646248 152819421
23370394 58519792
23370394 7034804
23370394 67620750
101696780 58519792
101696780 67521878
101696780 67521746
19872933 57649869
19872933 65272007
19872933 12707958
19872933 58519792
19872933 67521878
19872933 210191116
19872933 699149775
19872933 67620750
19872933 57646248
19872933 152819421
67521746 12707958
67521746 58519792
67521746 67521878
67521746 31415083
67521746 101696780
152506186 12707958
152506186 58519792
152506186 35859397
152506186 23871136
152506186 57646248
836613323 58519792
82724698 58519792
322033297 58519792
35859397 58519792
35859397 7034804
35859397 67620750
836612343 58519792
833331915 58519792
836612374 58519792
