835952650 3437643
693820508 3437643
223882817 3437643
57766364 3437643
704963044 3437643
806401092 3437643
6947840 3437643
458159799 3437643
14296712 3437643
298830048 3437643
376461581 3437643
833364886 3437643
357459662 3437643
148271773 3437643
221135205 3437643
833551072 3437643
610464878 3437643
3437643 132722024
3437643 107423873
3437643 152450708
3437643 610464878
3437643 129963195
3437643 131500117
3437643 9507839
3437643 693820508
3437643 64641180
536749788 3437643
152505168 3437643
74651859 3437643
152845272 3437643
107423873 3437643
132722024 3437643
168243286 3437643
73460379 3437643
421472187 3437643
52573477 3437643
64641180 3437643
152450708 3437643
22233603 3437643
86134060 3437643
613060165 231736316
613060165 3437643
834430700 3437643
602774561 3437643
231736316 613060165
131500117 3437643
79425793 3437643
152920585 3437643
318105111 152500495
461964269 3437643
52143679 3437643
148212739 3437643
148212739 107423873
836614679 3437643
131183062 3437643
153595744 3437643
215736811 3437643
19388079 3437643
129963195 3437643
9507839 3437643
224586563 3437643
263140426 3437643
421464784 3437643
506725600 3437643
604088471 3437643
152877298 3437643
152956278 130536327
152956278 3437643
265495547 3437643
265495547 152500495
171666502 3437643
3252691 3437643
167819229 3437643
529044971 3437643
42177551 3437643
298812403 152500495
61318336 3437643
23473331 3437643
199783450 3437643
107672996 3437643
836613436 3437643
538481399 3437643
9557170 3437643
115741436 3437643
348221690 3437643
130536327 3437643
126254393 3437643
