82654531 127281012
82654531 127372166
52022678 13460110
155852084 127372166
155852084 58441674
155852084 127281012
155852084 127405786
155822571 58441674
58166531 127372166
58166531 127405786
58166531 127281012
58166531 58441674
58166531 43920558
58166531 128038352
155868961 130462438
155868961 127372166
155868961 4357956
155868961 128038352
456994271 127405786
456994271 127372166
454615861 128038352
48092068 127281012
58054847 127405786
10281034 127372166
10281034 13131579
10281034 127405786
10281034 127281012
10281034 60908095
10281034 58441674
10281034 128038352
44908473 128038352
57482677 127372166
581094710 127281012
73172857 127405786
73172857 127281012
50881611 127405786
50881611 58441674
50881611 128038352
4435740 127281012
73448379 58441674
133040626 10281034
133040626 156527483
133040626 694600365
60278416 127281012
58093552 127372166
58093552 128038352
58093552 58441674
58093552 127405786
694600365 10281034
694600365 127281012
57126302 127372166
57126302 127281012
13460110 52022678
13131579 127372166
13131579 128038352
13131579 127405786
156527483 10281034
156527483 127372166
156527483 127281012
156527483 128038352
156527483 133040626
60908095 10281034
58399287 128038352
30683135 127372166
30683135 127405786
30683135 127281012
30683135 128038352
126952371 127405786
43920558 130462438
43920558 58166531
43920558 127372166
192462969 10281034
192462969 127405786
192462969 128038352
192462969 58441674
58036278 10281034
58036278 127372166
58036278 127405786
58036278 127281012
58036278 58441674
58036278 128038352
298857874 58441674
130462438 155868961
130462438 127281012
130462438 43920558
130462438 128038352
139510811 10281034
224541340 127281012
50848271 127281012
127405786 126952371
127405786 127372166
127405786 324881902
127405786 13131579
127405786 58441674
127405786 128038352
155897314 127372166
155897314 128038352
582102863 127281012
49888480 127281012
73276723 58441674
25985842 127372166
25985842 127281012
25985842 58441674
25985842 128038352
8405792 10281034
8405792 128038352
3776595 127281012
785133599 10281034
785133599 127405786
108078168 128038352
128038352 130462438
128038352 58166531
128038352 10281034
128038352 127372166
128038352 4357956
128038352 13131579
128038352 127405786
128038352 127281012
128038352 81476721
58441674 10281034
58441674 127372166
58441674 127405786
58441674 128038352
12303406 10281034
12303406 58441674
12303406 128038352
127372166 30683135
127372166 13131579
127372166 155868961
127372166 127405786
127372166 127281012
127372166 58441674
127372166 43920558
127372166 128038352
4357956 127281012
4357956 43920558
4357956 128038352
582005993 128038352
582005993 58441674
582005993 127405786
324881902 127405786
581038993 127372166
15724762 10281034
15724762 58441674
58009221 127405786
58009221 127281012
58009221 58441674
127281012 127372166
127281012 128038352
58026104 127372166
58026104 127281012
58026104 128038352
