421457808 37278881
421457808 8051671
421457808 298849520
421457808 52450783
58403114 25676045
58403114 8051671
58403114 37278881
58403114 649953964
30929805 127236534
30929805 130388857
30929805 58184117
30929805 298849520
30929805 8051671
30929805 72064459
30929805 22688844
298849520 13806511
298849520 30929805
298849520 39745036
298849520 8051671
298849520 754850978
298849520 22688844
298849520 127236534
298849520 57474801
298849520 52068033
298849520 62295202
298849520 5633293
298849520 37278881
298849520 4979236
298849520 58184117
298849520 130388857
298849520 421457808
298849520 152713317
298849520 649953964
298849520 59635988
130388857 13806511
130388857 8051671
130388857 5633293
130388857 298849520
130388857 58184117
130388857 57474801
130388857 52068033
130388857 37278881
130388857 127236534
130388857 22688844
130388857 72064459
130388857 30929805
130388857 754850978
130388857 14221425
130388857 52450783
130388857 649953964
152713317 130388857
152713317 8051671
152713317 58184117
152713317 649953964
152713317 37278881
152713317 72064459
152713317 40485702
152713317 127236534
152713317 57474801
152713317 52450783
152713317 298849520
25676045 127236534
25676045 37278881
25676045 22688844
25676045 57474801
25676045 13806511
25676045 72064459
25676045 8051671
25676045 298849520
25676045 58184117
25676045 130388857
25676045 52450783
25676045 649953964
39745036 22688844
39745036 298849520
39745036 130388857
39745036 58184117
22688844 127236534
22688844 5633293
22688844 52068033
22688844 37278881
22688844 40485702
22688844 650214313
22688844 4979236
22688844 754850978
22688844 57474801
22688844 13806511
22688844 72064459
22688844 30929805
22688844 39745036
22688844 8051671
22688844 162749674
22688844 298849520
22688844 58184117
22688844 130388857
22688844 52450783
22688844 649953964
649953964 13806511
649953964 127236534
649953964 40485702
649953964 754850978
649953964 8051671
649953964 58184117
649953964 37278881
649953964 57474801
649953964 130388857
649953964 4979236
649953964 298849520
649953964 22688844
649953964 39745036
649953964 72064459
649953964 152713317
82029204 37278881
82029204 8051671
82029204 29287174
82029204 52450783
8051671 127236534
8051671 37278881
8051671 14349934
8051671 22688844
8051671 57474801
8051671 13806511
8051671 72064459
8051671 58184117
8051671 130388857
8051671 52450783
62295202 127236534
62295202 37278881
62295202 57474801
62295202 13806511
62295202 8051671
62295202 52450783
62295202 130388857
62295202 58184117
62295202 298849520
826092702 8051671
177628302 8051671
177628302 52450783
650214313 8051671
650214313 22688844
72064459 127236534
72064459 4979236
72064459 22688844
72064459 13806511
72064459 8051671
72064459 58184117
421476912 52450783
54411042 127236534
54411042 57474801
54411042 8051671
54411042 130388857
54411042 52450783
59635988 8051671
59635988 37278881
59635988 52450783
59635988 298849520
5633293 127236534
5633293 37278881
5633293 22688844
5633293 57474801
5633293 13806511
5633293 72064459
5633293 8051671
5633293 298849520
5633293 58184117
5633293 130388857
5633293 52450783
52068033 22688844
52068033 298849520
52068033 58184117
52068033 130388857
52068033 52450783
40485702 57474801
40485702 152713317
40485702 649953964
40485702 52450783
40485702 8051671
14221425 127236534
14221425 37278881
14221425 4979236
14221425 13806511
14221425 8051671
14221425 602763569
14221425 130388857
14221425 58184117
806271823 127236534
806271823 8051671
806271823 57474801
754850978 127236534
754850978 37278881
754850978 22688844
754850978 57474801
754850978 13806511
754850978 8051671
754850978 298849520
754850978 649953964
754850978 52450783
754850978 130388857
754850978 58184117
13806511 127236534
13806511 37278881
13806511 4979236
13806511 22688844
13806511 57474801
13806511 72064459
13806511 14221425
13806511 8051671
13806511 602763569
13806511 58184117
13806511 130388857
13806511 52450783
602763569 13806511
37278881 127236534
37278881 22688844
37278881 57474801
37278881 13806511
37278881 72064459
37278881 25676045
37278881 8051671
37278881 58184117
37278881 130388857
37278881 421457808
37278881 52450783
497744697 127236534
497744697 13806511
497744697 8051671
497744697 57474801
497744697 52450783
128262977 57474801
128262977 52450783
29287174 82029204
29287174 13806511
29287174 14221425
29287174 8051671
29287174 52450783
29287174 152713317
4979236 127236534
4979236 13806511
4979236 72064459
4979236 8051671
4979236 52450783
55054279 127236534
55054279 22688844
55054279 57474801
55054279 8051671
55054279 58184117
55054279 52450783
76974022 8051671
127236534 37278881
127236534 4979236
127236534 22688844
127236534 57474801
127236534 13806511
127236534 72064459
127236534 8051671
127236534 58184117
127236534 130388857
127236534 52450783
58184117 8051671
58184117 754850978
58184117 72064459
58184117 62295202
58184117 37278881
58184117 25676045
58184117 52068033
58184117 5633293
58184117 57474801
58184117 30929805
58184117 22688844
58184117 13806511
58184117 14221425
58184117 162749674
58184117 127236534
58184117 39745036
58184117 298849520
58184117 130388857
58184117 826092702
58184117 52450783
58184117 649953964
162749674 127236534
162749674 22688844
162749674 13806511
162749674 72064459
162749674 8051671
162749674 58184117
57474801 127236534
57474801 37278881
57474801 13806511
57474801 128262977
57474801 8051671
57474801 298849520
57474801 58184117
57474801 130388857
57474801 52450783
14349934 8051671
52450783 8051671
52450783 72064459
52450783 128262977
52450783 58184117
52450783 37278881
52450783 40485702
52450783 130388857
52450783 127236534
52450783 82029204
52450783 4979236
52450783 13806511
52450783 22688844
52450783 29287174
52450783 57474801
52450783 649953964
52450783 152713317
601617576 8051671
52572294 57474801
52572294 8051671
52572294 52450783
52572294 130388857
