581602513 108287927
152940705 27547055
152940705 108287927
152809132 108287927
177432326 108287927
581953854 581967013
581953854 108287927
582420019 108287927
215743977 108287927
601700597 108287927
581907439 108287927
581647443 108287927
45057212 108287927
67014326 108287927
152658942 108287927
223851964 108287927
53995682 108287927
340819498 108287927
701828219 108287927
27547055 152940705
27547055 58132824
27547055 31415083
581344348 108287927
806262692 108287927
517302267 108287927
414470419 108287927
552568795 108287927
581776738 108287927
622656927 108287927
665992587 108287927
581967013 581953854
68912284 108287927
57965346 108287927
55885845 108287927
58132824 27547055
58132824 56621887
58132824 31415083
58132824 108287927
108287927 58132824
152891381 108287927
460299368 108287927
582667118 108287927
582734976 108287927
581942439 108287927
241658706 108287927
581365279 108287927
71688549 108287927
273604830 108287927
50986893 108287927
177955412 108287927
3240878 108287927
601681631 108287927
107774030 108287927
103047187 108287927
147969757 108287927
152566927 108287927
581078050 31415083
581078050 108287927
174032713 108287927
569494928 108287927
55036079 108287927
581230580 108287927
215714007 108287927
45423267 108287927
582948602 108287927
31415083 581078050
31415083 58132824
31415083 108287927
31415083 27547055
665972847 108287927
604282016 108287927
634110058 108287927
580979172 108287927
56621887 58132824
56621887 108287927
581018739 108287927
15947596 108287927
109148671 108287927
69341926 108287927
833546894 108287927
581431377 108287927
174527402 108287927
536505895 108287927
47623205 108287927
