192317588 192322118
192306461 192322118
192304754 192322118
142732109 192289735
142732109 192322118
152709942 192322118
192263828 142732109
192263828 132638271
192291385 192322118
192291385 132638271
126687080 192322118
126687080 142732109
43717645 192322118
43717645 192289735
192289490 192307748
192289490 192322118
192289490 132638271
132638271 192289490
132638271 192291385
132638271 192322118
192322118 152709942
192322118 192307748
192322118 192306461
192322118 192289490
192322118 192289735
192322118 43717645
192322118 126687080
192322118 192291385
192322118 132638271
192289735 192322118
368582251 132638271
