130236584 27913438
44239204 11767814
20582994 57126322
20582994 27913438
20582994 95850985
27385154 11767814
61240074 11767814
82264018 11767814
82264018 27913438
95850985 20582994
24689732 11767814
24689732 120788984
329505568 44366524
97403479 11767814
364552762 55277471
92730078 11767814
138620585 11767814
44888408 44366524
48260735 82652613
48260735 48813663
61636000 18919100
61636000 82664809
15140803 11767814
8507264 11767814
124532181 11767814
136546049 11767814
80883086 11767814
106445324 11767814
106445324 18919100
127830977 28898567
4423725 11767814
4423725 27913438
57126322 67319346
55277471 128547833
55277471 364552762
8854351 18919100
8854351 27913438
57432986 11767814
57371704 11767814
48813663 48260735
48047499 11767814
33191591 11767814
11767814 80883086
11767814 75015088
11767814 4423725
11767814 48047499
11767814 57465451
59723091 11767814
82652613 67008444
82652613 18919100
82652613 27913438
82652613 48260735
82652613 82264018
90896868 11767814
128372277 160338132
16162440 67319346
27913438 8854351
27913438 45222314
27913438 192453364
27913438 37201073
27913438 130236584
27913438 4423725
27913438 82264018
27913438 82652613
27913438 20582994
57465451 11767814
67319346 16162440
67319346 57126322
160338132 128372277
192453364 27913438
57481277 11767814
67008444 82652613
37201073 27913438
44297807 11767814
18919100 8854351
18919100 106445324
18919100 82652613
18919100 61636000
75015088 11767814
28898567 127830977
82664809 11767814
82664809 61636000
45222314 27913438
