158073508 36176542
21101193 56157844
21101193 130814635
21101193 36841894
21101193 73911051
21101193 17491383
131914119 130814635
55912591 85633696
258600929 130814635
130737482 72748340
130737482 130814635
130737482 30145962
130737482 128635549
533577686 130814635
4886969 130814635
38277696 21101193
38277696 130814635
606693395 130814635
36176542 23725422
36176542 158073508
36176542 328762769
23725422 36176542
110625227 128635549
128635549 71873113
128635549 783341353
128635549 110625227
128635549 130814635
128635549 300784844
128635549 30145962
128635549 130737482
98604214 21101193
36841894 7863192
36841894 56157844
36841894 3283264
36841894 21101193
36841894 17491383
71873113 7863192
71873113 56777217
71873113 128635549
64387040 130814635
34500450 73911051
260281453 21101193
260281453 130814635
138643041 130814635
103220970 130814635
94005834 130814635
82657848 130814635
82657848 82657800
328762769 36176542
56777217 71873113
30145962 128635549
30145962 130737482
30145962 72748340
328133766 21101193
208409399 130814635
299160085 21101193
20708364 130814635
268980253 130814635
530695044 130814635
511284251 130814635
300784844 130814635
300784844 128635549
56157844 36841894
56157844 21101193
82657602 130814635
110518738 130814635
7863192 71873113
7863192 21101193
7863192 36841894
7863192 130814635
72748340 15054960
72748340 30145962
72748340 130737482
357774298 130814635
164335625 130814635
73911051 34500450
73911051 21101193
783341353 130814635
783341353 128635549
85633696 130814635
85633696 55912591
212924682 21101193
15054960 72748340
193518944 130814635
223368212 783341353
3283264 36841894
3283264 21101193
17491383 56157844
17491383 36841894
17491383 21101193
519913792 158073508
79862994 21101193
82657800 82657848
