368362856 54494687
177284113 21403842
489693194 127450908
489693194 24314267
489693194 155451584
489693194 114059315
489693194 13352276
489693194 21403842
489693194 199285038
81917010 127450908
81917010 56136770
81917010 13352276
81917010 75299039
81917010 21403842
81917010 119943917
155083648 127450908
155083648 199285038
155083648 21403842
155083648 13352276
65304152 49343706
65304152 193362224
65304152 21403842
22964711 24314267
22964711 13352276
22964711 26166467
22964711 21403842
22964711 690032908
22964711 52075495
16627266 127450908
16627266 13352276
16627266 199285038
21403842 90956673
21403842 127450908
21403842 5397069
21403842 141775425
21403842 200005934
21403842 81917842
21403842 128950358
21403842 225319042
21403842 13352276
21403842 25914071
21403842 85055728
21403842 58525894
21403842 54652306
21403842 67671043
21403842 199285038
21403842 57847516
25914071 81917010
25914071 24314267
25914071 200005934
25914071 155451584
25914071 13352276
25914071 199285038
25914071 21403842
225319042 200004658
225319042 24314267
225319042 13352276
225319042 21403842
61255099 127450908
61255099 13352276
119943917 127450908
119943917 81917010
119943917 24314267
119943917 13352276
119943917 75299039
119943917 21403842
119943917 199285038
90956673 141775425
90956673 15987414
90956673 21403842
90956673 13352276
164035096 21403842
164035096 13352276
635830022 81917010
635830022 13352276
635830022 54652306
48952943 127450908
48952943 24314267
48952943 155451584
48952943 13352276
48952943 57847516
48952943 199285038
48952943 21403842
21154982 127450908
21154982 81917010
21154982 13352276
21154982 119943917
52075495 127450908
52075495 49331026
52075495 13352276
52075495 21403842
52075495 10076199
52075495 54652306
52075495 22964711
193362224 49343706
193362224 65304152
13884217 128950358
13884217 21403842
13884217 13352276
13884217 57847516
142729915 127450908
142729915 141775425
142729915 128950358
142729915 13352276
142729915 21403842
142729915 54652306
142729915 22964711
142729915 224641678
142729915 57847516
200029522 13352276
67476065 21403842
54653157 127450908
54653157 81917010
54653157 24314267
54653157 141775425
54653157 155451584
54653157 128950358
54653157 114059315
54653157 13352276
54653157 21403842
54653157 690032908
54653157 58525894
54653157 54652306
54653157 199285038
54653157 22964711
54653157 31181174
54653157 129134789
54653157 224641678
54653157 57847516
60299436 127450908
60299436 13352276
60299436 21403842
12197755 13352276
49331026 57847516
754820158 13352276
13352276 200004658
13352276 127450908
13352276 81917010
13352276 24314267
13352276 128950358
13352276 114059315
13352276 225319042
13352276 75299039
13352276 4521674
13352276 21403842
13352276 58525894
13352276 92452508
13352276 199285038
13352276 119943917
54652504 127450908
54652504 5397069
54652504 81917010
54652504 24314267
54652504 141775425
54652504 16627266
54652504 155451584
54652504 148983140
54652504 128950358
54652504 114059315
54652504 13352276
54652504 75299039
54652504 21403842
54652504 58525894
54652504 92452508
54652504 15987414
54652504 54652306
54652504 67671043
54652504 18948499
54652504 199285038
54652504 57847516
36881248 127450908
36881248 21403842
36881248 13352276
15161232 127450908
15161232 13352276
81917842 67671043
81917842 21403842
81917842 75299039
85055728 13352276
85055728 21403842
85055728 58525894
4521674 13352276
199856346 127450908
199856346 13352276
199856346 199285038
5397069 127450908
5397069 81917010
5397069 13352276
5397069 75299039
5397069 21403842
52608536 58525894
129134789 128950358
129134789 13352276
129134789 21403842
129134789 58525894
18948499 127450908
18948499 24314267
18948499 13352276
18948499 21403842
18948499 58525894
18948499 199285038
18948499 31181174
18948499 57847516
200004658 127450908
200004658 225319042
200004658 13352276
200004658 92452508
200004658 54652306
65459028 13352276
65459028 21403842
10076199 22964711
200005934 127450908
200005934 24314267
200005934 155451584
200005934 13352276
200005934 25914071
200005934 21403842
200005934 58525894
56136770 81917010
307592798 13352276
163940395 127450908
163940395 13352276
163940395 21403842
15987414 90956673
15987414 5397069
15987414 13352276
15987414 21403842
15987414 690032908
15987414 199285038
177061151 13352276
49340735 128950358
49340735 13352276
642105754 127450908
642105754 13352276
199285038 127450908
199285038 24314267
199285038 141775425
199285038 13352276
199285038 21403842
199285038 15987414
155451584 127450908
155451584 5397069
155451584 81917010
155451584 24314267
155451584 141775425
155451584 200005934
155451584 13352276
155451584 25914071
155451584 199285038
155451584 67671043
155451584 54652306
155451584 81838412
81838412 5397069
81838412 24314267
81838412 155451584
81838412 128950358
81838412 13352276
81838412 58525894
81838412 199285038
54494687 128950358
54494687 13352276
200026891 13352276
200026891 21403842
31181174 13352276
31181174 54653157
31181174 18948499
75299039 127450908
75299039 5397069
75299039 81917010
75299039 24314267
75299039 81917842
75299039 128950358
75299039 13352276
75299039 21403842
75299039 199285038
75299039 119943917
399504224 81917010
399504224 199285038
399504224 21403842
114059315 128950358
114059315 13352276
114059315 75299039
114059315 21403842
49343706 127450908
49343706 128950358
49343706 193362224
49343706 13352276
49343706 21403842
49343706 65304152
49343706 199285038
54652306 200004658
54652306 127450908
54652306 5397069
54652306 81917010
54652306 24314267
54652306 141775425
54652306 155451584
54652306 81917842
54652306 128950358
54652306 114059315
54652306 13352276
54652306 75299039
54652306 21403842
54652306 58525894
54652306 199285038
54652306 57847516
54652306 635830022
141775425 127450908
141775425 81917010
141775425 24314267
141775425 16627266
141775425 199285038
141775425 67671043
141775425 21403842
141775425 13352276
148983140 127450908
148983140 81917010
148983140 54652504
148983140 128950358
148983140 199285038
148983140 67671043
148983140 58525894
148983140 21403842
148983140 4521674
148983140 13352276
67671043 200004658
67671043 127450908
67671043 5397069
67671043 81917010
67671043 24314267
67671043 141775425
67671043 155451584
67671043 81917842
67671043 148983140
67671043 13352276
67671043 21403842
67671043 199285038
54632807 155451584
54632807 128950358
54632807 81917010
54632807 24314267
54632807 141775425
54632807 13352276
54632807 75299039
54632807 199285038
54632807 57847516
54632807 21403842
58525894 128950358
58525894 13352276
58525894 21403842
199998961 21403842
199998961 13352276
199998961 57847516
225308359 127450908
225308359 81917010
225308359 24314267
225308359 13352276
225308359 21403842
225308359 58525894
225308359 54652306
225308359 199285038
680268135 199285038
54438510 127450908
54438510 21403842
20027171 13352276
436151975 24314267
436151975 57847516
436151975 58525894
436151975 21403842
436151975 13352276
92452508 200004658
92452508 127450908
92452508 81917010
92452508 13352276
92452508 75299039
92452508 21403842
92452508 57847516
690032908 225308359
690032908 22964711
690032908 15987414
690032908 54653157
127450908 24314267
127450908 141775425
127450908 13352276
127450908 21403842
127450908 199285038
57847516 21403842
57847516 199285038
489696928 13352276
489696928 21403842
26166467 22964711
24314267 127450908
24314267 141775425
24314267 200005934
24314267 225319042
24314267 13352276
24314267 81838412
24314267 54652306
24314267 199285038
128950358 13352276
128950358 58525894
