610763456 71189745
230873952 71189745
653360918 71189745
34737547 71189745
421459725 71189745
806170151 71189745
229524548 71189745
68603631 71189745
154302048 71189745
732446889 71189745
51806412 71189745
449144935 71189745
156778506 71189745
66973437 71189745
836612752 71189745
674495040 71189745
797095333 71189745
128480602 71189745
7660571 71189745
166583325 71189745
699005636 71189745
404265247 71189745
24527169 71189745
50892879 71189745
50900134 71189745
32097565 71189745
741138416 500455590
54241705 71189745
836611887 71189745
449245838 71189745
836315939 71189745
277241272 71189745
500455590 71189745
15244692 71189745
427297402 71189745
156955081 71189745
67022016 71189745
155898042 71189745
756026977 71189745
