56580948 3397878
56580948 127434514
60341680 45222893
57423342 15267112
45222893 49067356
45222893 48727314
45222893 127215535
45222893 15292764
45222893 60341680
96564285 127434514
96564285 15267112
48809277 130459000
48809277 15267112
15267112 68947662
49067356 127434514
49067356 45222893
49067356 15267112
43998135 4497879
127215535 57456887
127215535 45222893
679944950 15267112
89497944 15267112
4497879 43998135
4497879 60606671
50905559 44907784
57456887 127215535
127434514 130459000
44907784 50905559
54680112 130459000
694845716 15267112
694845716 127434514
48727314 45222893
48727314 15267112
15292764 127434514
15292764 45222893
46955185 15267112
3397878 56580948
57484547 127434514
57484547 130459000
57484547 15267112
60606671 4497879
97448892 15267112
644243161 15267112
68947662 15267112
130459000 127434514
27204124 130459000
47626199 15267112
44227757 130459000
