152845182 152833486
152845182 6579930
564391889 6579930
371595777 6579930
152927318 6579930
152656625 6579930
421627490 6579930
833332637 6579930
152904559 5216617
152904559 114746780
152904559 152671006
57483895 6579930
57483895 152850936
57483895 152788544
57483895 58363399
152932587 6579930
152932587 5216617
152932587 152788544
152932587 58363399
152932587 130228776
152727275 6579930
152727275 31747916
67979878 6579930
85826419 6579930
85826419 30956921
85826419 137968781
85826419 152850936
581412845 6579930
581412845 9068664
58078270 6579930
152735524 58149224
152735524 6579930
148052059 6579930
101697403 540778896
101697403 152850936
101697403 130228776
298858857 6579930
601881355 6579930
601881355 152788544
601881355 58371499
601881355 137968781
134227052 77978533
134227052 6579930
134227052 31747916
696012732 6579930
5216617 107496454
5216617 540778896
5216617 128093950
5216617 77978533
5216617 6579930
5216617 152818636
5216617 152932587
5216617 9068664
5216617 30956921
5216617 152727275
5216617 31747916
5216617 86012652
5216617 4250275
5216617 152603943
5216617 92447164
5216617 114746780
5216617 152905136
5216617 152671006
5216617 54313086
5216617 152904559
5216617 44760204
5216617 152118415
5216617 58371499
5216617 2264394
5216617 82269495
107496454 9068664
107496454 4250275
107496454 114746780
107496454 152671006
107496454 44760204
107496454 152687301
229730166 6579930
52576540 6579930
52576540 152686644
52576540 58149224
52576540 152735524
61306089 6579930
581998271 6579930
581998271 581412845
152670356 6579930
152670356 58363399
58149224 52576540
58149224 9068664
58149224 137968781
58149224 152686644
58149224 152735524
152603943 6579930
152603943 5216617
152603943 114746780
152603943 152671006
4250275 107496454
4250275 152788544
152919926 6579930
152818636 5216617
82269495 5216617
82269495 6579930
82269495 601881355
58363399 152937942
58363399 152670356
152596477 6579930
58149527 6579930
92447164 152899603
92447164 77978533
92447164 5216617
92447164 114746780
92447164 152671006
92447164 6579930
152603940 152899603
152603940 9068664
152603940 152833486
152603940 152671006
152603940 61306089
152603940 6579930
152603940 806251264
152788544 6579930
152788544 4250275
152788544 58363399
152788544 601881355
152937942 6579930
152937942 58363399
152850936 152800909
152905136 128093950
152905136 5216617
152579145 6579930
50629204 6579930
50629204 114746780
50629204 152118415
54384437 6579930
58002799 6579930
114746780 152899603
114746780 107496454
114746780 50629204
114746780 6579930
114746780 5216617
114746780 9068664
114746780 30956921
114746780 152603943
114746780 92447164
114746780 152671006
114746780 152904559
114746780 74690791
2264394 6579930
152118415 50629204
152118415 152656625
152118415 6579930
152118415 137968781
152118415 152671006
152118415 152788544
74690791 6579930
74690791 114746780
54313086 31747916
152932641 152671006
152671006 107496454
152671006 5216617
152671006 9068664
152671006 152603943
152671006 152904559
152671006 152118415
152671006 92447164
152671006 152603940
806251264 6579930
152724859 6579930
30956921 85826419
30956921 114746780
30956921 130228776
44760204 107496454
44760204 6579930
152899603 6579930
152899603 92447164
152899603 114746780
152899603 152603940
130446836 6579930
152800909 152850936
150411066 6579930
130228776 6579930
58184728 6579930
152686644 52576540
152686644 137968781
152686644 6579930
152686644 58149224
152686644 152735524
192269842 6579930
581316070 6579930
9068664 107496454
9068664 6579930
9068664 5216617
9068664 114746780
9068664 152603940
9068664 152671006
9068664 581412845
9068664 58363399
9068664 58149224
91880135 6579930
58371499 6579930
58371499 77978533
58371499 128093950
58371499 5216617
58371499 601881355
31747916 5216617
31747916 152727275
31747916 134227052
31747916 54313086
833325336 6579930
54422109 6579930
139729108 6579930
77978533 92447164
77978533 134227052
77978533 137968781
77978533 58371499
86012652 5216617
86012652 6579930
604138533 58363399
224838048 6579930
540778896 5216617
540778896 152833486
540778896 101697403
540778896 6579930
152833486 540778896
152833486 6579930
152833486 152845182
152833486 152603940
152833486 137968781
128093950 5216617
128093950 85826419
128093950 152905136
128093950 6579930
128093950 58371499
137968781 77978533
137968781 152833486
137968781 152686644
137968781 58149224
137968781 601881355
