58091576 215757790
152430904 214226738
152430904 17016633
152430904 215757790
152430904 67943479
152430904 57856221
152430904 581910846
152430904 9023080
152713317 45822167
152713317 215757790
152713317 57856221
127482673 215757790
57856221 215757790
57856221 83920561
57856221 152430904
57856221 152713317
57856221 253933660
215757790 52974061
215757790 36949398
27891544 9023080
27891544 253933660
81377665 215757790
52974061 215757790
152857538 215757790
83920561 57856221
9023080 45822167
9023080 27891544
9023080 215757790
9023080 17016633
9023080 253933660
253933660 421479878
253933660 9023080
253933660 45822167
253933660 83920561
253933660 17016633
253933660 215757790
581910846 215757790
152800330 215757790
67943479 9023080
67943479 215757790
58119743 215757790
16672359 57856221
19230246 17016633
24645258 215757790
601838362 215757790
421479878 215757790
421479878 253933660
152785373 215757790
52230615 17016633
52230615 215757790
56577986 215757790
152855758 215757790
81560885 215757790
580913948 215757790
58369832 215757790
17016633 19230246
17016633 58369832
17016633 214226738
17016633 67943479
17016633 581910846
17016633 215757790
17016633 52230615
17016633 57856221
17016633 27992331
17016633 127482673
17016633 152430904
17016633 24645258
17016633 9023080
17016633 81377665
17016633 253933660
679983450 215757790
36949398 215757790
214226738 215757790
27992331 17016633
27992331 215757790
45822167 36949398
45822167 215757790
45822167 152430904
45822167 57856221
45822167 9023080
45822167 253933660
45822167 152713317
578768625 215757790
