75378411 127197655
45059965 127197655
49466240 127197655
60828273 127197655
75356847 127197655
231245682 127197655
54600490 127197655
560404520 127197655
44991088 127197655
162741302 127197655
11902631 127197655
836613555 127197655
54018415 127197655
125135695 127197655
319249779 127197655
48473285 127197655
43848454 127197655
43828878 127197655
374078812 127197655
90381489 127197655
413441268 127197655
154595210 127197655
180281377 127197655
541714417 127197655
4458025 127197655
162743665 127197655
836614078 127197655
581143601 127197655
836612204 127197655
836612169 127197655
178942226 127197655
95755956 127197655
319412710 127197655
16170474 127197655
316470601 127197655
601693905 127197655
48724635 127197655
96778528 82002239
220662963 127197655
230954069 127197655
80490792 127197655
102877273 127197655
706500471 127197655
317156528 127197655
60461338 127197655
48737989 127197655
48733310 127197655
82002239 127197655
179584720 127197655
644063065 127197655
42095860 127197655
301270593 127197655
90674371 127197655
44984520 127197655
179674240 127197655
310372464 127197655
264087050 127197655
