4872056 45161722
4872056 205885269
4872056 60521826
4872056 56915195
4872056 205885289
4872056 199987692
4872056 353519213
65281914 127182296
114420969 25808161
114420969 86469479
114420969 127182296
114420969 52569719
114420969 2349637
114420969 18245066
114420969 54407379
199987692 4872056
199987692 18245066
199987692 45161243
199987692 142737688
199987692 56915195
199987692 353519213
199987692 73095727
777617359 127182296
834555712 54389903
158179972 127182296
142737688 299655659
142737688 199987692
142737688 127182296
142737688 54393934
142737688 56915195
142737688 73095727
668665688 127182296
45161243 18245066
45161243 54389903
45161243 127182296
60521826 4872056
60521826 18245066
60521826 114420969
60521826 127182296
828534921 127182296
40115009 127182296
128569785 45161243
128569785 127182296
193486270 127182296
353519213 609148527
353519213 4872056
353519213 127182296
106909740 127182296
12096163 18245066
12096163 299655659
12096163 127182296
12096163 58143403
605013859 127182296
205885269 4872056
205885269 127182296
194230513 127182296
408881566 127182296
11194469 127182296
73095727 205885289
73095727 18245066
73095727 199987692
73095727 142737688
73095727 127182296
73095727 54407379
299984192 127182296
2349637 54422553
2349637 128453732
2349637 127182296
2349637 18245066
2349637 114420969
2349637 73095727
205885457 127182296
384079455 18245066
384079455 127182296
55899657 127182296
45344577 127182296
52569719 114420969
304931494 127182296
58131520 45161722
58131520 18245066
58131520 54389903
58131520 127182296
58131520 677319102
128685534 127182296
449731245 127182296
449731245 54407379
56033845 127182296
609148527 18245066
609148527 127182296
609148527 353519213
7446400 127182296
18245066 86469479
18245066 128453732
18245066 54389903
18245066 127182296
18245066 2349637
18245066 114420969
300711573 127182296
5828925 127182296
54407379 127182296
54407379 114420969
54407379 449731245
54407379 18245066
45161722 4872056
45161722 58131520
45161722 127182296
127182296 86469479
127182296 54389903
134002066 127182296
836424929 86469479
836424929 127182296
836424929 54389903
836424929 114420969
836424929 18245066
18308537 127182296
18739006 127182296
836614084 127182296
182318422 127182296
541455439 299655659
541455439 127182296
128453732 2349637
128453732 18245066
128453732 114420969
128453732 54389903
128453732 127182296
38642705 127182296
54393934 127182296
54393934 142737688
52575979 73095727
52575979 54407379
677281169 127182296
677164363 833276120
677164363 127182296
6214801 56915195
6214801 127182296
89439119 127182296
299655659 541455439
299655659 18245066
299655659 142737688
299655659 205885289
299655659 127182296
299655659 54407379
833276120 677164363
833276120 127182296
525403829 127182296
677319102 127182296
56915195 4872056
56915195 6214801
56915195 199987692
56915195 127182296
56915195 142737688
24325713 127182296
205885289 4872056
205885289 127182296
205885289 73095727
75366714 127182296
54423249 127182296
836613642 127182296
54422553 2349637
54422553 18245066
54422553 114420969
54422553 205885289
54422553 199987692
54422553 54389903
54422553 127182296
25808161 86469479
25808161 18245066
25808161 114420969
25808161 127182296
54400129 127182296
86469479 25808161
86469479 127182296
86469479 114420969
86469479 836424929
65455299 18245066
65455299 127182296
54389903 18245066
54389903 127182296
58143403 18245066
58143403 45344577
58143403 127182296
58143403 12096163
58143403 54407379
299150889 127182296
49834480 127182296
51644613 127182296
