602267710 57076728
777389707 57076728
90587011 57076728
242016220 57076728
152808907 236867871
211893117 57076728
44649520 57076728
50636412 57076728
695910196 57076728
49198211 57076728
540317095 57076728
15561039 57076728
33974015 57076728
61171483 57076728
57076728 61171483
57076728 49198211
57076728 32909958
57076728 69009976
57076728 15561039
57076728 80426285
57076728 136920223
57076728 13963507
57076728 98858018
57076728 48733992
57076728 23406999
57076728 540317095
57076728 9903340
57076728 93641450
57076728 44670566
57076728 147888774
57076728 251974573
57076728 253996742
57076728 57453643
57076728 148248231
57076728 161490797
57076728 224555463
57076728 836614961
57076728 695910196
57076728 73526592
57076728 127745249
57076728 540807174
57076728 133954592
57076728 82713360
57076728 98486305
57076728 44649520
57076728 1796023
57076728 211893117
57076728 264352137
57076728 688267997
57076728 90587011
57076728 742738882
57076728 50813375
57076728 777389707
57076728 21914502
57076728 50636412
57076728 14862519
57076728 134197260
57076728 136964394
57076728 115441963
57076728 300668586
57076728 212383576
57076728 236867871
57076728 602267710
57076728 38699181
57076728 5483245
147888774 57076728
349610955 57076728
742738882 57076728
23406999 57076728
5483245 57076728
264352137 57076728
32716849 57076728
13963507 57076728
93641450 57076728
125580131 136920223
50813375 57076728
9903340 57076728
224555463 57076728
98486305 57076728
21914502 57076728
127745249 57076728
231625030 57076728
212383576 57076728
836614961 57076728
73526592 57076728
623212042 57076728
199801652 57076728
44670566 57076728
25490800 57076728
38699181 57076728
253996742 57076728
349627761 57076728
136920223 57076728
1796023 57076728
299212912 57076728
103696974 57076728
161490797 57076728
300668586 57076728
82162233 57076728
115441963 57076728
251974573 57076728
82713360 57076728
69009976 57076728
236867871 57076728
136964394 57076728
639166885 57076728
319398498 57076728
149540301 57076728
148248231 57076728
540807174 57076728
98858018 57076728
71386405 57076728
21944897 134197260
54618407 57076728
80426285 57076728
48733992 57076728
133954592 57076728
32655138 57076728
14862519 57076728
688267997 57076728
217184312 57076728
57453643 57076728
32909958 57076728
134197260 57076728
134197260 21944897
225769321 57076728
