320798533 128116008
75373130 128116008
133647656 128116008
25943339 128116008
25943339 30771406
65320040 49068088
44906169 49016136
44906169 49067721
44906169 49068088
44906169 231037730
44906169 45223971
44906169 305428768
44906169 48247944
44906169 19788151
44906169 132491345
44906169 30771406
44906169 82528541
231452661 128116008
30771406 44906169
30771406 49067721
30771406 49060782
30771406 49068088
30771406 128116008
30771406 68947517
30771406 45223971
30771406 48509019
30771406 25943339
52562267 128116008
45493185 38631666
45493185 50862132
5362210 50862132
48826588 128116008
62042116 5185403
62042116 84287115
49068088 44906169
49068088 49067721
49068088 231037730
49068088 45223971
49068088 30771406
49068088 61787126
49068088 65320040
49068088 82528541
48730155 128116008
122090811 84287115
44931002 82528541
65271164 31351753
13373088 128116008
329348795 19788151
5185403 21264292
5185403 84287115
5185403 62042116
31351753 65271164
830565751 128116008
65443686 128116008
48509019 128116008
48509019 30771406
346926526 128116008
231037730 44906169
231037730 21264292
231037730 49067721
231037730 49068088
231037730 128116008
231037730 45223971
61787126 49068088
61787126 128116008
323031252 128116008
305428768 44906169
49060782 45223971
49060782 30771406
69279651 128116008
164696155 128116008
48247944 44906169
48247944 128116008
48247944 45223971
83429798 128116008
54682342 128116008
54682342 45223971
54682342 44372583
54682342 102426811
19788151 44906169
19788151 128116008
19788151 329348795
49016136 44906169
49016136 68947517
49016136 45223971
49016136 132491345
49067721 44906169
49067721 49068088
49067721 45223971
49067721 30771406
49067721 44372583
68947517 44906169
68947517 49016136
49054610 128116008
21264292 38631666
21264292 5185403
21264292 128116008
21264292 45493185
104977099 128116008
45223971 44906169
45223971 49016136
45223971 49067721
45223971 49060782
45223971 49068088
45223971 231037730
45223971 48247944
45223971 19788151
45223971 30771406
45223971 82528541
82528541 44906169
82528541 49068088
82528541 45223971
82528541 44931002
132440859 128116008
48725159 128116008
44372583 49067721
44372583 54682342
44372583 132491345
329284860 128116008
215162943 128116008
43868765 128116008
38631666 128116008
38631666 50862132
38631666 45493185
102426811 128116008
84287115 122090811
84287115 5185403
84287115 128116008
92307000 128116008
648856801 128116008
