19841344 69343735
19841344 127166676
69343735 127416264
69343735 127166676
6621963 127166676
6621963 31415083
54316999 127166676
152957263 155828641
152957263 31415083
25225404 127166676
637041670 127166676
155427925 127166676
728466451 31415083
728466451 833658470
18094061 127166676
316645354 127416264
316645354 127166676
152820593 127166676
57643661 127166676
57643661 57645764
57643661 31415083
57643661 67242970
52539961 127166676
155828641 127166676
67242970 127166676
67242970 57643661
175164262 127166676
130198926 131213873
69342559 127416264
69342559 69343735
69342559 127166676
7075783 127416264
57822053 127416264
57822053 69343735
57822053 127166676
96469042 127166676
536276008 127166676
536276008 31415083
163829967 127166676
163829967 31415083
163829967 210249140
5471707 127166676
5471707 31415083
17322891 127166676
131213873 130198926
131213873 127166676
500958731 127166676
54304003 127166676
54304003 69343735
54304003 127416264
835132827 31415083
294853846 127166676
127416264 127166676
226837077 127166676
833658470 536276008
833658470 31415083
516993749 127166676
581500853 127166676
31415083 5471707
31415083 728466451
31415083 536276008
31415083 163829967
31415083 127166676
31415083 835132827
31415083 57643661
31415083 6621963
31415083 833658470
31415083 152957263
210249140 163829967
210249140 127166676
7663020 127166676
57645764 57643661
58147359 69343735
58147359 127166676
152620150 127166676
152431200 127166676
601863397 127166676
323174416 127166676
228285675 127166676
756848331 127166676
581577295 127166676
346343881 127166676
33922007 127166676
83466645 127166676
