421523207 6352463
152500666 34096572
211527669 6352463
34096572 152500666
421603007 6352463
7471989 6352463
7471989 32484016
421458368 6352463
134020726 6352463
3621878 6352463
7769511 6352463
501520058 6352463
81376989 99641338
81376989 6352463
715057938 6352463
58482609 6352463
421615448 6352463
783915181 6352463
66953288 6352463
134122386 6352463
33497610 6352463
421465082 6352463
58147364 6352463
58339353 6352463
6352463 67461885
6352463 3621878
421455509 6352463
16588358 6352463
836610386 6352463
99641338 81376989
99641338 6352463
836610355 6352463
421455735 6352463
154970570 6352463
68783771 6352463
836563724 6352463
44617112 6352463
14962716 6352463
59090767 6352463
48667688 6352463
32484016 7471989
32484016 582456229
152629833 6352463
797881157 6352463
582456229 6352463
582456229 32484016
833546882 6352463
833337449 6352463
421480451 6352463
224313831 6352463
758004696 6352463
281296254 6352463
54647864 6352463
27751249 6352463
421458209 6352463
812484643 6352463
421640322 6352463
52450086 6352463
29419925 6352463
836020243 6352463
32371348 6352463
403617344 6352463
67461885 6352463
58044513 6352463
152577183 6352463
421480429 6352463
