582095368 105767852
85062274 58138300
85062274 128732418
85062274 105767852
85062274 12461531
85062274 828228464
85062274 58279042
85062274 129630373
85062274 543529508
421480055 105767852
421480055 58279042
421480055 828228464
12461531 44813219
12461531 649749028
12461531 128732418
12461531 130569360
12461531 105767852
12461531 581424288
12461531 85062274
12461531 58251241
12461531 828228464
12461531 129630373
12461531 543529508
56116327 105767852
57848871 105767852
57848871 828228464
21915490 105767852
44813219 105767852
44813219 129630373
152688511 129630373
58279042 828228464
58279042 105767852
58279042 85062274
58279042 421480055
58279042 129630373
130569360 128732418
130569360 105767852
130569360 129630373
58138300 105767852
58138300 581424288
58138300 85062274
58138300 828228464
58138300 543529508
128732418 130569360
128732418 85062274
128732418 129630373
543529508 58138300
543529508 828228464
543529508 105767852
543529508 129630373
543529508 85062274
543529508 12461531
543529508 581424288
828228464 581424288
828228464 20500223
828228464 128732418
828228464 58138300
828228464 56116327
828228464 130569360
828228464 44813219
828228464 105767852
828228464 152688511
828228464 85062274
828228464 649749028
828228464 12461531
828228464 57848871
828228464 58251241
828228464 58279042
828228464 129630373
828228464 543529508
828228464 421480055
105767852 56116327
105767852 58138300
105767852 44813219
105767852 20500223
105767852 649749028
105767852 130379497
105767852 21915490
105767852 57848871
105767852 582095368
105767852 130569360
105767852 152784366
105767852 581424288
105767852 85062274
105767852 12461531
105767852 58251241
105767852 828228464
105767852 58279042
105767852 129630373
105767852 543529508
105767852 421480055
104144973 132090440
58251241 130379497
58251241 105767852
58251241 12461531
58251241 828228464
58251241 129630373
581424288 58138300
581424288 105767852
581424288 828228464
581424288 543529508
581424288 129630373
152784366 105767852
129630373 85062274
129630373 44813219
129630373 128732418
129630373 105767852
129630373 828228464
129630373 543529508
20500223 105767852
20500223 828228464
130379497 105767852
130379497 58251241
