23934859 60052841
723211997 60052841
52528815 60689740
52528815 60052841
52528815 14847486
52528815 256879775
27960741 55250241
27960741 14847486
127985224 60052841
26065092 60052841
92093598 60052841
57408940 14847486
10804311 60052841
320128416 152364858
152364858 320128416
605139478 60052841
678566219 56817358
678566219 23952142
525639289 60052841
479423654 174090499
107681392 60052841
60689740 52528815
60689740 60052841
60689740 157991583
54431151 60052841
805785698 60052841
56397687 60052841
836611929 60052841
212435031 60052841
23952142 60689740
23952142 60052841
23952142 605124470
23952142 35499523
23952142 678566219
681135323 60052841
56817358 60052841
56817358 678566219
14847486 60052841
14847486 35499523
319255350 60052841
605124470 60052841
44917962 60052841
223214487 60052841
157991583 60689740
157991583 82785185
98530081 60052841
98530081 14847486
147872868 18952977
60052841 14847486
60052841 35499523
60052841 127985224
60052841 5695663
56327808 35499523
55250241 27960741
154909623 60052841
683780937 60052841
299477871 60052841
35499523 60052841
35499523 14847486
35499523 56327808
5695663 60052841
18952977 147872868
128316548 60052841
644485591 35499523
174090499 60052841
174090499 479423654
139265327 60052841
256879775 52528815
128685425 60052841
196851479 14847486
836613312 60052841
560259740 60052841
