59596605 159859822
155604404 54156425
159859822 199941178
159859822 59596605
23686905 637164318
23686905 794946814
23686905 76897809
23686905 72993263
142754977 637164318
515419465 11329619
141520277 142772268
141520277 76897809
141520277 701018410
141520277 794946814
141520277 637164318
141520277 5904983
141520277 72993263
5904983 637164318
5904983 72993263
5904983 141520277
448835974 141520277
448835974 637164318
376623881 794946814
20642274 141520277
453474038 637164318
215944821 637164318
54156425 220484481
54156425 449714364
54156425 66550295
54156425 156191612
54156425 11329619
54156425 202776107
54156425 794946814
36145078 637164318
72993263 637164318
72993263 289210429
72993263 76897809
72993263 258214277
72993263 135170829
72993263 199941178
72993263 53485600
72993263 5904983
72993263 141520277
155551004 258214277
155551004 794946814
155551004 72993263
155551004 5904983
155551004 289210429
155551004 637164318
155551004 701018410
155551004 76897809
155551004 141520277
25984054 637164318
25984054 53485600
135170829 53485600
135170829 637164318
701018410 155551004
701018410 141520277
652781142 794946814
566012303 75179013
566012303 72993263
566012303 76897809
566012303 637164318
258214277 155551004
258214277 72993263
258214277 637164318
71768954 637164318
53485600 794946814
53485600 135170829
735908877 637164318
8485307 304782240
8485307 794946814
66550295 794946814
66550295 54156425
302531471 794946814
28495905 637164318
61216416 637164318
61216416 794946814
61216416 53485600
142772268 637164318
142772268 794946814
142772268 141520277
220484481 76897809
220484481 637164318
532644706 794946814
156191612 54156425
156191612 794946814
637164318 794946814
637164318 141520277
637164318 142772268
637164318 28495905
75179013 637164318
75179013 566012303
221545819 11329619
221545819 794946814
794946814 304782240
794946814 637164318
794946814 141520277
794946814 54156425
794946814 142772268
794946814 53485600
794946814 8485307
202776107 794946814
11329619 794946814
11329619 515419465
11329619 221545819
215927542 637164318
215927542 141520277
49225308 637164318
304782240 220484481
304782240 20642274
304782240 794946814
304782240 637164318
22039595 637164318
22039595 72993263
289210429 637164318
199941178 637164318
24506194 637164318
24506194 794946814
449714364 54156425
449714364 202776107
449714364 794946814
76897809 23686905
76897809 141520277
76897809 155551004
76897809 220484481
368360175 637164318
