200058382 16061967
18477075 57657258
18477075 16061967
34096572 16061967
217104840 16061967
24279683 16061967
85746013 16061967
230610774 16061967
163891759 16061967
535374652 16061967
101695593 148320040
101695593 34451461
101695593 16061967
136600545 16061967
368532542 16061967
57649742 57587998
57649742 13861473
57649742 152663144
57649742 16061967
22975178 16061967
131571016 16061967
644060898 16061967
73034629 16061967
69677710 16061967
152891939 16061967
55843601 16061967
57657258 16061967
107668651 16061967
57478379 16061967
57613434 16061967
69875665 16061967
233561965 16061967
57610534 16061967
37983254 16061967
57584615 16061967
785131992 16061967
246738599 57070250
58410645 16061967
5900056 16061967
34451461 298854400
34451461 136600545
34451461 101695593
34451461 13861473
34451461 16061967
785137688 16061967
107669021 16061967
152663236 16061967
77578794 16061967
298854400 16061967
298854400 127361911
113691783 16061967
49419076 16061967
282941782 16061967
25208124 16061967
127361911 298854400
127361911 34451461
127361911 73034629
127361911 16061967
105768966 16061967
152811248 34451461
152811248 16061967
148320040 101695593
148320040 16061967
58056698 16061967
57587998 57649742
111259410 16061967
582157582 16061967
297803506 16061967
299217190 16061967
111332191 16061967
152724544 16061967
541449949 16061967
58443646 16061967
785133573 16061967
35888326 16061967
56006758 16061967
131105821 16061967
57164275 16061967
58058976 16061967
65402699 16061967
160303335 16061967
152663144 57649742
57744509 16061967
298858707 16061967
152677071 16061967
58063243 16061967
57070250 246738599
57070250 16061967
13861473 57649742
13861473 34451461
