9416650 6131290
9416650 69200845
199769576 5779947
59817929 5779947
104612179 127354659
104612179 5779947
299270998 5779947
54402468 127354659
54402468 5779947
31425418 5779947
54587132 7254402
54587132 5779947
299575892 5779947
530553835 5779947
199795639 5779947
166560388 5779947
22439995 127354659
22439995 127249559
22439995 5779947
72150785 127354659
72150785 127249559
72150785 5779947
16678182 127354659
16678182 5779947
32182177 127354659
32182177 5779947
69434278 5779947
5779947 127354659
5779947 127249559
91240057 5779947
127354659 127249559
127354659 5779947
836614319 5779947
48863263 5779947
142731826 5779947
6131290 9416650
6131290 69200845
22126194 127354659
22126194 127249559
22126194 5779947
9237021 5779947
11239014 5779947
669747859 5779947
39964553 5779947
93166685 5779947
69200845 6131290
69200845 9416650
358409018 5779947
120418973 127354659
238967956 5779947
54384303 127354659
54384303 127249559
54384303 5779947
6694776 5779947
127249559 127354659
127249559 5779947
7254402 127354659
7254402 5779947
49250609 5779947
200123728 5779947
302251384 5779947
538097046 5779947
109346433 5779947
836613965 127354659
259574803 5779947
127666341 5779947
