122418615 11579186
110601387 11579186
3408635 11579186
59800802 11579186
133685532 11579186
172461324 11579186
207355685 11579186
33130423 11579186
259173940 11579186
10515759 11579186
672235444 11579186
225829297 11579186
161706485 11579186
49828504 11579186
49828504 3408635
131068537 11579186
52058182 11579186
33228520 11579186
38254117 11579186
38254117 3576993
131162316 11579186
318035515 11579186
836612183 11579186
133087751 11579186
25884788 11579186
192294349 11579186
200023676 11579186
148945858 11579186
11436433 11579186
108529355 11579186
52052280 11579186
56824279 11579186
663348021 11579186
224545988 11579186
36478510 11579186
322557640 11579186
55575577 11579186
6976721 11579186
3576993 11579186
3576993 38254117
219896959 11579186
9048511 11579186
56319810 11579186
22343026 11579186
51908595 11579186
257919840 11579186
148544746 11579186
71700239 11579186
82666402 11579186
181678288 11579186
34862437 11579186
20249365 11579186
199948139 11579186
129701474 11579186
605004515 11579186
161662882 11579186
300284553 11579186
555273544 11579186
328277146 11579186
299108287 11579186
52087779 11579186
24755451 11579186
199998961 11579186
134691604 11579186
130183973 11579186
30426500 11579186
155719803 11579186
