34430467 44899702
34430467 96485240
34430467 127354619
34430467 152726340
582230754 127354619
130229355 127354619
580912567 127354619
631162024 127354619
836614157 127354619
580932912 127354619
582034621 127354619
581240600 127354619
20227089 127354619
580920833 127354619
503082077 127354619
580965511 127354619
581963129 127354619
152513103 127354619
216016247 127354619
528314754 127354619
601643157 127354619
58342386 127354619
58149243 127354619
581007393 127354619
152603997 127354619
57612512 127354619
215740254 127354619
581264639 127354619
539269726 127354619
239439131 127354619
215752121 127354619
44535385 127354619
44899702 127354619
44899702 34430467
64646763 127354619
64646763 64866661
581274833 127354619
96485240 127354619
96485240 34430467
484780787 127354619
217179606 127354619
634177408 127354619
676867433 127354619
430984525 127354619
581224359 127354619
581858113 127354619
298851478 127354619
44755105 127354619
581813241 127354619
485684822 127354619
834437426 127354619
370611603 127354619
500053335 127354619
64866661 127354619
64866661 34430467
64866661 64646763
104029587 127354619
83253276 127354619
581976537 127354619
565058350 127354619
581025785 127354619
836612273 127354619
581792314 127354619
581744435 127354619
746846616 127354619
695092192 127354619
210192446 127354619
8029081 127354619
796156407 127354619
49486704 127354619
582396021 127354619
581741071 127354619
152726340 127354619
152726340 34430467
581271232 127354619
581179337 127354619
459649361 127354619
243110920 127354619
