44360749 127189316
89427434 43790836
89427434 231528439
89427434 44372583
89427434 127189316
55602734 127189316
44827171 127189316
155530718 127189316
40048486 127189316
142720556 127189316
14539715 50885546
133392061 127189316
49063837 127189316
44628365 96198098
44628365 127189316
8574148 13975135
8574148 127189316
319370683 127189316
44203717 127189316
49235367 127189316
13975135 230961740
13975135 8574148
13975135 43792454
13975135 231528439
13975135 127189316
61240713 43790836
61240713 127189316
54402765 127189316
604089137 127189316
67208431 9509673
520474100 127189316
57130303 127189316
48716012 127189316
95914950 127189316
45016501 127189316
72143345 127189316
48818263 127189316
96199562 96198098
96199562 127189316
43790836 61240713
43790836 8183509
43790836 89427434
43790836 127189316
8183509 43790836
8183509 127189316
57492388 127189316
168631420 96198098
168631420 127189316
61558566 127189316
65486266 127189316
48379057 127189316
90900930 127189316
46863094 127189316
9702062 127189316
33343156 50885546
33343156 14539715
33343156 127189316
43792454 127189316
43792454 13975135
48549018 127189316
57488543 127189316
50879248 127189316
18206401 127189316
96198098 168631420
96198098 44628365
96198098 96199562
96198098 127189316
96122439 127189316
669322703 127189316
231098791 127189316
231172330 127189316
230961740 13975135
230961740 44372583
50885546 14539715
40288237 127189316
502746329 127189316
44372583 230961740
44372583 127189316
44372583 89427434
9509673 67208431
9509673 127189316
44861992 127189316
25814580 127189316
231528439 13975135
231528439 127189316
231528439 89427434
127727250 364594114
127727250 127189316
