50903202 15797835
4451242 60890259
16772286 486713893
16772286 69316421
16772286 152601922
60890259 115197580
60890259 9596236
60890259 60890180
60890259 129406335
60890259 128346458
152817590 69316421
152817590 83163204
67335027 428890051
57759123 60890259
57759123 82355263
129406335 9596236
129406335 60890259
23289532 60890259
115197580 60890259
60079651 9596236
44776420 69316421
44776420 83163204
24693376 7820579
388139871 60890259
224610952 115197580
39476355 15797835
39476355 83163204
210200159 83163204
60890180 60890259
25960339 60890259
54625527 115197580
54625527 521565113
54625527 60890259
155002997 60890259
15797835 39476355
15797835 50903202
486713893 16772286
50909061 60890259
152878606 69316421
123124000 60890259
521565113 115197580
155852614 69316421
155834835 69316421
155858961 69316421
7820579 60890259
7820579 16655206
83163204 152601922
83163204 39476355
83163204 69316421
83163204 152817590
83163204 58086521
83163204 210200159
83163204 298858851
152735075 69316421
582438719 69316421
16655206 7820579
52608554 60890259
152601922 69316421
152601922 16772286
152601922 83163204
58086521 69316421
58086521 83163204
71470748 60455375
145675473 60890259
145675473 9596236
148936156 60890259
58414721 69316421
152702027 69316421
160301420 60890259
135738145 60890259
60455375 71470748
60455375 60890259
