218116985 58156624
58158196 58156624
359336379 152912270
359336379 534098935
359336379 833658278
68915942 32539883
152603409 52582630
152688124 658761672
73254646 58156624
73254646 151592316
582150979 58156624
517674895 58156624
49008508 302427415
49008508 36689158
58156624 517674895
58156624 678906485
58156624 154929869
58156624 581564839
581564839 58156624
302427415 49008508
302427415 346926567
302427415 36689158
36689158 50477240
36689158 302427415
36689158 658761672
129580052 218174602
145456340 164539919
154929869 58156624
833658278 534098935
833658278 359336379
164539919 57649791
164539919 145456340
678906485 58156624
61777116 58156624
218122873 836610474
459509084 152603409
459509084 50477240
90084375 58156624
581243672 145456340
32539883 57649791
32539883 68915942
57649791 164539919
57649791 32539883
152905570 58156624
58321442 36689158
186779152 58156624
151592316 73254646
534098935 359336379
534098935 833658278
50863182 58156624
52582630 152603409
836610474 218122873
346926567 302427415
152912270 359336379
