299383032 127172488
49821768 127172488
300162763 127172488
152571309 130236604
152571309 127172488
61575190 127172488
130236604 127172488
96669916 127172488
55229950 127172488
99184 127172488
8121512 35100251
8121512 127172488
177038421 127172488
36780117 127172488
123506955 127172488
141577912 127172488
224092036 127172488
91244304 127172488
142764308 127172488
56939683 127172488
216470952 56511956
128217033 127172488
41962038 127172488
60444420 127172488
45441567 127172488
30145498 127172488
52065683 127172488
300293917 127172488
37818632 127172488
10743156 127172488
21450782 127172488
45161823 127172488
57194174 127172488
82803278 35100251
32369005 127172488
25574716 127172488
299352437 127172488
114185076 127172488
19646156 127172488
155477422 127172488
72232703 127172488
35100251 82803278
35100251 8121512
181542266 127172488
50897513 127172488
134239569 127172488
299618460 127172488
163813499 127172488
35013400 127172488
58295874 127172488
3875135 127172488
139619891 127172488
130770915 127172488
32633925 127172488
448090833 127172488
33261544 127172488
56511956 216470952
56511956 127172488
300106157 127172488
301713598 127172488
33564340 89139254
299295744 127172488
33755601 127172488
193002670 127172488
89139254 33564340
89139254 127172488
59697077 127172488
