16363319 108288765
16363319 746368874
12996851 37624221
746368874 127166211
746368874 44690459
746368874 16363319
49690690 127166211
27033020 127166211
27033020 155067355
27033020 45564509
27033020 71331261
27033020 34532761
27033020 57374940
27033020 44868446
17904357 33005897
69383097 6757020
69383097 127166211
69383097 33005897
6757020 69383097
44978956 127166211
34532761 50851129
34532761 27033020
34532761 746368874
128903498 127166211
145336214 127166211
45564509 27033020
45564509 33005897
45564509 34532761
45564509 73763824
26760305 127166211
26760305 62160276
4737926 60868134
4737926 13405761
128711046 12996851
66606963 127166211
60868134 4737926
60868134 13405761
150728220 34532761
33005897 127166211
33005897 17904357
33005897 55474873
71299117 127166211
71299117 48681974
74511769 17904357
74511769 695693269
41533700 127166211
54295084 127166211
54295084 12996851
701480852 127166211
52554804 127166211
57374940 127166211
57374940 27033020
669369406 155067355
44690459 48751038
44690459 44726682
44690459 746368874
44690459 44868446
48751038 155067355
48751038 44690459
507359409 17904357
299544160 127166211
37624221 127166211
37624221 12996851
110366791 34532761
2559164 127166211
44868446 27033020
8125197 127166211
8125197 18795969
8125197 17904357
108288765 127166211
108288765 155067355
108288765 44690459
108288765 16363319
18795969 8125197
58648180 127166211
44726682 44690459
44726682 48681974
44726682 34532761
25776514 127166211
71331261 27033020
71331261 33005897
55474873 127166211
55474873 33005897
8740436 127166211
8740436 62160276
155067355 127166211
352378726 127166211
48681974 155067355
48681974 44690459
48681974 44726682
48681974 34532761
48681974 71299117
56934192 695693269
50851129 155067355
50851129 34532761
45148031 127166211
231631779 55283818
71298568 155067355
71298568 27033020
54682627 127166211
55283818 231631779
325037239 127166211
