83554244 50701897
83554244 50212641
83554244 54433050
83554244 54435807
83554244 67855652
83554244 45441420
83554244 56104966
83554244 667461068
83554244 2392122
169538116 50212641
55024792 50212641
54376919 50212641
50212641 55731240
50212641 57815529
50212641 129572391
50212641 55024792
50212641 83554244
50212641 130785620
50212641 667461068
50212641 103067983
50212641 54376919
57815529 50212641
54435807 49827261
54435807 83554244
2392122 83554244
2392122 45441420
2392122 46111003
50701897 83554244
103067983 30148922
103067983 50212641
30148922 32950862
30148922 103067983
45441420 50212641
45441420 50701897
45441420 83554244
45441420 2392122
49827261 2392122
49827261 46111003
54433050 83554244
55731240 130785620
55731240 50212641
667461068 50212641
667461068 83554244
129572391 50212641
46111003 67855652
46111003 2392122
46111003 130785620
46111003 49827261
56104966 83554244
32950862 130785620
67855652 57815529
67855652 83554244
67855652 56104966
67855652 46111003
130785620 50212641
130785620 32950862
130785620 46111003
