108324838 3790131
175152165 29952341
175152165 44758866
175152165 114703874
175152165 125065760
175152165 27207332
175152165 38823022
175152165 581445405
175152165 57653178
175152165 57649664
175152165 152573518
175152165 325004518
175152165 633944196
175152165 152921994
175152165 152480536
125065760 38884887
125065760 82643211
125065760 152921994
125065760 175152165
125065760 114703874
125065760 42075272
125065760 57599482
60451703 101697073
50889224 3790131
581445405 101697073
581445405 175152165
581445405 210191357
44765531 3790131
192467761 3790131
50874129 191871028
192459667 3790131
152573518 175152165
152573518 210191357
65267414 127671330
65267414 101697073
38884887 152930223
38884887 130022111
38884887 8040059
17002138 82643211
17002138 57649664
17002138 8040059
325004518 175152165
210197814 57599482
101698167 38884887
101698167 29952341
101698167 8040059
57599482 125065760
57599482 210197814
57599482 8040059
127671330 65267414
607634608 3790131
57649664 44758866
57649664 17002138
57649664 152567013
57649664 175152165
79507099 22671631
29952341 175152165
210191357 581445405
210191357 152573518
38823022 175152165
130022111 38884887
82643364 3790131
82643364 40128173
114703874 82643211
114703874 175152165
114703874 125065760
152567013 57649664
69553688 3790131
9934855 3790131
27207332 175152165
27207332 101697073
27207332 8040059
633944196 175152165
82643211 17002138
82643211 114703874
82643211 125065760
82643211 101697073
22671631 79507099
44758866 57649664
44758866 175152165
101697073 45013520
101697073 581445405
101697073 152573518
101697073 82643211
101697073 210191357
101697073 60451703
101697073 8040059
101697073 65267414
152921994 125065760
152921994 175152165
653123503 3790131
74589616 8040059
8040059 101698167
8040059 27207332
8040059 57599482
8040059 38884887
8040059 74589616
45013520 101697073
57653178 175152165
42075272 125065760
42075272 129786116
27550161 3790131
152480536 175152165
