128659151 127531203
33530224 101025546
33530224 127166819
33530224 37456982
33530224 22825980
33139646 127166819
33139646 220526861
33139646 127531203
33139646 15520471
220526861 127166819
61040214 127166819
608817787 127531203
21990207 127166819
19810033 127166819
23704606 127166819
23704606 127531203
23704606 82421449
23704606 532010757
22825980 101025546
22825980 33530224
22825980 127166819
22825980 37456982
276982341 16071183
28293193 127166819
15520471 127166819
15520471 24945185
41182026 127166819
41182026 127531203
532010757 24945185
532010757 127531203
241665661 836613931
241665661 127531203
24945185 127166819
24945185 532010757
24945185 15520471
24945185 127531203
54063911 127166819
97399727 127531203
9772882 79437476
15926846 127166819
79437476 9772882
79437476 60691323
37456982 101025546
37456982 33530224
37456982 127166819
37456982 22825980
509472 127531203
133627894 127166819
31189346 33530224
836613931 241665661
836613931 127531203
82421449 127166819
82421449 127531203
31757522 127166819
31757522 127531203
540725956 127166819
500813738 27001647
27001647 127166819
827434746 16071183
836611958 127166819
15134570 127531203
15134570 220526861
101025546 33530224
65303525 500813738
65423954 220526861
13854666 127166819
836614313 127166819
836614313 127531203
130045361 127166819
6640845 127166819
6640845 101693289
127531203 127166819
127531203 220526861
541506797 24945185
541506797 127531203
60691323 79437476
59854946 127166819
107420088 127166819
23647772 127166819
