696297460 177616087
217375808 55117682
205120981 129129388
45343469 111734291
89102113 50626588
44794631 129129388
52538387 4941484
52538387 93063877
78505369 50626588
112164298 33288450
112164298 50626588
652087670 4941484
129129388 44794631
129129388 26548222
129129388 205120981
129129388 43852479
129129388 302884580
106487185 21556796
50626588 52029179
50626588 78505369
50626588 111734291
50626588 112164298
50626588 54405218
50626588 89102113
50626588 52058378
65747019 22850582
127772985 4941484
52058378 50626588
74691341 21556796
74691341 15070729
74691341 68933948
21556796 74691341
15070729 74691341
15070729 57397198
15070729 54438000
54596641 21556796
54405218 50626588
54405218 21556796
111734291 52029179
111734291 50626588
111734291 45343469
52029179 50626588
52029179 111734291
52029179 33288450
55117682 4941484
302884580 43852479
45428722 106487185
44385361 21556796
177616087 696297460
22850582 65747019
54438000 15070729
4941484 52538387
4941484 652087670
4941484 127772985
4941484 55117682
4941484 83554496
57397198 74691341
57397198 21556796
57397198 15070729
57397198 83554496
22142005 21556796
93063877 52538387
93063877 652087670
54387889 22870663
22870663 54405218
22870663 54387889
68933948 21556796
68933948 83554496
68933948 74691341
26548222 129129388
43852479 129129388
43852479 302884580
33288450 52029179
33288450 112164298
4911341 52465064
