159820589 289192054
31856733 188967315
21729000 144551929
73303790 144551929
73303790 182918205
141551331 188967315
141551331 144551929
289192054 298803951
289192054 135402944
289192054 144551929
367086529 144551929
159889663 112211128
159889663 135402944
131734585 144551929
59542717 144551929
33496049 188967315
33496049 144551929
19509366 144551929
298803951 289192054
298803951 144551929
298803951 298804863
662840289 144551929
104635672 144551929
100715822 289185938
100715822 144551929
239033427 144551929
203423324 50697344
203423324 144551929
289185938 188967315
289185938 100715822
578945892 144551929
164511819 144551929
36866886 144551929
307341535 144551929
156261604 159889663
156261604 144551929
165100070 114393927
165100070 144551929
165100070 141551331
165100070 182918205
144553325 144551929
666337989 144551929
32217446 144551929
289186553 144551929
112211128 159889663
112211128 144551929
166783117 144551929
135402944 289192054
135402944 159889663
135402944 144551929
188967315 289185938
188967315 50697344
188967315 31856733
188967315 33496049
187282510 144551929
450906032 144551929
651216264 144551929
350436055 579038538
298804863 21114661
298804863 289185938
298804863 298803951
298804863 5517082
298804863 144551929
155757499 144551929
449620284 144551929
182918205 73303790
182918205 165100070
21114661 735651733
21114661 144551929
21114661 298804863
400330428 144551929
155580352 144551929
836614169 144551929
536352771 144551929
735651733 21114661
216070923 144551929
215876128 144551929
233266327 144551929
21928209 188967315
21928209 144551929
5517082 188967315
5517082 298804863
50697344 188967315
50697344 144551929
50697344 203423324
745813015 144551929
667116891 144551929
58333128 144551929
