200040153 22629928
53959117 22629928
140439929 22629928
57648284 22629928
58294800 22629928
276917111 22629928
39760608 22629928
39760608 160298769
228052546 22629928
39454891 22629928
84912474 22629928
239360098 22629928
135665931 22629928
24556791 22629928
133024441 22629928
359521663 22629928
215965669 22629928
215969294 22629928
628261811 22629928
642278033 118436225
836613044 22629928
285790454 22629928
102042105 22629928
107668040 22629928
9597740 22629928
148727613 22629928
237538133 22629928
139246113 57189572
139246113 22629928
830251796 22629928
44964965 385884145
44964965 642278033
57189572 139246113
57189572 22629928
72762975 22629928
247820418 22629928
237957070 22629928
147947463 22629928
54250215 22629928
242273212 22629928
51696779 22629928
18820913 22629928
322522409 22629928
61569963 22629928
58272448 22629928
263225390 22629928
296440708 22629928
134583077 22629928
134583077 65273176
10293442 22629928
106948549 22629928
299440711 22629928
241389663 22629928
217158009 22629928
241808179 22629928
122945836 642278033
55646831 22629928
22629928 296440708
65273176 22629928
118436225 642278033
118436225 22629928
