133604016 71791920
133604016 40467617
133604016 19114185
133604016 69245997
133604016 32029874
133604016 4849299
133604016 78905227
133604016 28232407
85021818 40467617
223297810 71791920
223297810 128079069
223297810 40467617
801350378 40467617
96126559 40467617
25914071 40467617
4849299 133604016
4849299 32029874
4849299 19114185
4849299 40467617
583197109 604228392
738088955 40467617
694717871 40467617
69245997 223297810
69245997 71791920
69245997 133604016
69245997 134258917
69245997 128079069
69245997 40467617
836612112 40467617
23610132 40467617
477216215 40467617
174437950 40467617
246538681 40467617
246538681 128079069
246538681 134258917
127166885 40467617
78905227 71791920
78905227 28232407
78905227 133604016
78905227 134258917
78905227 246538681
78905227 104795966
78905227 4849299
78905227 32029874
78905227 69245997
78905227 71791213
78905227 19114185
78905227 128079069
78905227 40467617
48540961 40467617
142481558 40467617
32029874 71791920
32029874 28232407
32029874 78905227
32029874 133604016
32029874 77167518
32029874 4849299
32029874 19114185
32029874 128079069
32029874 40467617
342994141 40467617
24185935 40467617
49416954 40467617
604228392 583197109
34755595 40467617
72468828 40467617
108438257 40467617
25962093 40467617
71791920 28232407
71791920 78905227
71791920 134258917
71791920 104795966
71791920 32029874
71791920 69245997
71791920 19114185
71791920 128079069
71791920 40467617
109276359 28232407
116342475 134258917
116342475 104795966
116342475 40467617
665912313 40467617
28232407 71791920
28232407 78905227
28232407 133604016
28232407 104795966
28232407 32029874
28232407 128079069
28232407 40467617
44740169 40467617
166877855 69245997
166877855 128079069
166877855 40467617
25525059 28232407
25525059 104795966
25525059 19114185
49343706 40467617
65483087 40467617
77167518 32029874
40467617 223297810
40467617 71791920
40467617 28232407
40467617 133604016
40467617 104795966
40467617 32029874
40467617 69245997
40467617 19114185
40467617 128079069
19114185 71791920
19114185 28232407
19114185 133604016
19114185 104795966
19114185 4849299
19114185 32029874
19114185 40467617
836612673 40467617
9231675 127259615
104795966 71791920
104795966 28232407
104795966 801350378
104795966 19114185
104795966 128079069
104795966 40467617
134258917 71791920
134258917 69245997
134258917 128079069
134258917 40467617
128079069 223297810
128079069 71791920
128079069 28232407
128079069 78905227
128079069 134258917
128079069 246538681
128079069 104795966
128079069 69245997
128079069 71791213
128079069 40467617
71791213 71791920
71791213 28232407
71791213 78905227
71791213 134258917
71791213 128079069
71791213 40467617
65493147 127259615
