14794735 127166474
635516376 127166474
126693604 127166474
16846826 127166474
72856854 127166474
429203862 127166474
56307833 127166474
166483421 127166474
836614692 127166474
128374190 127573011
128374190 127166474
154830879 127166474
328243133 127166474
142761422 127166474
129875225 127166474
54154813 127166474
142744018 127166474
300791318 127166474
127573011 128374190
127573011 30430155
30430155 127573011
30430155 127166474
29933965 127166474
46959497 127166474
559663808 127166474
604495062 127166474
