217128246 141778600
160286990 152260506
142650992 141778600
141778600 24495358
141778600 142650992
141778600 217128246
141778600 328384572
674639684 141778600
49312121 217119228
49312121 141778600
49312121 809557322
505949610 50645000
244531081 141778600
745724962 141778600
674773158 328384572
3023128 578774856
323024789 141778600
638619609 141778600
52122766 141778600
92271235 141778600
666540980 323050418
643013552 12204764
578774856 3023128
50645000 141778600
50645000 505949610
50645000 24495358
50645000 170998967
166562801 141778600
152260506 160286990
328384572 141778600
328384572 674773158
12204764 643013552
809557322 141778600
809557322 49312121
644330942 141778600
44279186 141778600
604170802 141778600
323050418 666540980
89865986 141778600
170998967 50645000
57473695 141778600
217119228 141778600
217119228 49312121
24495358 141778600
24495358 50645000
