836610735 744593121
199933708 20486222
49443672 134271117
58114299 744593121
476429775 744593121
182122143 744593121
233381514 744593121
836611172 744593121
195749429 744593121
195749429 134271117
127293415 134271117
563440195 134271117
134271117 195749429
744593121 836611172
836610476 790401673
217325769 744593121
622856990 744593121
622788901 744593121
790401673 836610476
365563180 744593121
376148034 744593121
328620189 134271117
813357078 744593121
347109840 744593121
20486222 134271117
20486222 199933708
505524955 744593121
64695534 744593121
547197266 134271117
422232072 744593121
305616813 744593121
