156008814 159852849
233916872 159852849
233916872 207646750
733822743 734077823
35007870 57322224
35007870 289198383
35007870 734077823
72993263 734077823
72993263 57322224
734077823 434648413
734077823 58391084
734077823 49233636
734077823 72050561
734077823 215876047
734077823 207646750
734077823 299390870
734077823 25165878
734077823 58097183
734077823 57322224
734077823 267433147
734077823 98841404
734077823 328393697
734077823 147987096
58391084 734077823
667310330 49233636
460207902 734077823
215876047 58097183
215876047 57322224
215876047 49233636
215876047 734077823
84167496 49233636
84167496 31334356
57375957 2698583
57375957 734077823
57375957 49233636
57375957 58097183
147987096 734077823
31334356 84167496
449498365 734077823
449498365 215876047
49200957 734077823
49200957 57322224
532619767 57322224
434648413 289186186
434648413 58097183
434648413 289198383
434648413 49233636
434648413 734077823
434648413 166625008
49233636 434648413
49233636 4059355
49233636 166625008
49233636 734077823
49233636 57379776
49233636 289198383
49233636 98841404
49233636 84167496
49233636 267433147
49233636 667310330
49233636 57322224
49233636 58097183
49233636 25165878
49233636 299390870
49233636 9277162
49233636 289186186
49233636 215876047
58097183 734077823
58097183 57379776
58097183 49233636
58097183 57322224
289186186 434648413
289186186 207646750
289186186 25165878
289186186 383916996
289186186 58097183
289186186 267433147
289186186 49233636
267433147 734077823
267433147 289186186
267433147 57322224
267433147 49233636
25165878 734077823
25165878 49233636
25165878 289198383
25165878 289186186
9277162 734077823
9277162 49233636
9277162 289198383
9277162 57322224
9277162 299390870
9277162 207646750
377232732 49233636
207646750 233916872
207646750 166625008
207646750 734077823
207646750 289198383
207646750 289186186
207646750 9277162
4059355 49233636
4059355 48643556
61241869 734077823
61241869 57379776
166625008 434648413
166625008 49233636
166625008 289198383
166625008 57322224
166625008 207646750
72050561 57320065
72050561 734077823
57322224 166625008
57322224 734077823
57322224 49233636
57322224 532619767
57322224 267433147
57322224 58097183
299390870 2698583
299390870 734077823
299390870 57379776
299390870 49233636
299390870 58097183
299390870 9277162
16598608 734077823
289198383 434648413
289198383 166625008
289198383 35007870
289198383 49233636
289198383 98841404
289198383 25165878
289198383 207646750
289198383 9277162
159852849 233916872
159852849 156008814
2698583 57375957
2698583 299390870
2698583 289198383
2698583 57379776
167283581 734077823
98841404 734077823
98841404 49233636
98841404 289198383
98841404 57322224
98841404 61241869
57320065 72050561
328393697 734077823
383916996 289186186
57379776 2698583
57379776 734077823
57379776 49233636
57379776 267433147
57379776 57322224
57379776 58097183
57379776 299390870
690061982 734077823
