152888817 152937898
152604175 35126056
152604175 58336859
152604175 145457018
152604175 58371009
152604175 580964099
152604175 54239475
152604175 152662706
152604175 152699999
581039128 145457018
152856436 152955779
152856436 152937898
152928982 145457018
152928982 152937898
152819306 152900266
152819306 152956093
152819306 145457018
57747693 152937898
58336859 152604175
152900266 152937898
152699999 54239475
152699999 152937898
152699999 152604175
152699999 152730467
149549770 152937898
52580913 152626866
52580913 152937898
57583888 152626866
57583888 54239475
57583888 152937898
35126056 145457018
35126056 45177285
128452952 130228776
152702501 152623305
152702501 145457018
152702501 152937898
152702501 152913835
152702501 130228776
152730467 152699999
152730467 152937898
57648574 10679695
57648574 47932022
57648574 50619453
57648574 152899730
57648574 54239475
57648574 152912153
57648574 152913957
130419663 152937898
152601191 152955779
152601191 152899730
152601191 580964099
152601191 54239475
152601191 50619453
152956093 152925049
152956093 152819306
152956093 54239475
152956093 152544413
152956093 152937898
152956093 152913835
16992706 47932022
16992706 152730853
16992706 50619453
16992706 152577075
152688969 152937898
58265288 152937898
58265288 145457018
152925049 152956093
152925049 47932022
152925049 152937898
152925049 45177285
152955779 152601191
152955779 152856436
152955779 152730853
70357211 145457018
70357211 152913957
70357211 2520437
70357211 45177285
152595245 152937898
149526754 145457018
149526754 152937898
149526754 130228776
149526754 45177285
49282669 58371009
49282669 152899730
47932022 16992706
47932022 152925049
47932022 152956093
47932022 152730853
47932022 45177285
47932022 57648574
367924699 163105797
33944323 152937898
152726568 152925049
152726568 152937898
152899730 152601191
152899730 49282669
152899730 70357211
152899730 152941765
152899730 152937898
152899730 57648574
20026293 152933501
58371009 49282669
58371009 145457018
58371009 152937898
58371009 152604175
152933501 152937898
152933501 20026293
152954326 145457018
50619453 16992706
50619453 152601191
50619453 115980639
50619453 57648574
16228956 152819306
16228956 152937898
152896896 54239475
152896896 152937898
152896896 152596803
152896896 45177285
30482416 152937898
152912153 152730853
152912153 57648574
152544413 152956093
29425464 152937898
10679695 580964099
10679695 57648574
580964099 152626866
580964099 10679695
256839249 152937898
152937898 152956093
152937898 152913835
163105797 367924699
115980639 152730853
115980639 50619453
115980639 57583888
152619489 152937898
152730853 16992706
152730853 152955779
152730853 47932022
152730853 152912153
152730853 115980639
152730853 152937898
152913835 152956093
152913835 145457018
152913835 152702501
152913835 152937898
145457018 152726568
145457018 152623305
145457018 35126056
145457018 70357211
145457018 149527164
145457018 152702501
145457018 152954326
145457018 58371009
145457018 54239475
145457018 149526754
145457018 581039128
145457018 58265288
145457018 152604175
145457018 152913835
145457018 2520437
145457018 152928982
54239475 145457018
54239475 152896896
54239475 152937898
54239475 152604175
152626866 152937898
57759732 152933501
152577075 152937898
152577075 16992706
84589928 152896896
152596803 152623305
152596803 152925049
152596803 152896896
152596803 152730467
2520437 145457018
2520437 152937898
2520437 52580913
2520437 130228776
149527164 145457018
144702190 47932022
144702190 54239475
144702190 50619453
144702190 130228776
152913957 152937898
152662706 152626866
152662706 35126056
152662706 152937898
152662706 152604175
152662706 130228776
152623305 145457018
152623305 152913957
152941765 152899730
152941765 152937898
