33462756 127288508
61265354 127288508
58023495 58035007
58023495 152681749
155862065 189168790
147602251 152681749
132592082 38831273
34165734 58150528
34165734 152681749
34165734 155862065
132532081 127288508
205109575 19316560
80806727 19316560
127643843 33462756
127643843 127288508
57471086 6377661
128842175 19316560
562208132 127288508
152681749 152723361
152681749 152514741
152681749 147602251
152681749 110964335
152681749 67521618
152681749 152681383
152681749 57649117
152681749 57652982
152681749 58150528
152681749 58412317
152681749 155862065
136508804 103412818
579470630 19316560
152514741 110964335
152514741 127288508
19316560 432118452
19316560 30528116
155876080 58035007
57126565 19316560
38831273 132592082
38831273 19316560
38831273 57649117
38831273 37602108
21849942 30138245
21849942 127288508
36881248 19316560
152723361 58150528
152723361 152681749
180508589 189168790
30528116 19316560
58150528 152723361
58150528 110964335
58150528 57649117
58150528 34165734
58150528 152681749
30138245 127186606
30138245 127288508
82529428 30138245
82529428 127288508
3653399 12392273
67521618 57652982
67521618 152681749
67521618 58035007
351939688 19316560
836614782 19316560
127288508 127643843
127288508 30138245
127288508 127529250
127288508 127186606
127288508 33462756
8116282 57652982
57401651 127288508
432118452 19316560
37602108 38831273
6377661 127288508
57649117 38831273
57649117 58150528
57649117 152681749
52134052 33462756
52134052 127288508
162512770 19316560
160316866 19316560
127207009 58408384
103412818 136508804
581976359 58408384
110964335 152514741
110964335 58150528
110964335 152681749
127529250 127288508
833579489 58408384
58412317 152681749
58108133 127288508
128001297 127288508
210293021 58035007
58035007 127186606
58035007 155876080
58035007 349563443
57472474 152681749
190283315 19316560
166485308 6377661
12392273 3653399
12392273 127529250
12392273 127288508
