836613300 49417951
132723477 7616304
35885163 7616304
14491387 7616304
128299409 82460284
130026298 7616304
130026298 64562756
127984311 7616304
108199397 7616304
108199397 155914227
562042746 72846964
635126367 7616304
208237743 7616304
447941498 7616304
44503767 7616304
6884387 7616304
6884387 129912635
635349759 7616304
74603982 7616304
74603982 129912635
64562756 7616304
64562756 61260297
64562756 14615227
68391845 7616304
73829632 7616304
526034815 7616304
47665416 7616304
69373219 7616304
37366187 130066420
81288500 7616304
81288500 129912635
30307741 7616304
48806523 48806857
299391146 7616304
169549879 7616304
643807732 637039096
836612068 637039096
836612068 643807732
128680779 7616304
61114743 7616304
147690878 72846964
192126579 49417951
130066420 7616304
38661745 7616304
155914227 7616304
155914227 108199397
61260297 7616304
61260297 64562756
14615227 7616304
14615227 64562756
48546578 7616304
130465648 7616304
49061380 7616304
49061380 127699672
49061380 8493899
127699672 7616304
536673224 643807732
72846964 7616304
72846964 562042746
127952846 128680779
49417951 836613300
129912635 7616304
129912635 81288500
7616304 128680779
7616304 127699672
48806857 48806523
23451165 7616304
637039096 643807732
546549466 7616304
133896334 7616304
34414448 7616304
163411078 128680779
44813180 7616304
44813180 129912635
681565996 7616304
82460284 128299409
8493899 7616304
8493899 49061380
50560957 7616304
285371437 7616304
