143822364 127211782
6142845 17089840
127767321 304905252
127767321 208221878
399175582 127211782
208221878 127767321
208221878 304905252
208221878 127211782
143012008 127211782
51438281 127211782
4965048 127211782
166807780 5685365
164124452 127211782
173418972 127211782
170994892 127211782
81988826 17089840
510824841 127211782
202378856 127211782
36035551 127211782
17089840 8761439
17089840 127211782
17089840 6142845
487617667 8761439
304845543 127767321
85098920 127211782
21565511 127211782
48656284 127211782
166513735 127211782
300827581 127767321
300827581 304845543
130669138 127211782
67348262 127211782
99665909 127211782
198526439 127211782
403304574 127211782
35721751 417933930
166753031 127211782
5685365 166807780
5685365 127211782
154996390 127211782
59800859 127211782
142941426 127211782
402052850 127211782
8761439 487617667
8761439 17089840
304905252 127767321
304905252 208221878
43952135 127211782
836612811 127211782
67737668 127211782
417812567 127211782
142878682 127211782
136677280 127211782
50880376 127211782
