156268108 114407955
58391084 114407955
49076849 114407955
691936914 114407955
40365113 384286517
761313284 114407955
156125188 114407955
156125188 131011385
384286517 114407955
96761499 155800962
9418266 114407955
39669898 114407955
29943388 114407955
260523844 185527817
155800962 96761499
155800962 114407955
156190080 131011385
156190080 114407955
114407955 131011385
23675475 114407955
77570524 114407955
15491715 155640445
15491715 114407955
131011385 156190080
131011385 114407955
182477842 114407955
185527817 260523844
185527817 114407955
203978658 114407955
155640445 114407955
155640445 15491715
738039731 114407955
24960468 114407955
