14942882 127243780
14942882 28110054
14942882 127208385
14942882 20997430
14942882 127436478
14942882 7023387
14942882 31738143
14942882 128038339
14942882 127184229
82737975 14479953
129639399 28110054
129639399 82585184
129639399 60325101
129639399 72058222
129639399 127436478
129639399 128038339
39074509 127208385
39074509 60325101
39074509 72058222
39074509 127166678
21330391 60325101
21330391 72058222
47699818 128038339
9877208 60325101
9877208 72058222
9877208 14479953
57479962 7023387
57479962 127184229
127184229 28110054
127184229 127208385
127184229 60325101
127184229 7023387
127184229 31738143
127184229 57479962
72058222 129639399
72058222 127243780
72058222 28110054
72058222 127208385
72058222 60325101
72058222 20997430
72058222 127436478
72058222 127166678
72058222 7023387
72058222 31738143
72058222 128038339
72058222 127184229
59315984 127436478
36657161 4525472
57461103 72058222
49042786 67745962
28110054 129639399
28110054 127208385
28110054 20997430
28110054 72058222
28110054 7023387
28110054 127184229
25181162 73131343
25181162 31738143
25181162 14479953
127166678 127243780
127166678 72058222
127166678 32520947
12367747 19981299
12367747 127166678
128038339 14942882
128038339 129639399
128038339 28110054
128038339 127208385
128038339 60325101
128038339 20997430
128038339 72058222
128038339 127436478
128038339 31738143
14479953 127436478
14479953 25181162
14479953 72058222
14479953 60325101
14479953 28110054
14479953 49521027
14479953 82737975
14479953 82585184
4525472 28110054
4525472 36657161
62348354 127208385
62348354 60325101
62348354 72058222
62348354 127166678
62348354 7023387
32957987 28110054
32957987 60325101
32957987 72058222
32957987 127436478
127371125 72058222
127371125 7023387
82585184 129639399
82585184 28110054
82585184 127208385
82585184 60325101
82585184 72058222
82585184 127166678
82585184 7023387
31738143 14942882
31738143 28110054
31738143 127208385
31738143 60325101
31738143 72058222
31738143 127166678
31738143 7023387
31738143 128038339
31738143 127184229
75128459 7023387
127243780 14942882
127243780 127208385
127243780 60325101
127243780 72058222
127243780 127436478
127243780 127166678
127243780 7023387
44831726 127166678
71255976 60325101
127436478 127208385
127436478 72058222
20997430 127208385
20997430 128038339
20997430 7023387
20997430 72058222
7023387 14942882
7023387 28110054
7023387 127208385
7023387 20997430
7023387 72058222
7023387 31738143
7023387 127184229
32520947 127243780
32520947 28110054
32520947 127208385
32520947 72058222
32520947 127166678
32520947 7023387
32520947 31738143
49062245 7023387
49521027 127208385
49521027 60325101
49521027 14479953
67745962 28110054
58382505 72058222
60325101 129639399
60325101 127208385
60325101 127166678
60325101 128038339
657279402 7023387
31783714 72058222
31783714 127166678
31783714 127208385
31783714 60325101
31783714 28110054
31783714 31738143
31783714 127184229
31783714 127436478
31783714 82585184
31783714 7023387
127208385 14942882
127208385 28110054
127208385 20997430
127208385 72058222
127208385 31738143
127208385 128038339
