80564976 152833568
58033017 152833568
53909672 57644889
53909672 152920127
53909672 57652772
53909672 152820657
52573992 152820657
52573992 152833568
59850786 57644889
59850786 152820657
59850786 23515236
59850786 44755158
59850786 54239475
59850786 152833568
59850786 67314635
59850786 152696029
25906535 57644889
25906535 152833568
57768910 152934674
57768910 57652772
57768910 152898817
57768910 25592731
57768910 152820657
57768910 152833568
152595841 57644889
4090010 152820657
4090010 14362316
4090010 152833568
21810071 57644889
21810071 57652772
21810071 152933004
21810071 23515236
21810071 152448782
21810071 54239475
21810071 57768910
21810071 152820657
21810071 152954560
21810071 25592731
21810071 152937276
21810071 59850786
21810071 152833568
152671084 152833568
152728716 80870401
152728716 152820657
152728716 23515236
152728716 31659063
152728716 57652772
152934788 152833568
25592731 152954560
25592731 23515236
25592731 152941821
50651867 152820657
50651867 152833568
152733146 152833568
580940259 152820657
580940259 152833568
152833568 103517879
152833568 58033017
152833568 152907738
152833568 152820657
152833568 54239475
152833568 80564976
152833568 152596727
152833568 152898817
152833568 59790914
152833568 50651867
152833568 152934674
152833568 59850786
152833568 52892518
152833568 31659063
152833568 152533371
152833568 80870401
152833568 52573992
152833568 57650051
152833568 152933004
152833568 152733146
152833568 21810071
152833568 152596199
152833568 57768910
152833568 33348236
152833568 25592731
152833568 152619907
152833568 32906876
152833568 152934788
152833568 57652772
152833568 812544644
152833568 152930238
152833568 152596803
152833568 580940259
152833568 14362316
152833568 66966835
152833568 833333699
152833568 152920127
152833568 52572606
152833568 152662731
152833568 152938457
152833568 152818709
152833568 23515236
152833568 67314635
152833568 152696029
152833568 152800827
152833568 65269407
152833568 298832837
14362316 66966835
14362316 36895440
14362316 152820657
14362316 152833568
57652772 36895440
57652772 21810071
57652772 53909672
57652772 152725714
57652772 50653213
57652772 54239475
57652772 57768910
57652772 152938457
57652772 152833568
57652772 152728716
152800827 152833568
152800827 152820657
58364694 298832837
152907738 322855850
152907738 152820657
152907738 152938457
152907738 152941821
152907738 50651867
152907738 152833568
152907738 67314635
152820657 633989804
152820657 152448782
152820657 36895440
152820657 50651867
152820657 152833568
152820657 152696029
655509009 633989804
152934674 57768910
152934674 152833568
152941821 57644889
152941821 152914378
152941821 152954560
152941821 130228826
152941821 152937276
152941821 152820657
152941821 23515236
152941821 152907738
152941821 25592731
152941821 152696029
152696029 152820657
152696029 152941821
152696029 59850786
152696029 44755158
152696029 152833568
36895440 57652772
36895440 59790914
36895440 14362316
36895440 23515236
36895440 152820657
152937276 57644889
152937276 21810071
152937276 152941821
152937276 54239475
152937276 152820657
152937276 25592731
152920127 53909672
152920127 152482652
152920127 152833568
152725714 57652772
152725714 152820657
152725714 152833568
57650051 50653213
57650051 152833568
152954560 36895440
152954560 31659063
152954560 66966835
152954560 59790914
152954560 23515236
152954560 152820657
58100228 152833568
80870401 152833568
80870401 152728716
152596199 152833568
54660640 152482652
66966835 152954560
66966835 14362316
66966835 152833568
66966835 67314635
756515944 152833568
152938457 57644889
152938457 57652772
152938457 23515236
152938457 152820657
152938457 152907738
152938457 152833568
56941749 152833568
130228826 152941821
130228826 152833568
553761961 54239475
752581793 152818709
752581793 152820657
752581793 152833568
633989804 192602227
633989804 655509009
633989804 152820657
67314635 66966835
67314635 59850786
67314635 152907738
67314635 152833568
67314635 59790914
67314635 21810071
152596727 59790914
152596727 54239475
152596727 152833568
32906876 152833568
52572606 36895440
52572606 14362316
52572606 152833568
31659063 152954560
31659063 152833568
31659063 152728716
43800865 152733146
43800865 152833568
152914378 36895440
152914378 152941821
152914378 44755158
152914378 14362316
152662731 833363285
152662731 14362316
152662731 152937276
152662731 152833568
33348236 152820657
33348236 152833568
59790914 36895440
59790914 152596727
59790914 152898817
59790914 152954560
59790914 59850786
59790914 152833568
59790914 67314635
54239475 553761961
54239475 57652772
54239475 152596727
54239475 152833568
804670035 152833568
57644889 53909672
57644889 152907738
57644889 152941821
57644889 152938457
57644889 152595841
57644889 152937276
57644889 59850786
152482652 152920127
152482652 54660640
152482652 152833568
322855850 152820657
322855850 152833568
65269407 152833568
65269407 152820657
65269407 25592731
152596803 152820657
152596803 36895440
152596803 152833568
50653213 57652772
50653213 57650051
50653213 152833568
152533371 152833568
833333699 152833568
833363285 152820657
833363285 152662731
833363285 152833568
44755158 59850786
44755158 152696029
152448782 21810071
152448782 152820657
152448782 152818709
152448782 152833568
31375252 152833568
298832837 152833568
152619907 152833568
152933004 152820657
152933004 23515236
152933004 152833568
192602227 633989804
192602227 152833568
152930238 152833568
23515236 152728716
23515236 152933004
23515236 152941821
23515236 54239475
23515236 59850786
23515236 25592731
23515236 36895440
23515236 57768910
23515236 152833568
152898817 152833568
103517879 152833568
812544644 152833568
52892518 152833568
152818709 152448782
152818709 152833568
