653646393 28786714
26121616 61140476
26121616 72061714
26121616 7634244
5747739 7634244
44924601 24791626
110601387 653646393
110601387 28786714
32197850 72061714
31035925 24791626
33231895 72061714
33231895 299144692
22938142 72061714
22036645 54636555
22036645 72061714
22036645 7634244
45515510 24791626
71701826 54495592
14703468 215775313
14703468 72061714
477287743 24791626
38298979 24791626
38298979 72061714
8724366 61140476
9408444 24791626
9408444 61140476
82021502 24791626
9312279 164916928
24791626 61140476
24791626 72061714
54495592 71701826
497987802 24791626
37766316 24791626
164916928 9312279
38455082 37766316
38455082 24791626
38455082 6880790
28786714 653646393
28786714 499510497
28786714 110601387
28786714 7634244
93247041 24791626
93247041 61140476
6880790 37766316
6880790 38455082
29339303 24791626
29339303 61140476
29339303 72061714
298856277 7634244
43783863 14703468
72061714 32197850
72061714 24791626
52393515 24791626
61140476 24791626
61140476 72061714
72471306 24791626
54636555 24791626
54636555 12392273
54636555 22036645
7634244 28786714
7634244 22036645
18547740 24791626
18547740 61140476
18547740 72061714
313573160 127342108
215775313 14703468
703236549 24791626
21810084 72061714
12392273 54636555
12392273 28786714
