523094907 164377433
523094907 133884138
523094907 12205414
523094907 19901446
523094907 58013792
199923065 164377433
199923065 133884138
199923065 57492771
199923065 12205414
199923065 19901446
164377433 58018691
164377433 12205414
164377433 696469404
164377433 19901446
164377433 534773510
164377433 58013792
164377433 523094907
164377433 450934275
164377433 54627018
164377433 78316589
57492771 133884138
57492771 19901446
57492771 54627018
57492771 199923065
450934275 164377433
450934275 19901446
144792518 136876802
12205414 164377433
12205414 58013792
12205414 54627018
58013792 164377433
58013792 133884138
58013792 12205414
58013792 523094907
54627018 164377433
54627018 133884138
54627018 57492771
54627018 19901446
52142570 133884138
58018691 164377433
133884138 164377433
133884138 12205414
133884138 19901446
133884138 58013792
534773510 164377433
136876802 19901446
19901446 136876802
19901446 164377433
19901446 133884138
19901446 57492771
78316589 164377433
696469404 19901446
696469404 164377433
