58330918 52577033
58330918 57769424
58330918 42106086
58330918 130022749
58330918 54971945
58330918 32490567
58330918 77519388
58330918 52584520
58330918 54407379
58330918 54413601
58330918 57650210
738392451 32490567
738392451 72462059
738392451 56215774
738392451 54971945
738392451 42106086
738392451 57650210
738392451 205885369
738392451 58265013
738392451 54413601
10322689 32490567
54396470 32490567
54396470 45162111
54396470 58042919
54396470 54392148
33758127 32490567
33758127 52577033
58276516 32490567
58276516 300193784
54367310 32490567
54367310 52577033
829133895 32490567
541449493 54392148
541449493 32490567
541449493 52577033
541449493 54971945
58096453 32490567
58009013 13801677
57834380 54971945
139961916 32490567
139961916 52574030
67833552 32490567
67833552 45162111
67833552 199847302
67833552 58172406
67833552 54392148
67833552 58259473
67833552 54413601
54971945 57769424
54971945 32490567
54971945 45162111
54971945 72462059
54971945 9938208
54971945 58032470
54971945 52577033
54971945 543542773
54971945 45166675
54971945 541449493
54971945 199847302
54971945 58042919
54971945 57606686
54971945 52584520
54971945 738392451
54971945 205885369
54971945 58330918
54971945 57650210
54971945 49258002
58172406 45161077
58172406 67833552
58172406 32490567
58172406 45162111
58172406 692807534
58172406 52577033
58172406 543542773
58172406 52584520
58172406 54407379
58172406 54413601
254023269 32490567
254023269 52577033
254023269 67461885
76388292 32490567
58056760 32490567
298859445 9938208
298859445 52577033
298859445 54392148
300193784 54392148
300193784 32490567
300193784 54971945
300193784 58259473
300193784 199847302
300193784 58276516
300193784 65267558
52577033 541449162
52577033 130022749
52577033 42106086
52577033 32490567
52577033 254023269
52577033 45162111
52577033 58009013
52577033 692807534
52577033 72462059
52577033 9938208
52577033 298859445
52577033 217179371
52577033 58282801
52577033 57583599
52577033 45166675
52577033 37601357
52577033 54367310
52577033 54971945
52577033 541449493
52577033 52584520
52577033 199847302
52577033 58172406
52577033 58042919
52577033 57994254
52577033 5559784
52577033 58114612
52577033 56215774
52577033 33758127
52577033 54407379
52577033 58330918
52577033 65267558
52577033 54413601
52577033 58265013
52577033 67461885
52577033 152819358
52577033 57650210
58011194 128519186
58282801 32490567
58282801 72462059
58282801 52577033
677124880 54392148
677124880 205885369
677124880 54971945
677124880 152432918
5559784 57769424
5559784 32490567
45161077 72462059
45161077 52577033
45161077 52584520
62155367 32490567
543542773 32490567
543542773 58295874
543542773 58172406
152819358 32490567
152819358 52577033
152432918 54392148
152432918 58042919
152432918 58330918
152432918 217179371
152432918 541449162
152432918 77519388
152432918 152602332
152432918 52584520
152432918 677124880
152432918 32490567
152432918 13360717
152432918 57994254
152432918 42106086
152432918 52577033
152432918 199847302
152432918 299817321
152432918 57650210
434524700 32490567
58032470 54392148
58032470 32490567
58032470 254023269
58032470 45162111
58032470 77519388
58032470 54971945
58032470 199847302
54407379 72462059
54407379 58172406
54407379 52577033
54407379 52584520
54407379 58330918
13801677 58009013
42106086 541449162
42106086 32490567
42106086 72462059
42106086 52577033
42106086 199847302
42106086 738392451
42106086 58330918
42106086 152432918
42106086 299817321
42106086 58265013
42106086 57650210
65267558 300193784
65267558 32490567
65267558 52577033
65267558 56215774
58259473 32490567
58259473 677284495
58259473 300193784
58259473 199847302
58259473 28104089
58259473 67833552
58259473 205885369
58259473 54413601
205885369 541449162
205885369 677124880
205885369 54971945
205885369 58259473
205885369 58353139
18261340 32490567
541449162 54392148
541449162 130022749
541449162 42106086
541449162 254023269
541449162 77519388
541449162 52577033
541449162 668766282
541449162 45166675
541449162 37601357
541449162 54971945
541449162 199847302
541449162 13360717
541449162 58265013
541449162 54413601
217179371 32490567
58418902 32490567
58418902 54971945
58418902 58330918
58418902 57650210
58115240 32490567
199847302 67833552
199847302 89881784
199847302 541449162
199847302 42106086
199847302 32490567
199847302 58353139
199847302 58295874
199847302 58032470
199847302 52577033
199847302 300193784
199847302 37601357
199847302 54971945
199847302 58259473
199847302 52584520
199847302 152432918
199847302 54413601
57994254 32490567
57994254 72462059
57994254 152432918
58114612 32490567
58114612 76388292
58114612 57650210
58114612 56215774
58114612 299817321
152602332 32490567
152602332 152432918
152602332 57650210
57583599 57769424
57583599 32490567
57583599 52577033
13360717 541449162
13360717 32490567
13360717 72462059
13360717 56215774
13360717 152432918
13360717 54413601
13360717 58265013
51939333 32490567
49258002 54971945
49258002 45162111
668766282 32490567
668766282 49258002
28104089 32490567
28104089 72462059
28104089 58259473
28104089 57650210
28104089 54413601
57650210 57769424
57650210 72462059
57650210 58032470
57650210 52577033
57650210 45166675
57650210 58114612
57650210 56215774
57650210 54971945
57650210 37601357
57650210 42106086
57650210 58418902
57650210 54392148
57650210 58259473
57650210 738392451
57650210 58042919
57650210 152602332
57650210 28104089
57650210 52584520
57650210 33758127
57650210 54407379
57650210 58330918
57650210 152432918
57650210 54413601
57650210 58265013
57650210 152819358
54392148 541449493
54392148 54396470
54392148 52584520
54392148 54413601
58353139 32490567
58353139 54971945
58353139 199847302
58353139 56215774
58353139 54392148
58353139 58042919
58353139 205885369
58353139 65267558
58295874 32490567
58295874 543542773
58295874 199847302
158179936 72462059
301767742 32490567
216632181 32490567
57606686 32490567
45166675 541449162
45166675 54971945
45166675 57650210
58042919 32490567
58042919 54396470
58042919 52577033
58042919 54971945
58042919 57650210
58042919 58353139
58042919 77519388
58042919 152432918
58042919 54413601
67461885 52577033
67461885 32490567
67461885 254023269
56215774 738392451
56215774 45162111
56215774 217179371
56215774 52577033
56215774 13360717
56215774 57994254
56215774 5559784
56215774 58114612
56215774 65267558
56215774 57650210
299817321 58114612
58391355 32490567
89881784 199847302
52584520 45161077
52584520 57769424
52584520 32490567
52584520 52577033
52584520 199847302
52584520 58172406
52584520 54971945
52584520 298859445
52584520 54392148
52584520 9938208
52584520 54413601
52584520 57650210
32490567 54392148
32490567 67833552
32490567 62155367
32490567 57769424
32490567 42106086
32490567 254023269
32490567 54396470
32490567 45162111
32490567 77519388
32490567 677284495
32490567 58009013
32490567 58115240
32490567 692807534
32490567 58295874
32490567 72462059
32490567 10322689
32490567 9938208
32490567 298859445
32490567 57834380
32490567 217179371
32490567 216632181
32490567 76388292
32490567 829133895
32490567 139961916
32490567 58032470
32490567 58056760
32490567 52577033
32490567 668766282
32490567 57583599
32490567 18261340
32490567 543542773
32490567 51939333
32490567 37601357
32490567 58011194
32490567 54367310
32490567 54971945
32490567 58259473
32490567 541449493
32490567 52584520
32490567 199847302
32490567 13360717
32490567 58172406
32490567 58042919
32490567 57606686
32490567 5559784
32490567 58114612
32490567 28104089
32490567 434524700
32490567 56215774
32490567 33758127
32490567 54407379
32490567 52574030
32490567 58330918
32490567 65267558
32490567 58265013
32490567 67461885
32490567 152819358
32490567 58391355
32490567 49258002
32490567 13801677
45162111 67833552
45162111 32490567
45162111 54396470
45162111 58032470
45162111 52577033
45162111 54971945
45162111 58172406
45162111 56215774
45162111 49258002
45162111 54413601
52574030 139961916
37601357 541449162
37601357 32490567
37601357 52577033
37601357 543542773
37601357 199847302
37601357 54971945
37601357 54413601
37601357 57650210
37601357 58265013
72462059 45161077
72462059 738392451
72462059 42106086
72462059 32490567
72462059 158179936
72462059 58282801
72462059 52577033
72462059 54971945
72462059 57650210
72462059 13360717
72462059 57994254
72462059 28104089
72462059 54407379
72462059 54413601
77519388 541449162
77519388 32490567
77519388 58032470
77519388 52577033
77519388 9938208
77519388 58042919
77519388 58330918
77519388 152432918
77519388 67461885
9938208 298859445
9938208 52577033
9938208 54971945
58265013 57650210
58265013 65267558
58265013 32490567
58265013 58096453
58265013 52577033
58265013 738392451
58265013 13360717
58265013 54407379
58265013 54971945
58265013 42106086
58265013 541449162
57769424 32490567
57769424 57583599
57769424 54971945
57769424 52584520
57769424 5559784
57769424 57650210
57769424 54413601
54413601 254023269
54413601 37601357
54413601 58114612
54413601 130022749
54413601 54971945
54413601 67833552
54413601 58009013
54413601 738392451
54413601 28104089
54413601 58042919
54413601 5559784
54413601 541449162
54413601 13360717
54413601 72462059
54413601 52584520
54413601 52577033
54413601 32490567
54413601 199847302
54413601 57769424
54413601 58172406
54413601 54392148
54413601 57650210
677284495 32490567
677284495 58259473
