603209592 319300683
836610915 128296994
163643355 128296994
163643355 319300683
583184511 499432387
583184511 319300683
583184511 320784335
583184511 128296994
583184511 182736522
583184511 50644958
583184511 211466756
50644958 583184511
50644958 211466756
50644958 182736522
50644958 128296994
50644958 319300683
50644958 499432387
44967633 583184511
44967633 128296994
499432387 583184511
499432387 211466756
499432387 50644958
499432387 128296994
499432387 320784335
499432387 319300683
211466756 583184511
211466756 182736522
211466756 320784335
211466756 499432387
320784335 211466756
320784335 128296994
25208124 128296994
182736522 583184511
182736522 211466756
182736522 128296994
182736522 320784335
182736522 319300683
182736522 105481738
319300683 583184511
319300683 499432387
319300683 603209592
319300683 320784335
319300683 128296994
319300683 182736522
319300683 50644958
319300683 211466756
319300683 163643355
105481738 128296994
105481738 182736522
