60934697 9820103
60934697 30005254
60934697 57647406
60934697 210277933
60934697 28885463
60934697 145458588
152486085 30005254
49520891 9820103
49520891 30005254
49520891 28885463
9820103 93780076
9820103 49520891
9820103 154940506
9820103 57437984
9820103 30005254
9820103 210277933
9820103 81487749
9820103 28885463
9820103 581910201
9820103 60934697
9820103 210210583
217183569 28885463
155884840 28885463
58151674 30005254
58151674 28885463
581584860 30005254
582214500 28885463
28885463 155884840
28885463 9820103
28885463 93780076
28885463 49520891
28885463 57437984
28885463 252530246
28885463 210277933
28885463 145458588
28885463 581910201
28885463 582214500
129068049 28885463
129068049 30005254
145458588 57437984
145458588 28885463
145458588 60934697
145458588 57647406
145458588 149532916
99810370 28885463
136729274 28885463
81487749 30005254
57647406 60934697
57647406 61745787
57647406 145458588
210210583 9820103
210210583 30005254
149532916 145458588
149532916 28885463
149532916 30005254
155918611 28885463
155885011 28885463
581910201 9820103
581910201 28885463
57437984 9820103
57437984 28885463
57437984 145458588
61745787 28885463
61745787 57647406
581715406 30005254
581715406 28885463
154888335 28885463
207069988 30005254
207069988 28885463
58163037 28885463
152820299 28885463
210192264 30005254
93780076 155885011
93780076 30005254
93780076 28885463
252530246 28885463
210277933 9820103
210277933 30005254
210277933 28885463
210277933 60934697
30005254 9820103
30005254 93780076
30005254 154940506
30005254 582419012
30005254 152486085
30005254 4788479
30005254 210277933
30005254 581584860
30005254 581715406
30005254 207069988
30005254 210192264
30005254 81487749
30005254 58151674
30005254 60934697
30005254 210210583
30005254 129068049
30005254 149532916
4788479 30005254
4788479 28885463
154940506 9820103
154940506 30005254
155865037 28885463
155861968 28885463
58154132 28885463
582419012 30005254
582419012 28885463
