77325310 55010625
77325310 31916856
77325310 36200547
77325310 83554963
54432507 55010625
54432507 82821402
54432507 31916856
54432507 36200547
54432507 77325310
54432507 32336253
54432507 47657941
169538119 31916856
169538119 32179996
82821402 55010625
82821402 31916856
82821402 77325310
82821402 32336253
82821402 54432507
82821402 33172346
55729841 58338159
55729841 55010625
55729841 32336253
21240236 55010625
21240236 31916856
21240236 32336253
21240236 32179996
21240236 83554963
36200547 55010625
36200547 31916856
36200547 77325310
36200547 32336253
36200547 54432507
52063455 31021822
585043434 32179996
83554963 21240236
83554963 77325310
83554963 55010625
83554963 54432507
83554963 31916856
56373868 428019668
56373868 32179996
56373868 32336253
56373868 58338159
33172346 836611318
33172346 46928164
33172346 99598096
33172346 31916856
33172346 131638079
729906799 31021822
46928164 33172346
56327450 32336253
428019668 56373868
32179996 68948847
32179996 55010625
32179996 21240236
32179996 31133575
32179996 31021822
32179996 61556643
32179996 585043434
32179996 33172346
32179996 169538119
32179996 56373868
32179996 83554963
31021822 31916856
31021822 36200547
31021822 52063455
31021822 32336253
31021822 54432507
31021822 729906799
31021822 32179996
31916856 55010625
31916856 21240236
31916856 82821402
31916856 36200547
31916856 31021822
31916856 77325310
31916856 32336253
31916856 54432507
31916856 33172346
31916856 32179996
31916856 169538119
31916856 130281786
31916856 83554963
131638079 33172346
131638079 555029006
47657941 55010625
47657941 54432507
99598096 33172346
55010625 21240236
55010625 55729841
55010625 82821402
55010625 31916856
55010625 36200547
55010625 77325310
55010625 32336253
55010625 54432507
55010625 47657941
55010625 32179996
55010625 130281786
55010625 83554963
68948847 32179996
836611318 33172346
130281786 31916856
130281786 32179996
130281786 55010625
130281786 32336253
31133575 32179996
32336253 55010625
32336253 55729841
32336253 82821402
32336253 31916856
32336253 36200547
32336253 54432507
32336253 320592733
32336253 56327450
32336253 56373868
32336253 130281786
128763863 32179996
58338159 55729841
58338159 56373868
