535961244 127281636
184655416 127281636
413624425 127281636
152523386 127281636
42999308 127281636
152576993 127281636
2441171 127281636
7216745 67638852
7216745 127281636
85051665 127281636
152787528 127281636
168067042 127281636
277780929 127281636
152484834 127281636
581727327 127281636
756503268 127281636
100897404 127281636
152713150 127281636
561496425 127281636
152929168 127281636
601620047 127281636
58153395 127281636
152484942 127281636
167456480 127281636
349508595 7216745
349508595 152566188
38222155 127281636
152571954 127281636
65273684 127281636
51041014 127281636
832789568 127281636
581850429 127281636
152731221 127281636
67638852 7216745
67638852 127281636
582283920 127281636
58351470 127281636
813409504 127281636
113522600 127281636
58282263 127281636
644060637 127281636
152912235 127281636
527785600 127281636
84598120 127281636
67998972 7216745
67998972 127281636
