453492279 57236730
217190030 57236730
528376464 786704132
80678350 57236730
220484415 57236730
504080773 57236730
42088057 144505316
42088057 57236730
42088057 786704132
218234736 57236730
685399532 57236730
144505316 237851752
144505316 57236730
144505316 786704132
144505316 42088057
47366416 211021720
786704132 144505316
786704132 528376464
786704132 57236730
786704132 42088057
237851752 144505316
237851752 57236730
237851752 211021720
211021720 47366416
211021720 237851752
40540824 57236730
449744591 57236730
499765341 57236730
81516505 57236730
