38514851 30249706
605004410 30249706
12481079 50651466
12481079 19239788
12481079 30249706
49512154 30249706
66045116 30249706
55236525 30249706
44420096 50651466
133972555 30249706
33231161 50651466
33231161 30249706
33231161 26550720
215748319 30249706
129747354 30249706
33194318 30249706
62382796 30249706
734989519 30249706
10504396 30249706
43789001 50651466
667486384 30249706
64931845 30249706
57655180 30249706
44801757 50651466
185719901 30249706
28126314 37937857
43762518 763265661
43762518 30249706
101918394 30249706
163886741 30249706
322755289 30249706
23043989 30249706
16989402 30249706
54898703 30249706
763265661 30249706
763265661 43762518
82386642 50651466
19239788 12481079
31861104 30249706
61164250 37937857
96733695 30249706
26550720 33231161
37937857 16989402
37937857 30249706
166846597 30249706
20788348 60309553
20788348 37937857
445583481 30249706
23534329 30249706
836614814 30249706
160268444 127169769
50651466 33231161
50651466 12481079
50651466 43789001
50651466 44420096
50651466 82386642
127684802 30249706
223840677 30249706
58372574 30249706
60309553 20788348
7075812 30249706
19177744 30249706
