233896822 127167225
188116627 127167225
299254774 127167225
95757829 127167225
730923572 127167225
197918146 127167225
43210403 127167225
605010167 127167225
72908941 127167225
128528595 127167225
434650706 127167225
708897542 127167225
299553183 127167225
39050448 127167225
29384664 127167225
208579846 127167225
45010853 127167225
11040081 127167225
299706617 127167225
697374624 127167225
49223255 127167225
528511877 127167225
249634429 127167225
749628541 127167225
52775428 127167225
72051543 127167225
311426173 127167225
141038901 127167225
450718384 127167225
142552594 127167225
97407279 127167225
605033709 127167225
156067593 127167225
5068472 127167225
61257560 127167225
45041292 127167225
541332831 127167225
314896688 127167225
13503531 127167225
244476276 127167225
60325098 127167225
322688715 127167225
25726993 38528708
25726993 130495439
25726993 127167225
300130760 127167225
52544997 127167225
21450782 127167225
169128465 10253535
169128465 127167225
402133050 127167225
67651538 127167225
33492795 127167225
33492795 166481722
149135718 127167225
570001325 127167225
127637162 127167225
299546389 127167225
199725311 127167225
130495439 127167225
578767971 127167225
54306127 127167225
166481722 33492795
13902990 127167225
200107446 127167225
35946660 127167225
697310826 127167225
458236139 127167225
166611364 127167225
124553492 127167225
741371037 127167225
152623510 127167225
10253535 169128465
17803367 127167225
301500474 127167225
696924226 127167225
135397384 127167225
4344372 127167225
38528708 25726993
22817231 127167225
156200548 127167225
570634682 127167225
142798355 127167225
736801326 127167225
500958088 127167225
199971116 127167225
