534758009 65469600
534758009 127189325
534758009 184977883
534758009 82281514
59203441 57648217
59203441 67535206
59203441 58066001
59203441 129091259
59203441 58140553
59203441 133369627
59203441 534785662
59203441 65469600
59203441 630662031
59203441 48667437
59203441 58022599
59203441 127189325
59203441 184977883
833419592 127470360
127733828 127470360
127733828 28849471
127733828 127189325
127733828 128668975
127733828 208503987
127733828 82281514
58090272 127470360
58090272 57648217
58090272 50611814
58090272 58140553
58090272 65469600
58090272 630662031
58090272 48667437
58090272 58022599
58090272 127189325
58090272 184977883
58090272 82281514
58106249 127470360
58106249 48667437
58106249 58022599
58106249 184977883
58106249 82281514
58106249 65469600
71707276 127470360
71707276 82281514
130377564 18143157
130377564 534785662
130377564 48667437
130377564 58022599
130377564 65469600
130377564 184977883
130377564 57648217
130377564 58140553
58161951 58331890
58161951 58140553
58161951 130377564
58161951 184977883
58161951 127189325
90883772 58140553
90883772 630662031
90883772 58022599
90883772 184977883
184977883 127470360
184977883 90883772
184977883 58331890
184977883 57648217
184977883 58106249
184977883 152730813
184977883 50611814
184977883 113653989
184977883 747237171
184977883 534814121
184977883 58140553
184977883 535224485
184977883 17456852
184977883 133369627
184977883 534785662
184977883 58090272
184977883 65469600
184977883 630662031
184977883 58022599
184977883 235146351
184977883 110915361
184977883 127189325
184977883 161353481
184977883 195636471
184977883 58049902
184977883 58119821
184977883 18143157
184977883 130377564
73544316 127470360
73544316 127189325
696006738 127189325
65469600 127430532
65469600 129091259
65469600 17456852
65469600 58090272
65469600 140110179
65469600 48667437
65469600 58022599
65469600 130034058
65469600 161353481
65469600 56646182
65469600 184977883
65469600 534758009
65469600 630662031
65469600 58140553
65469600 18143157
65469600 130377564
534774778 184977883
534774778 127189325
128668975 37513936
128668975 127470360
128668975 127733828
128668975 730465334
128668975 127189325
128668975 82281514
328603035 127470360
11680591 37513936
11680591 127470360
11680591 58146865
11680591 127189325
11680591 83237352
11680591 82281514
127189325 127470360
127189325 82281514
534767103 127470360
534767103 127189325
225381346 127470360
630662031 127430532
630662031 50611814
630662031 58066001
630662031 534785662
630662031 58090272
630662031 58022599
630662031 127189325
630662031 184977883
630662031 65469600
630662031 57648217
630662031 58140553
630662031 18143157
58146865 37513936
58146865 127470360
58146865 11680591
58146865 235146351
58146865 127189325
58146865 82281514
58146865 130377564
58013947 127470360
58013947 58082638
58013947 127189325
298863083 127470360
298863083 127189325
214265288 82281514
26767544 127470360
26767544 127189325
48613068 127189325
127430532 57648217
127430532 67535206
127430532 17456852
127430532 65469600
127430532 630662031
127430532 48667437
127430532 58022599
127430532 161353481
208420831 127189325
83237352 37513936
83237352 127470360
83237352 11680591
534962769 127470360
534962769 127189325
152730813 184977883
58119821 58066001
58119821 129091259
58119821 48667437
58119821 58022599
58119821 110915361
58119821 127189325
58119821 130034058
58119821 184977883
58119821 58049902
58119821 18143157
36263687 82281514
36263687 208503987
36263687 28849471
36263687 11680591
36263687 127733828
157815780 127470360
157815780 58146865
157815780 127189325
157815780 130034058
836614364 82281514
18143157 50611814
18143157 65469600
18143157 161353481
18143157 127470360
18143157 17456852
18143157 113653989
18143157 58022599
18143157 58049902
18143157 58140553
18143157 166831467
18143157 58066001
18143157 630662031
18143157 534785662
18143157 57648217
18143157 58119821
18143157 133369627
18143157 184977883
18143157 48667437
18143157 130377564
535224485 127470360
535224485 65469600
535224485 127189325
535224485 184977883
235146351 534774778
235146351 127470360
235146351 58331890
235146351 57648217
235146351 58066001
235146351 11680591
235146351 65469600
235146351 58022599
235146351 127189325
235146351 56646182
235146351 184977883
58049902 58331890
58049902 58140553
58049902 127189325
58049902 184977883
58049902 18143157
58049902 82281514
58049902 58119821
58066001 127470360
58066001 58331890
58066001 58140553
58066001 534785662
58066001 630662031
58066001 48667437
58066001 58022599
58066001 82281514
58066001 18143157
121226718 127470360
730465334 127470360
730465334 35555311
166831467 133369627
166831467 630662031
166831467 58022599
166831467 184977883
166831467 18143157
195636471 127470360
195636471 133369627
195636471 65469600
195636471 58022599
195636471 82281514
195636471 184977883
534774970 127470360
534774970 58022599
534774970 127189325
534774970 130034058
208503987 37513936
208503987 82281514
208503987 36263687
208503987 127189325
208503987 28849471
208503987 127733828
58140553 127470360
58140553 58082638
58140553 67535206
58140553 58066001
58140553 113653989
58140553 133369627
58140553 534785662
58140553 58090272
58140553 58022599
58140553 127189325
58140553 161353481
58140553 184977883
58140553 65469600
58140553 630662031
58140553 57648217
58140553 18143157
220977752 127470360
110915361 129091259
110915361 65469600
110915361 58119821
110915361 184977883
130034058 57648217
130034058 50611814
130034058 113653989
130034058 133369627
130034058 534774970
130034058 65469600
130034058 48667437
130034058 58022599
130034058 157815780
130034058 58119821
58331890 58066001
58331890 133369627
58331890 48667437
58331890 58022599
58331890 235146351
58331890 184977883
58331890 58049902
58331890 130377564
531807477 127470360
531807477 48667437
48667437 127430532
48667437 127470360
48667437 531807477
48667437 58331890
48667437 57648217
48667437 58106249
48667437 58066001
48667437 129091259
48667437 58140553
48667437 17456852
48667437 535313313
48667437 534785662
48667437 58090272
48667437 140110179
48667437 65469600
48667437 630662031
48667437 58022599
48667437 127189325
48667437 130034058
48667437 161353481
48667437 59203441
48667437 184977883
48667437 58119821
48667437 82281514
48667437 18143157
48667437 130377564
534816688 127470360
534816688 127189325
58022599 127430532
58022599 90883772
58022599 58331890
58022599 57648217
58022599 67535206
58022599 58106249
58022599 50611814
58022599 166831467
58022599 58066001
58022599 129091259
58022599 113653989
58022599 747237171
58022599 534814121
58022599 58140553
58022599 17456852
58022599 133369627
58022599 535313313
58022599 534785662
58022599 534774970
58022599 58090272
58022599 140110179
58022599 65469600
58022599 630662031
58022599 48667437
58022599 110915361
58022599 127189325
58022599 130034058
58022599 161353481
58022599 56646182
58022599 208420831
58022599 59203441
58022599 195636471
58022599 184977883
58022599 58119821
58022599 82281514
58022599 60987714
58022599 18143157
58022599 130377564
50611814 534785662
50611814 58090272
50611814 630662031
50611814 58022599
50611814 130034058
50611814 161353481
50611814 184977883
50611814 57648217
50611814 18143157
534814121 127470360
534814121 534785662
534814121 127189325
534814121 184977883
534814121 58049902
534814121 65469600
534814121 60987714
535313313 127470360
535313313 127189325
113653989 127470360
113653989 58140553
113653989 133369627
113653989 534785662
113653989 65469600
113653989 58022599
113653989 127189325
113653989 130034058
113653989 161353481
113653989 184977883
113653989 130377564
113653989 18143157
58082638 58013947
58082638 67535206
58082638 58140553
58082638 65469600
58082638 127189325
60987714 127470360
60987714 58022599
60987714 184977883
60987714 57648217
56646182 17456852
56646182 65469600
56646182 58022599
56646182 235146351
88557952 127470360
88557952 127189325
88557952 184977883
88557952 58146865
161353481 127430532
161353481 50611814
161353481 129091259
161353481 113653989
161353481 58140553
161353481 17456852
161353481 534785662
161353481 65469600
161353481 48667437
161353481 58022599
161353481 184977883
161353481 18143157
127470360 127189325
127470360 82281514
17456852 127430532
17456852 58331890
17456852 67535206
17456852 58106249
17456852 129091259
17456852 58140553
17456852 133369627
17456852 65469600
17456852 48667437
17456852 58022599
17456852 130034058
17456852 161353481
17456852 56646182
17456852 184977883
17456852 298863083
17456852 18143157
17456852 130377564
133369627 127470360
133369627 58331890
133369627 58088147
133369627 166831467
133369627 113653989
133369627 58140553
133369627 17456852
133369627 58022599
133369627 127189325
133369627 130034058
133369627 195636471
133369627 184977883
133369627 18143157
58363515 127470360
58363515 127189325
57648217 127430532
57648217 534785662
57648217 58090272
57648217 48667437
57648217 58022599
57648217 235146351
57648217 130034058
57648217 184977883
57648217 50611814
57648217 65469600
57648217 630662031
57648217 58140553
57648217 60987714
57648217 18143157
57648217 130377564
747237171 127470360
747237171 833419592
747237171 184977883
747237171 58022599
747237171 65469600
35555311 127470360
35555311 127733828
35555311 730465334
35555311 57429161
35555311 127189325
35555311 82281514
65461945 127470360
67535206 127430532
67535206 127470360
67535206 65469600
67535206 127189325
67535206 157815780
82281514 37513936
82281514 127470360
82281514 127733828
82281514 11680591
82281514 127189325
49204291 127189325
58088147 127470360
58088147 129091259
58088147 133369627
58088147 127189325
324447060 127470360
325021085 127470360
37513936 11680591
37513936 83237352
37513936 82281514
57429161 127470360
57429161 35555311
57429161 127733828
57429161 82281514
57429161 127189325
140110179 127470360
140110179 184977883
140110179 127189325
140110179 48667437
140110179 65469600
534785662 127470360
534785662 58331890
534785662 57648217
534785662 67535206
534785662 58066001
534785662 630662031
534785662 58022599
534785662 110915361
534785662 127189325
534785662 184977883
534785662 18143157
534785662 130377564
28849471 37513936
28849471 127470360
28849471 127733828
28849471 127189325
28849471 208503987
28849471 36263687
28849471 82281514
129091259 127470360
129091259 58082638
129091259 58331890
129091259 58088147
129091259 534785662
129091259 65469600
129091259 48667437
129091259 58022599
129091259 110915361
129091259 161353481
129091259 184977883
129091259 58049902
129091259 58119821
129091259 82281514
129091259 88557952
77784420 82281514
