67419902 33678950
67419902 44244793
67419902 45223987
67419902 49520943
67419902 39538256
132205971 33678950
89427434 33678950
89427434 35148856
89427434 54262198
89427434 45223987
89427434 49520943
111585783 127819467
49520943 67210540
49520943 49050779
49520943 33678950
49520943 44244793
49520943 35148856
49520943 67419902
49520943 107345228
49520943 543893
49520943 231166370
49520943 54262198
49520943 7609050
49520943 97396086
49520943 45223987
49520943 82654236
49520943 231060894
49520943 130329952
49520943 44578588
49520943 127819467
49520943 97353569
49520943 82529240
49520943 48535120
49520943 39538256
49520943 57393290
49520943 48666777
49520943 89427434
49520943 18333835
49520943 231106552
49520943 49067360
49520943 45222168
49520943 14323073
44212725 49520943
35148856 33678950
35148856 67419902
35148856 45223987
35148856 49520943
35148856 89427434
120858310 127819467
120858310 43903619
75709912 49046157
49067360 33678950
49067360 44244793
49067360 54262198
49067360 49520943
130329952 54262198
130329952 49520943
82529240 45223987
82529240 49520943
7609050 49046157
7609050 49520943
44859861 40673858
48535120 33678950
48535120 107345228
48535120 49520943
57393290 33678950
57393290 49520943
45224127 57569053
39538256 44244793
39538256 67419902
39538256 54262198
39538256 49520943
49052740 543893
67210540 33678950
67210540 49520943
18333835 40673858
18333835 49520943
18333835 44203535
9596745 81593736
52523800 49046157
107345228 33678950
107345228 49520943
107345228 48535120
230993424 54262198
230993424 127819467
49050779 33678950
49050779 130775257
49050779 49520943
127819467 49520943
127819467 111585783
127819467 44980401
127819467 120858310
127819467 230993424
44203535 18333835
81593736 9596745
162849481 49520943
50901234 52523800
50901234 43903619
43903619 120858310
44244793 33678950
44244793 67419902
44244793 49520943
44244793 39538256
44244793 49067360
231166370 49520943
231166370 54262198
82654236 45223987
82654236 49520943
33678950 67210540
33678950 49050779
33678950 44244793
33678950 48535577
33678950 35148856
33678950 67419902
33678950 107345228
33678950 54262198
33678950 97396086
33678950 45223987
33678950 231060894
33678950 49520943
33678950 48535120
33678950 57393290
33678950 49053654
33678950 44980401
33678950 48666777
33678950 132205971
33678950 89427434
33678950 49067360
231060894 33678950
231060894 49520943
97353569 49520943
49046157 52523800
49046157 7609050
49046157 75709912
49046157 49520943
49053654 33678950
48535577 33678950
44578588 49520943
543893 49052740
543893 49520943
97396086 33678950
97396086 49520943
231106552 49520943
14323073 49520943
57569053 45224127
152195395 40673858
40673858 37769744
40673858 44859861
40673858 152195395
40673858 18333835
45223987 33678950
45223987 35148856
45223987 67419902
45223987 82654236
45223987 49520943
45223987 82529240
45223987 89427434
45222168 49520943
130775257 49050779
44980401 33678950
44980401 54262198
44980401 127819467
54262198 33678950
54262198 231166370
54262198 49520943
54262198 130329952
54262198 39538256
54262198 44980401
54262198 89427434
54262198 230993424
54262198 49067360
48666777 33678950
48666777 49520943
