172408648 129617614
756939225 129617614
836612237 129617614
836150467 129617614
163434695 129617614
700909741 129617614
565280158 129617614
565296394 129617614
814782291 129617614
836612848 129617614
144762367 129617614
570584930 129617614
536014458 129617614
836614738 129617614
172468174 102066857
749597287 836612411
749597287 129617614
300360454 836613509
300360454 129617614
756802961 129617614
605046390 129617614
814779424 129617614
701029757 129617614
815026301 129617614
215150494 51577163
215150494 67338231
215150494 370795487
215150494 129617614
60282381 129617614
700910176 129617614
836613509 129617614
836613509 300360454
199891109 129617614
814782735 51577163
814782735 129617614
22222781 129617614
51577163 215150494
51577163 129617614
51650957 129617614
675910153 129617614
448110288 129617614
321217218 129617614
836612411 749597287
700864556 129617614
559603464 129617614
497925050 129617614
129617614 51577163
129617614 22222781
836612187 129617614
836614719 129617614
15735099 129617614
74966441 102066857
57830172 129617614
756862117 129617614
522748964 129617614
200053454 129617614
814792307 129617614
346435041 129617614
607449922 129617614
464700714 129617614
205491722 129617614
700894497 129617614
102066857 172468174
102066857 74966441
836612466 129617614
370795487 51577163
370795487 215150494
370795487 129617614
836614769 129617614
44159323 129617614
832607032 129617614
836612962 129617614
67338231 215150494
67338231 129617614
570573794 129617614
700919969 129617614
199993346 129617614
836612118 129617614
814780617 129617614
227940234 129617614
200041611 129617614
509391041 129617614
836612536 129617614
647901223 129617614
814910644 129617614
565279993 129617614
55036882 129617614
814789447 129617614
