67419902 50840749
67419902 45222705
130004494 45222705
230993157 45222705
230931937 45222705
44628813 45222705
82649975 45222705
82649975 367382242
305428798 45222705
44210770 50840749
44210770 695993170
44210770 45222705
44402801 75349355
44402801 45222705
45223776 45222705
366178603 45222705
57482897 50840749
57482897 45222705
44968099 45222705
44968099 50840749
367382242 45222705
367382242 82649975
211723616 45222705
47350243 45222705
44955540 45222705
44991717 50840749
44991717 45222705
184169588 45222705
47082423 45222705
91963930 44637277
91963930 231200104
91963930 50840749
91963930 45222705
91963930 75349355
50840749 44348267
50840749 67419902
50840749 49521520
50840749 44210770
50840749 45222705
50840749 44991717
50840749 833354275
569946267 45222705
44569647 45222705
45222705 82649975
45222705 6762093
45222705 211723616
45222705 209444707
45222705 44348267
45222705 44968099
45222705 67419902
45222705 12998804
45222705 230927448
45222705 366178603
45222705 44637277
45222705 130004494
45222705 49521520
45222705 231200104
45222705 48490146
45222705 636963076
45222705 44955540
45222705 208456073
45222705 44210770
45222705 48675984
45222705 44610143
45222705 50840749
45222705 305428798
45222705 230931937
45222705 57482897
45222705 91963930
45222705 44939468
45222705 367382242
45222705 44991717
45222705 230993157
45222705 569946267
45222705 82640622
45222705 47082423
45222705 75349355
45222705 695993170
45222705 44819635
45222705 44628813
45222705 44402801
45222705 45223776
45222705 47350243
45222705 184169588
45222705 67833733
45222705 44569647
209444707 45222705
44819635 636963076
44819635 45222705
48675984 45222705
833354275 50840749
230927448 45222705
48490146 45222705
12998804 45222705
44637277 45222705
44637277 91963930
636963076 44819635
636963076 45222705
82640622 45222705
44348267 45222705
44348267 50840749
75349355 45222705
75349355 91963930
75349355 44402801
208456073 45222705
6762093 45222705
231200104 91963930
44939468 45222705
695993170 44210770
44610143 45222705
67833733 44924944
49521520 50840749
49521520 45222705
