130252915 57648048
130252915 421464864
421464864 57771198
421464864 833324756
421464864 128369284
421464864 188330534
421464864 57648048
421464864 59846495
421464864 207657637
421464864 833305260
421464864 785131591
421464864 38089520
421464864 57651283
421464864 45018028
421464864 398629674
421464864 130252915
421464864 806244839
421464864 700839880
421464864 695647560
421464864 30529308
421464864 3713417
421464864 369014627
421464864 20595536
421464864 152581201
421464864 60800778
421464864 57605752
421464864 58390905
421464864 83597376
421464864 58085043
421464864 57856221
421464864 195850709
421464864 154970570
421464864 152691732
421464864 72843371
421464864 80759689
421464864 47654140
421464864 578733077
421464864 25373951
421464864 9023080
421464864 49258002
421464864 152622642
421464864 215747976
421464864 58381306
421464864 34235421
421464864 55249062
421471006 700839880
421471006 102804704
188330534 833305260
188330534 58381306
188330534 421464864
45018028 421464864
45018028 58381306
152691732 57856221
152691732 421464864
152691732 72843371
152691732 58381306
152691732 578733077
60800778 421464864
60800778 58381306
60800778 25373951
44530944 34235421
102804704 299422587
102804704 421471006
102804704 421455519
102804704 833305260
102804704 58017086
38089520 421464864
38089520 58017086
38089520 58381306
59846495 57771198
59846495 369014627
59846495 421464864
59846495 57605752
210261404 57648048
3713417 421464864
55249062 58381306
55249062 421464864
55249062 25373951
57856221 57771198
57856221 421464864
57856221 57605752
57856221 58085043
57856221 72843371
57856221 25373951
57856221 58381306
57856221 34235421
47654140 421464864
47654140 31918397
47654140 59846495
47654140 57605752
47654140 154970570
47654140 833305260
47654140 72843371
47654140 700839880
47654140 224323285
47654140 695647560
47654140 57771198
47654140 578733077
47654140 25894391
47654140 9023080
47654140 49258002
47654140 58381306
47654140 34235421
47654140 55249062
152446720 57651283
152446720 299422587
152446720 57771198
152446720 127568298
152446720 421464864
57771198 59846495
57771198 785131591
57771198 833305260
57771198 152446720
57771198 20595536
57771198 530646178
57771198 421464864
57771198 57605752
57771198 58085043
57771198 57856221
57771198 72843371
57771198 47654140
57771198 49258002
164355949 72843371
164355949 58381306
80725746 20595536
398629674 421464864
398629674 833305260
833324756 833305260
833324756 58381306
833324756 578733077
833324756 195850709
833324756 58085043
833324756 421464864
690055441 578733077
152622642 57605752
152622642 578733077
152622642 421464864
152622642 58381306
207657637 58381306
207657637 421464864
9023080 687040317
9023080 828447552
9023080 299452124
9023080 57605752
9023080 833305260
9023080 421464864
9023080 58381306
215747976 578733077
215747976 58381306
687040317 34235421
154970570 421464864
154970570 58381306
421466416 421464864
421466416 578733077
421466416 58085043
785295590 72843371
785295590 108514455
530646178 57771198
530646178 57605752
530646178 108514455
530646178 58085043
72843371 31918397
72843371 167835755
72843371 57605752
72843371 164355949
72843371 57771198
72843371 58081360
72843371 57856221
72843371 421464864
72843371 58085043
72843371 785295590
72843371 695647560
72843371 700839880
72843371 152691732
72843371 47654140
72843371 578733077
72843371 25373951
72843371 49258002
785131591 57771198
785131591 421464864
785131591 57605752
785131591 57856221
785131591 152622642
700839880 421471006
700839880 421464864
700839880 72843371
700839880 47654140
700839880 58381306
700839880 9023080
700839880 578733077
58017086 38089520
58017086 57605752
34235421 687040317
34235421 58085043
34235421 58381306
34235421 57856221
129440404 58085043
741632510 57605752
166489430 421464864
166489430 25373951
57651283 57648048
57651283 421464864
57651283 58081360
57605752 530646178
57605752 57771198
57605752 167835755
57605752 59846495
57605752 741632510
57605752 421464864
57605752 785131591
57605752 58085043
57605752 57856221
57605752 108514455
57605752 72843371
57605752 47654140
57605752 9023080
57605752 49258002
57605752 152622642
61874666 25373951
806244839 421464864
806244839 55249062
806244839 58381306
806244839 578733077
58085043 129440404
58085043 57771198
58085043 421464864
58085043 369014627
58085043 20595536
58085043 421466416
58085043 833324756
58085043 530646178
58085043 57605752
58085043 57856221
58085043 72843371
58085043 687040317
58085043 578733077
58085043 9023080
58085043 152622642
58085043 215747976
58085043 58381306
58085043 34235421
58085043 55249062
83597376 421464864
83597376 58381306
83597376 9023080
31918397 72843371
31918397 47654140
442187326 836610400
442187326 58381306
833305260 188330534
833305260 833324756
833305260 57771198
833305260 102804704
833305260 421464864
833305260 224323285
833305260 58381306
833305260 152622642
833305260 578733077
224323285 833305260
80759689 421464864
80759689 58381306
20595536 57771198
20595536 30529308
20595536 421464864
20595536 80725746
20595536 58085043
20595536 25894391
20595536 25373951
20595536 49258002
57648048 57651283
57648048 299422587
57648048 130252915
57648048 210261404
57648048 421464864
58390905 421464864
58390905 215747976
58390905 58381306
49258002 72843371
49258002 57771198
49258002 421464864
49258002 57605752
49258002 58381306
195850709 152581201
195850709 833305260
195850709 421464864
195850709 833324756
195850709 58381306
195850709 578733077
299452124 9023080
25373951 72843371
25373951 20595536
25373951 60800778
25373951 61874666
25373951 421464864
25373951 55249062
25373951 16302718
30529308 20595536
806267459 58381306
421455519 58381306
421455519 578733077
421455519 421464864
421455519 102804704
580903250 58381306
302448786 58381306
55502640 16302718
58081360 299422587
58081360 57651283
58081360 72843371
58081360 9023080
58081360 152622642
25894391 20595536
695647560 421464864
695647560 72843371
167835755 57605752
167835755 108514455
167835755 72843371
127568298 152446720
16302718 55502640
16302718 25373951
299422587 152446720
299422587 57648048
299422587 102804704
299422587 58081360
369014627 59846495
369014627 421464864
369014627 152622642
369014627 57856221
369014627 58085043
152581201 833305260
152581201 58381306
152581201 578733077
152581201 195850709
152581201 421464864
131568698 9023080
58381306 9023080
58381306 215747976
58381306 83597376
58381306 687040317
58381306 152691732
58381306 421464864
58381306 58390905
58381306 578733077
58381306 34235421
578733077 152691732
578733077 700839880
578733077 806244839
578733077 833305260
578733077 58085043
578733077 833324756
578733077 72843371
578733077 421455519
578733077 195850709
578733077 421464864
578733077 58381306
578733077 215747976
578733077 152622642
128369284 421464864
836610400 442187326
108514455 57605752
108514455 167835755
