135043932 52720008
135043932 21923638
135043932 163817179
135043932 127171301
135043932 44307408
135043932 231275517
163817179 48499257
163817179 135043932
163817179 127171301
231275517 135043932
231275517 44447443
231275517 127171301
231275517 44612285
231275517 34779319
16093353 127171301
54219988 127171301
44612285 21923638
44612285 127171301
44612285 231275517
34779319 21923638
34779319 231275517
48732847 127171301
44926682 127171301
44042285 127171301
49772317 127171301
21923638 135043932
21923638 26095147
21923638 44612285
21923638 34779319
82529473 127171301
133938490 127171301
84780698 127171301
44307408 135043932
44307408 127171301
505464324 127171301
44596399 127171301
75360998 127171301
30870641 30710569
44717701 127171301
30710569 127171301
163314548 102994654
48806523 127171301
68032988 78070364
61839560 127171301
44146348 127171301
29653771 127171301
217794614 127171301
47708407 127171301
44712113 127171301
102994654 163314548
17709268 127171301
12717562 127171301
16069614 127171301
305451674 127171301
50671186 127171301
48646354 127171301
132640070 127171301
52720008 135043932
50990615 127171301
45651677 127171301
45043746 48688537
45043746 127171301
44470413 127171301
48499257 163817179
48499257 127171301
48499257 44307408
44776247 127171301
78070364 68032988
57472214 127171301
33836670 127171301
106825501 127171301
50866547 127171301
50866547 48688537
26095147 21923638
26095147 35512639
26095147 127171301
26095147 44307408
48688537 45043746
48688537 50866547
48688537 35512639
48688537 127171301
35512639 26095147
35512639 127171301
35512639 48688537
35512639 44307408
44447443 127171301
44447443 231275517
