38762829 39929481
6688951 6067755
17520550 45377527
13210332 39929481
61261014 39929481
359373708 57649411
57649411 359373708
57649411 210215207
44816579 49521122
6067755 152849902
6067755 6688951
13166713 39929481
72060796 39929481
379185097 39929481
48728042 57473229
18753880 57473229
18753880 50850535
18753880 49521122
683561649 39929481
583856687 39929481
50850535 18753880
49521122 48728042
49521122 18753880
49521122 44816579
49521122 48512080
16111537 39929481
152849902 6067755
175594234 39929481
51690865 39929481
57473229 48728042
57473229 18753880
157884156 49521122
