757546440 135076911
22166336 117946722
44976296 127185882
44976296 44007517
44976296 135076911
44976296 127386573
117946722 167933273
137682218 117946722
127185882 127386573
127185882 135076911
127185882 44007517
135076911 127185882
135076911 757546440
135076911 44976296
135076911 59854209
135076911 127386573
127386573 44007517
127386573 127185882
44987417 167933273
44987417 117946722
128109652 117946722
519702547 20714057
3352841 117946722
3352841 127386573
3352841 44987417
3352841 127185882
167933273 117946722
167933273 44987417
59854209 20714057
59854209 127386573
59854209 135076911
59854209 44976296
59854209 44007517
59854209 127185882
324994013 127386573
44007517 127185882
44007517 44976296
44007517 127386573
