205891092 99924552
58129859 99924552
44843235 99924552
44843235 36605834
730591747 205885176
730591747 99924552
730591747 35710048
65314411 99924552
205885461 205885176
205885461 99924552
99924552 205885163
99924552 65314411
99924552 205885176
99924552 71299878
99924552 58129859
99924552 54393174
99924552 35710048
99924552 49497207
99924552 205891092
99924552 205885461
99924552 23926745
99924552 298859882
99924552 36605834
99924552 54395941
99924552 32598244
99924552 56939147
99924552 730591747
99924552 81968494
99924552 44843235
298859882 99924552
81968494 298859882
81968494 35710048
81968494 44843235
54395941 99924552
54395941 35710048
205885163 99924552
36605834 99924552
36605834 23926745
36605834 44843235
49497207 35710048
49497207 99924552
35710048 99924552
35710048 54393174
35710048 49497207
35710048 54395941
35710048 730591747
35710048 81968494
54393174 99924552
54393174 35710048
205885176 99924552
205885176 205885461
205885176 730591747
32598244 99924552
56939147 99924552
56939147 23926745
23926745 99924552
23926745 36605834
23926745 56939147
71299878 99924552
