58423784 35592440
28424415 12025601
36126972 12025601
26347688 35592440
26347688 12025601
35592440 50909035
43899409 12025601
30014798 12025601
58146865 12025601
58146865 19901446
58146865 35592440
58146865 50909035
7532281 33191591
7532281 12025601
152788254 127607974
130348583 12025601
35886098 12025601
32450392 26347688
20118128 127607974
20118128 83163204
84464165 127607974
24822309 50909035
24822309 35592440
5281339 130096590
5281339 57796580
133788657 83163204
133788657 127607974
25956297 35592440
25956297 28898567
127607974 35592440
127607974 13109935
50909035 35592440
34951204 50909035
34951204 35592440
34951204 12025601
85826429 84464165
152578424 127607974
152578424 35592440
131179312 12025601
17683001 12025601
13109935 127607974
2491603 35592440
8636948 127607974
33191591 12025601
33191591 7532281
28144967 35592440
49340843 35592440
49340843 12025601
57796580 5281339
83163204 127607974
83163204 36117369
83163204 20118128
83163204 298858131
75686467 35592440
84165013 127607974
13399274 12025601
79506768 127607974
19901446 12025601
19901446 35592440
19901446 58146865
19901446 28424415
2513905 12025601
2513905 35592440
134009627 12025601
8803173 35592440
28898567 12025601
28898567 25956297
36117369 19901446
36117369 35592440
36117369 83163204
