152912208 52575749
152912208 57644999
152912208 21124335
152912208 152890959
152912208 152546203
152912208 58184220
152912208 152545111
152912208 210228522
152912208 580973452
152912208 57651867
152912208 17707485
152912208 57644343
152912208 152797191
17707485 152891878
17707485 152932686
17707485 152937223
17707485 57644343
17707485 107496011
17707485 152930734
17707485 152545111
17707485 59850786
17707485 152546203
17707485 57651867
17707485 152932359
17707485 582001342
17707485 152906827
17707485 57644999
17707485 152932524
17707485 58184220
17707485 57650754
17707485 152684187
17707485 152797069
17707485 152921577
17707485 24132859
17707485 152912208
17707485 152848711
96667299 581006377
96667299 581097900
96667299 152913194
96667299 582001342
96667299 152545111
96667299 27019571
806250814 58378303
806250814 152545111
806250814 17707485
19014311 152545111
581097900 96667299
581097900 152545111
52388777 152932524
52388777 581097900
52388777 58184220
57644343 152941762
57644343 152797069
57644343 152890959
57644343 152930734
57644343 152684187
57644343 210228522
57644343 57648166
57644343 57299293
57644343 57651867
57644343 59850786
57644343 8869857
57644343 58184220
57644343 57650754
57644343 17707485
57644343 152912208
57644343 27019571
3322325 152954990
3322325 57644343
152932524 152932686
152932524 52388777
152932524 57648166
152932524 57651867
152932524 152921577
152932524 152581460
152932524 152545111
152932524 57650754
152932524 17707485
59850786 152932686
59850786 57644343
59850786 152954990
59850786 152545111
59850786 17707485
59850786 152838839
52575749 152912208
152723219 152546203
152723219 152545111
152857286 152913194
152857286 210228522
152857286 152545111
152857286 27019571
58378303 806250814
58378303 57648166
58378303 152954990
58378303 152545111
13102685 152545111
13102685 57650754
21124335 152941762
21124335 210228522
21124335 152912208
152695303 152545111
152546203 152941762
152546203 152906827
152546203 581097900
152546203 152723219
152546203 57648166
152546203 57651867
152546203 152954990
152546203 152545111
152546203 152912208
152573976 24132859
152573976 152545111
152573976 57650754
58252300 152783816
58252300 210228522
58252300 57648166
58252300 152921577
58252300 152545111
57299293 581097900
57299293 582001342
57299293 152546203
57299293 57644343
57299293 152545111
57299293 57650754
833305969 806250814
57650754 152941762
57650754 152932524
57650754 152701515
57650754 57644343
57650754 57299293
57650754 57644999
57650754 57648166
57650754 13102685
57650754 210228522
57650754 152890959
57650754 152660370
57650754 152573976
57650754 152545111
57650754 17707485
57650754 152956445
57650754 27019571
152904654 152941762
152904654 152930734
152904654 582001342
152904654 11928606
152904654 57648166
152904654 152546203
152904654 152954990
152904654 152545111
152904654 152848711
210228522 21124335
210228522 152857286
210228522 152912812
210228522 58252300
210228522 24132859
210228522 57644343
210228522 57644999
210228522 152797191
210228522 152932359
210228522 152954990
210228522 57650754
210228522 152912208
210228522 27019571
152954990 152932686
152954990 210228522
152954990 58378303
152954990 152546203
152954990 582001342
152954990 152912812
152954990 152921577
152954990 152684187
152954990 152545111
603169599 57648166
603169599 152921577
603169599 806233792
603169599 152545111
806233792 152930734
806233792 603169599
806233792 833357546
806233792 152546203
806233792 152430946
806233792 24132859
806233792 107496011
806233792 152921577
806233792 152581460
806233792 152545111
152937223 152941762
152937223 152545111
152937223 17707485
58435732 33460289
58435732 152545111
57648166 152904654
57648166 152797069
57648166 582001342
57648166 603169599
57648166 58252300
57648166 152546203
57648166 57644343
57648166 152797191
57648166 59850786
57648166 152921577
57648166 58378303
57648166 152954990
57648166 152545111
57648166 57650754
152890959 806250814
152890959 11928606
152890959 603169599
152890959 57644343
152890959 57651867
152890959 152921577
152890959 152906827
152890959 152545111
152890959 57650754
152890959 152912208
73527159 152430946
152956445 152545111
152956445 24132859
152956445 806250814
152956445 57650754
152956445 19014311
581006377 152906827
581006377 96667299
581006377 152921577
581006377 27019571
67622788 152545111
152848711 152545111
152848711 17707485
152848711 152930734
152848711 152904654
152848711 152838839
58184220 52388777
58184220 57644343
58184220 152912208
58184220 27019571
57651867 152941762
57651867 152932524
57651867 581097900
57651867 152932686
57651867 152890959
57651867 152684187
57651867 582001342
57651867 152546203
57651867 24132859
57651867 57644343
57651867 152797191
57651867 8869857
57651867 152545111
57651867 17707485
57651867 152912208
152684187 57644343
152684187 152954990
152684187 152545111
152913194 152857286
152913194 152930734
152913194 96667299
152913194 152921577
29927809 152545111
152928283 52388777
152928283 582001342
152928283 152954990
152928283 152545111
152783816 58252300
152783816 152545111
152921577 152941762
152921577 152932524
152921577 581097900
152921577 152913194
152921577 152620635
152921577 152890959
152921577 152930734
152921577 603169599
152921577 57648166
152921577 833357546
152921577 152797191
152921577 806233792
152921577 152545111
152921577 17707485
58112040 152797069
58112040 59850786
58112040 152545111
152797069 57648166
152797069 57644343
152797069 152545111
152797069 17707485
152838839 152546203
152838839 152545111
152838839 581097900
152838839 152727837
152838839 107496011
6987991 152545111
582001342 581097900
582001342 152545111
8869857 57644343
8869857 57651867
8869857 152545111
11928606 152904654
11928606 152941762
11928606 152890959
11928606 152581460
11928606 152545111
152620635 152906827
152620635 152932524
152620635 581097900
152620635 152684187
152620635 152921577
152620635 580973452
152620635 152545111
57644999 152941762
57644999 210228522
57644999 57650754
57644999 17707485
57644999 152912208
57644999 27019571
152906827 581006377
152906827 152546203
152906827 152797191
152906827 152890959
152906827 152545111
152906827 17707485
152430946 806250814
152430946 603169599
152430946 73527159
152430946 806233792
152430946 152545111
152885652 152684187
152885652 152545111
152660370 152545111
152660370 57650754
152941762 152904654
152941762 152937223
152941762 21124335
152941762 11928606
152941762 152546203
152941762 57644343
152941762 57644999
152941762 152921577
152941762 152545111
152941762 57650754
152941762 27019571
33460289 58435732
33460289 152545111
152581460 11928606
152581460 152545111
833357546 806250814
833357546 580973452
833357546 806233792
833357546 152545111
152545111 582001342
152545111 24132859
152545111 8869857
152545111 152684187
152545111 152797191
152545111 581097900
152545111 57650754
223827937 152937223
152932686 152932524
152932686 581097900
152932686 152797191
152932686 59850786
152932686 152954990
152932686 152545111
152932359 210228522
152932359 17707485
86346713 152545111
152912812 210228522
152912812 152954990
152912812 152545111
152797191 152906827
152797191 210228522
152797191 57648166
152797191 152921577
152797191 152954990
152797191 152545111
152797191 17707485
152930734 152913194
152930734 582001342
152930734 152545111
152930734 57644343
152930734 152921577
152930734 17707485
152930734 152848711
50207255 152797191
50207255 57651867
50207255 152954990
152727837 152581460
152727837 152545111
107496011 17707485
107496011 152838839
24132859 152684187
24132859 582001342
24132859 210228522
24132859 152573976
24132859 806233792
24132859 152545111
24132859 17707485
24132859 152956445
24132859 152912208
834142667 152545111
152701515 152545111
152701515 57650754
27019571 210228522
27019571 57644999
27019571 58184220
27019571 152857286
27019571 57644343
27019571 152545111
27019571 96667299
27019571 581006377
580973452 152620635
580973452 833357546
580973452 806233792
580973452 152545111
580973452 17707485
580973452 152912208
