693673809 72132014
85910872 72132014
25258283 72132014
152602046 72132014
152602046 152430904
152430904 40455197
152430904 172510537
152430904 72132014
152430904 3336495
152430904 152576152
152430904 152601698
152430904 61609760
152430904 152818657
152430904 114837199
498749965 72132014
833306439 72132014
833306439 133581129
152818657 72132014
152818657 152712247
152818657 172510537
152818657 114837199
40455197 72132014
40455197 45515418
40455197 152601698
40455197 152430904
52599827 152900415
152924430 128204179
152924430 72132014
45810623 72132014
58094117 72132014
58094117 54506585
12837638 72132014
12837638 152601698
37923889 72132014
152712247 152818657
127303459 72132014
107673729 72132014
107673729 114837199
581157943 72132014
57656228 152430904
112896409 72132014
112896409 152576152
61609760 37917756
61609760 40455197
61609760 72132014
61609760 152601698
61609760 114837199
580901181 72132014
44753168 72132014
72132014 152601698
50591603 72132014
134878922 72132014
836088102 72132014
118316030 72132014
114837199 152818657
114837199 152601698
114837199 3336495
114837199 72132014
114837199 172510537
114837199 107673729
114837199 61609760
114837199 152576152
152816490 72132014
65389490 72132014
717505355 833305037
172510537 72132014
172510537 152601698
172510537 152576152
172510537 152818657
172510537 152430904
152898759 72132014
152898759 601609472
152898759 61609760
3336495 72132014
3336495 152576152
3336495 152601698
3336495 114837199
152941636 72132014
152941636 152929941
37917756 72132014
37917756 61609760
552122060 72132014
152481251 72132014
806804138 72132014
128957806 72132014
152499823 72132014
132193792 72132014
132193792 81973650
534224474 81973650
210191201 72132014
210191201 61609760
210191201 114837199
152934569 152929941
833305037 717505355
833337283 72132014
128204179 72132014
45515418 72132014
45515418 40455197
45515418 152430904
601609472 72132014
152546027 72132014
152913158 72132014
152929941 128204179
152929941 152941636
152929941 72132014
152929941 152934569
634122692 72132014
634122692 152430904
152812736 72132014
459402041 72132014
152576152 72132014
152576152 152601698
152576152 112896409
152576152 3336495
152576152 132193792
152576152 172510537
152576152 61609760
152576152 27992331
152576152 152430904
152576152 114837199
152476198 25258283
152476198 72132014
152601698 72132014
152601698 152576152
152601698 172510537
152601698 3336495
152601698 40455197
152601698 12837638
152601698 61609760
152601698 152430904
152601698 114837199
133581129 81973650
164416655 72132014
54506585 72132014
152900415 72132014
152900415 52599827
785013916 72132014
152503760 72132014
833587027 81973650
833587027 72132014
836614418 72132014
27992331 152576152
27992331 72132014
