108478210 68231079
108478210 134591265
33549610 374823378
298803918 68231079
68231079 125334747
68231079 221037357
68231079 108478210
68231079 456728261
68231079 153818927
68231079 53026399
68231079 346897838
68231079 146686793
68231079 85170489
68231079 155245615
68231079 298803918
68231079 144545133
68231079 11736019
68231079 450359918
68231079 350182744
68231079 644140796
68231079 6790347
68231079 155555048
68231079 155860346
68231079 695088544
68231079 350409794
68231079 21233329
68231079 134591265
350409794 68231079
350409794 130533596
134591265 108478210
134591265 450940178
134591265 68231079
134591265 579187719
146686793 108478210
146686793 68231079
146686793 161096000
142840400 299540029
130533596 350409794
579187719 731679319
53026399 68231079
299540029 374823378
299540029 142840400
350182744 68231079
155555048 68231079
835933581 383741853
745868247 108478210
833390883 221037357
11736019 68231079
144749646 130630559
144749646 144545133
140769692 108478210
6790347 68231079
346897838 68231079
346897838 108478210
450940178 134591265
155860346 68231079
383741853 835933581
144545133 68231079
144545133 144749646
144545133 161096000
536634911 213199991
21233329 68231079
138599077 374823378
644140796 68231079
450359918 68231079
452780930 108478210
374823378 39595090
374823378 775793340
374823378 299540029
374823378 33549610
374823378 138599077
695088544 68231079
155245615 68231079
221037357 68231079
221037357 833390883
456728261 68231079
161096000 144545133
136663744 68231079
136663744 144749646
125334747 68231079
85170489 68231079
731679319 579187719
153818927 68231079
130630559 144749646
