48818391 118830097
48818391 8192860
48818391 49053525
48818391 149528533
48530576 118830097
48530576 127345923
352271405 118830097
130902750 118830097
44234842 118830097
44234842 127345923
44116194 118830097
149528533 48818391
9633603 118830097
744092905 118830097
744092905 127345923
8192860 48818391
684852857 118830097
684852857 127345923
49053525 118830097
49053525 127345923
118830097 127345923
127345923 118830097
266259029 118830097
541606544 118830097
541606544 127345923
45037636 231014349
81499620 118830097
128950388 118830097
128950388 127345923
48055823 118830097
29451589 118830097
29451589 127345923
128500992 127345923
116128546 118830097
28222383 118830097
28222383 127345923
22718027 118830097
22718027 127345923
31555662 118830097
231014349 45037636
48714144 231302923
61030764 127345923
