50862329 127177917
164611988 163950207
351862758 127177917
120372387 127177917
130929857 125188363
43946835 127177917
952107 127177917
43816618 127177917
50878120 50887485
50878120 127177917
219821860 670078539
57443422 127177917
163950207 164611988
149561000 127177917
134131066 127177917
149551595 127177917
836612349 127177917
212440716 127177917
192463016 127177917
300291163 127177917
50887485 50878120
50887485 127177917
217269742 127177917
792300735 127177917
179506810 127177917
688495525 127177917
162775979 359589377
150928044 127177917
359589377 162775979
316652718 127177917
42476563 127177917
150619283 127177917
670078539 219821860
329398463 127177917
