298848530 23518497
298848530 112941324
131450592 23518497
152594883 23518497
268709134 33741427
268709134 23518497
833336861 33741427
833336861 23518497
152515517 23518497
152602733 152955176
152602733 152787531
152602733 23518497
758009732 152513550
758009732 152703384
758009732 23518497
758009732 833305244
152820665 33741427
152820665 23518497
184789535 23518497
184789535 421464892
609162738 152513550
609162738 23518497
298850432 152821012
298850432 23518497
16944767 23518497
39549401 39024110
39549401 23518497
680306355 23518497
58389688 23518497
49157167 23518497
112941324 152446707
112941324 33741427
112941324 23518497
112941324 298848530
712461337 23518497
616922196 23518497
152934135 581251354
152934135 23518497
421524514 23518497
298849063 23518497
38923011 37604801
38923011 23518497
152668903 23518497
152787531 152602733
152787531 633951176
152920517 23518497
18944345 65269407
18944345 23518497
152904848 128092403
152904848 152661367
152904848 23518497
633965917 23518497
633965917 81973643
601717110 23518497
152630772 23518497
152955176 23518497
152781881 23518497
57977978 33741427
52572552 23518497
37591674 23518497
37591674 39024110
680244836 23518497
680244836 152877030
833305244 601602526
833305244 23518497
45226227 23518497
152593244 23518497
128092403 152904848
128092403 23518497
65294056 23518497
96755148 23518497
156917065 129985323
37604801 38923011
37604801 23518497
152574392 23518497
78282737 23518497
601602526 23518497
747121647 39024110
747121647 23518497
75765285 23518497
152703384 758009732
152703384 23518497
152566188 33741427
152566188 23518497
580875223 152446707
580875223 23518497
580875223 833305244
421464892 268709134
421464892 23518497
421464892 184789535
152580812 23518497
81973643 23518497
81973643 633965917
34190360 23518497
152446707 112941324
152446707 580875223
152446707 23518497
152661367 152904848
152661367 23518497
421461795 23518497
152821012 152566188
152821012 23518497
129985323 156917065
129985323 23518497
833270554 23518497
152592681 23518497
54488471 75765285
54488471 23518497
152564102 23518497
801951420 23518497
65269407 23518497
65269407 18944345
152877030 680244836
601696760 23518497
57647209 23518497
152898964 23518497
29935035 23518497
601606165 23518497
177958514 23518497
107496214 23518497
152513550 758009732
152513550 609162738
152513550 23518497
633951176 152787531
633951176 23518497
633966012 23518497
582742692 23518497
33741427 112941324
33741427 152820665
33741427 23518497
33741427 833336861
23518497 112941324
23518497 39549401
23518497 78282737
23518497 152821012
23518497 34190360
23518497 33741427
23518497 601696760
23518497 152898964
23518497 152668903
23518497 96755148
23518497 152574392
23518497 298849063
23518497 616922196
23518497 65294056
23518497 152904848
23518497 45226227
23518497 152934135
23518497 107496214
23518497 581251354
23518497 152781881
23518497 601717110
23518497 152592681
23518497 38923011
23518497 37604801
23518497 152661367
23518497 58389688
23518497 75765285
23518497 65269407
23518497 421524514
23518497 152566188
23518497 128092403
23518497 49157167
23518497 582742692
23518497 297546376
23518497 177958514
23518497 152955176
23518497 223861294
23518497 152602733
23518497 37591674
23518497 54488471
23518497 52572552
23518497 601602526
23518497 747121647
23518497 580875223
23518497 57647209
23518497 633966012
23518497 152703384
23518497 152594883
23518497 601606165
23518497 833270554
23518497 152446707
23518497 758009732
23518497 152593244
23518497 152630772
23518497 633951176
23518497 152820665
23518497 152920517
23518497 29935035
23518497 152515517
23518497 421461795
23518497 152513550
23518497 561382110
23518497 152580812
23518497 680244836
23518497 152564102
23518497 268709134
23518497 680306355
23518497 298850432
23518497 801951420
23518497 421464892
23518497 152533121
23518497 609162738
23518497 633965917
23518497 81973643
23518497 833336861
23518497 298848530
23518497 39024110
23518497 27992331
23518497 833305244
23518497 129985323
23518497 11893515
23518497 131450592
23518497 16944767
23518497 18944345
23518497 184789535
223861294 23518497
152533121 23518497
11893515 23518497
297546376 23518497
561382110 23518497
27992331 23518497
39024110 39549401
39024110 23518497
581251354 152934135
581251354 23518497
