287686903 54967918
54432507 54436852
54432507 120079275
54432507 169538053
54432507 54438485
54432507 54438462
54432507 17580456
54432507 54379761
54432507 74550503
54432507 54614747
54432507 23799299
54432507 52024843
54432507 57073046
54432507 54609795
54432507 54967918
54432507 127283297
54432507 49327467
54432507 56830098
54432507 83554756
54432507 12231849
54432507 57158604
54432507 56282843
54432507 56540955
54432507 54436917
54432507 55002582
54432507 50701897
54432507 55004463
54432507 45459103
54432507 12227036
54432507 17410238
54335162 54967918
54335162 54438462
54335162 54617704
54335162 54379761
54335162 55002582
54335162 49327467
54335162 74550503
54335162 54436852
54335162 54968924
54335162 17580456
54335162 54438485
54335162 54436917
54335162 56971326
54335162 17410238
54335162 57073046
54335162 54432507
54335162 56540955
54335162 54614747
54335162 52024843
54335162 54437425
54335162 130283172
54335162 55004463
54335162 45459103
54335162 12227036
54335162 11063715
17410238 23799299
17410238 130283172
17410238 54438913
17410238 55004463
17410238 54432507
17410238 67341799
17410238 74550503
17410238 17580456
17410238 52024843
17410238 57158604
17410238 60076117
17410238 12227036
17410238 54967918
17410238 83554756
17410238 49327467
17410238 56540955
17410238 54437425
17410238 56282843
17410238 54423270
17410238 54614747
17410238 54438462
17410238 127283297
17410238 54436852
17410238 12231849
56970883 71299985
56970883 74550503
56970883 56971326
56970883 54379761
56970883 54436917
56970883 17580456
56970883 54438462
56970883 54436131
56970883 55002582
56970883 54967918
56970883 38542128
56970883 49327467
56970883 54438913
56970883 12227036
130283172 49327467
130283172 55002582
130283172 54379761
130283172 54967918
130283172 54609795
130283172 17580456
130283172 67855652
130283172 56830098
130283172 57158604
130283172 54438462
130283172 57237530
130283172 12231849
130283172 54436917
130283172 74550503
130283172 52024843
130283172 23799299
130283172 55004463
130283172 12227036
130283172 11063715
130283172 17410238
54436917 57158604
54436917 54967918
54436917 39744896
54436917 54609795
54436917 54379761
54436917 17580456
54436917 54432507
54436917 54438462
54436917 12231849
54436917 52024843
54436917 23799299
54436917 54617704
54436917 56830098
54436917 71299985
54436917 54438485
54436917 74550503
54436917 57073046
54436917 56373868
54436917 156722539
54436917 60076117
54436917 56282843
54436917 169538053
54436917 54614747
54436917 45471875
54436917 287686938
54436917 56971326
54436917 127283297
54436917 54631956
54436917 54626700
54436917 54434093
54436917 54436852
54436917 54435482
54436917 49327467
54436917 56900974
54436917 56979498
54436917 56540955
54436917 57234158
54436917 57228191
54436917 67341799
54436917 132532341
54436917 83554756
54436917 161141019
54436917 17410238
54436917 54968924
54436917 45141920
54436917 55002582
54436917 54335162
54436917 56970883
54436917 54437425
54436917 54438913
54436917 67855652
54436917 50701897
54436917 130283172
54436917 55004463
54436917 12227036
54436917 11063715
1845903 54379761
1845903 54614747
1845903 39744896
1845903 54967918
142748923 49327467
12231849 74550503
12231849 71299985
12231849 54967918
12231849 17580456
12231849 49327467
12231849 54379761
12231849 120079275
12231849 23799299
12231849 54432507
12231849 52024843
12231849 54438462
12231849 56830098
12231849 57158604
12231849 130283172
12231849 55004463
12231849 12227036
12231849 17410238
49839296 12227036
49839296 54437425
54379761 54436852
54379761 120079275
54379761 71299985
54379761 56900974
54379761 56971326
54379761 56979498
54379761 54438462
54379761 17580456
54379761 132532341
54379761 74550503
54379761 23799299
54379761 52024843
54379761 67341799
54379761 49327467
54379761 56830098
54379761 54435482
54379761 83554756
54379761 12231849
54379761 57158604
54379761 57228191
54379761 57234158
54379761 127809237
54379761 54436917
54379761 45141920
54379761 55002582
54379761 56970883
54379761 54437425
54379761 54438913
54379761 67855652
54379761 130283172
54379761 55004463
54379761 12227036
54379761 11063715
55004463 54968924
55004463 130283172
55004463 12231849
55004463 54967918
55004463 52024843
55004463 54379761
55004463 49327467
55004463 74550503
55004463 17580456
55004463 23799299
55004463 56830098
55004463 54438462
55004463 55002582
55004463 127809237
55004463 54432507
55004463 57158604
55004463 67855652
55004463 57073046
55004463 60076117
55004463 71299985
55004463 54438485
55004463 38542128
55004463 54609795
55004463 54626700
55004463 54614747
55004463 54335162
55004463 56900974
55004463 54436917
55004463 54436852
55004463 39744896
55004463 54438913
55004463 54437425
55004463 132532341
55004463 83554756
55004463 56540955
55004463 12227036
55004463 11063715
55004463 17410238
61069635 54967918
61069635 55002582
54434093 54967918
54434093 49327467
54434093 161141019
54434093 56971326
54434093 54436852
54434093 17580456
54434093 54614747
54434093 130013401
54434093 132532341
54434093 287686938
54434093 57228191
54434093 56540955
54434093 54436917
54434093 54335162
54434093 54437425
54434093 54438913
54434093 130283172
54434093 12227036
156722539 71299985
156722539 56900974
156722539 54438485
156722539 287686938
156722539 54967918
156722539 127283297
156722539 12227036
156722539 50701897
156722539 54436917
156722539 56540955
54423270 45471875
54423270 56540955
54423270 17410238
54423270 12227036
67341799 56971326
67341799 54379761
67341799 54967918
67341799 49327467
67341799 54435482
67341799 57158604
67341799 56540955
67341799 54436917
67341799 54438913
67341799 12227036
67341799 17410238
120079275 54438462
120079275 17580456
120079275 54379761
120079275 132532341
120079275 74550503
120079275 54432507
120079275 54614747
120079275 52024843
120079275 57073046
120079275 54967918
120079275 49327467
120079275 12231849
120079275 57228191
120079275 56540955
120079275 55002582
120079275 57237530
120079275 130283172
120079275 55004463
120079275 12227036
120079275 17410238
55002582 56540955
55002582 54436917
55002582 54967918
55002582 54379761
55002582 54432507
55002582 71299985
55002582 56970883
55002582 130283172
55002582 12227036
127283297 56900974
127283297 54438485
127283297 156722539
127283297 60076117
127283297 45471875
127283297 54438462
127283297 54432507
127283297 54614747
127283297 57073046
127283297 54609795
127283297 54967918
127283297 56373868
127283297 56540955
127283297 54436917
127283297 12227036
127283297 11063715
127283297 17410238
130013401 54434093
11063715 45141920
11063715 55004463
11063715 71299985
11063715 17580456
11063715 132532341
11063715 52024843
11063715 56540955
11063715 54335162
11063715 56900974
11063715 127283297
11063715 54614747
11063715 54436917
11063715 54436852
11063715 12227036
11063715 130283172
11063715 56971326
11063715 49327467
11063715 54379761
11063715 68934628
11063715 54437425
49327467 54436852
49327467 120079275
49327467 71299985
49327467 56900974
49327467 49840025
49327467 54438485
49327467 56979498
49327467 54968924
49327467 54438462
49327467 17580456
49327467 54379761
49327467 132532341
49327467 74550503
49327467 54432507
49327467 54614747
49327467 23799299
49327467 52024843
49327467 57073046
49327467 54967918
49327467 67341799
49327467 56830098
49327467 83554756
49327467 12231849
49327467 54434093
49327467 56971492
49327467 57158604
49327467 57228191
49327467 57234158
49327467 56540955
49327467 54436917
49327467 45141920
49327467 55002582
49327467 57237530
49327467 54335162
49327467 56970883
49327467 54438913
49327467 130283172
49327467 55004463
49327467 68934628
49327467 12227036
49327467 11063715
49327467 17410238
56282843 49327467
56282843 54432507
56282843 56971326
56282843 12231849
56282843 287686938
56282843 54614747
56282843 52024843
56282843 45471875
56282843 56979498
56282843 83554756
56282843 54967918
56282843 54617704
56282843 17580456
56282843 54435482
56282843 23799299
56282843 127809237
56282843 56540955
56282843 54436917
56282843 54438913
56282843 50701897
56282843 12227036
56282843 17410238
49840025 54438462
49840025 114013927
49840025 54967918
49840025 49327467
49840025 45472502
49840025 12227036
49840025 56540955
132532341 54436852
132532341 120079275
132532341 56900974
132532341 54438485
132532341 45471875
132532341 56971326
132532341 54438462
132532341 17580456
132532341 54379761
132532341 74550503
132532341 54626700
132532341 54631956
132532341 54614747
132532341 23799299
132532341 52024843
132532341 57073046
132532341 54967918
132532341 49327467
132532341 56830098
132532341 54435482
132532341 83554756
132532341 54434093
132532341 57158604
132532341 57228191
132532341 56540955
132532341 54436917
132532341 54437425
132532341 54438913
132532341 67855652
132532341 50701897
132532341 55004463
132532341 12227036
132532341 11063715
57228191 54967918
57228191 57158604
57228191 74550503
57228191 120079275
57228191 54438485
57228191 17580456
57228191 132532341
57228191 49327467
57228191 56971326
57228191 23799299
57228191 54435482
57228191 54434093
57228191 54379761
57228191 54436917
57228191 54438913
57228191 12227036
57237530 52024843
57237530 71299985
57237530 12231849
57237530 57158604
57237530 54967918
57237530 17580456
57237530 54435482
57237530 74550503
57237530 56540955
57237530 54379761
57237530 169538053
57237530 54609795
57237530 49327467
57237530 56830098
57237530 60076117
57237530 54436852
57237530 54437425
57237530 54438913
57237530 130283172
57237530 55004463
57237530 68934628
57237530 12227036
57237530 11063715
39560123 54436852
48993532 74550503
48993532 54967918
15648036 12227036
60076117 54438485
60076117 45471875
60076117 56971326
60076117 54968924
60076117 54438462
60076117 17580456
60076117 54614747
60076117 52024843
60076117 57073046
60076117 127283297
60076117 57158604
60076117 56540955
60076117 54436917
60076117 57237530
60076117 54437425
60076117 55004463
60076117 12227036
60076117 17410238
54434638 54967918
54434638 57158604
54434638 12227036
45141920 54631956
45141920 54436917
45141920 11063715
45141920 54379761
45141920 52024843
45141920 54435482
45141920 23799299
45141920 54437425
23799299 71299985
23799299 56900974
23799299 54438485
23799299 45471875
23799299 54968924
23799299 54438462
23799299 17580456
23799299 54379761
23799299 132532341
23799299 74550503
23799299 54432507
23799299 287686938
23799299 54614747
23799299 39744896
23799299 210809441
23799299 52024843
23799299 57073046
23799299 54967918
23799299 49327467
23799299 54435482
23799299 83554756
23799299 12231849
23799299 54617704
23799299 57228191
23799299 56282843
23799299 56540955
23799299 54436917
23799299 45141920
23799299 54437425
23799299 54438913
23799299 67855652
23799299 130283172
23799299 55004463
23799299 12227036
23799299 17410238
54435482 52024843
54435482 23799299
54435482 54438462
54435482 54614747
54435482 57234158
54435482 132532341
54435482 56971326
54435482 17580456
54435482 54379761
54435482 57228191
54435482 56282843
54435482 56540955
54435482 54436917
54435482 45141920
54435482 57237530
54435482 12227036
49839269 12227036
56373868 54967918
56373868 56979498
56373868 57158604
56373868 54436852
56373868 127283297
56373868 54436917
56373868 50701897
56373868 12227036
54617704 56900974
54617704 54379761
54617704 54967918
54617704 23799299
54617704 169530426
54617704 56830098
54617704 17580456
54617704 57073046
54617704 54609795
54617704 54438462
54617704 57158604
54617704 56282843
54617704 54436917
54617704 54335162
54617704 55004463
54617704 68934628
54617704 12227036
50701897 57073046
50701897 156722539
50701897 54432507
50701897 49327467
50701897 54437425
50701897 132532341
50701897 54967918
50701897 54438462
50701897 56373868
50701897 54968924
50701897 130013401
50701897 17580456
50701897 127809237
50701897 54614747
50701897 61069635
50701897 56540955
50701897 54436917
50701897 55004463
50701897 12227036
54438485 54436852
54438485 120079275
54438485 156722539
54438485 60076117
54438485 15648036
54438485 56971326
54438485 54968924
54438485 54438462
54438485 17580456
54438485 54379761
54438485 132532341
54438485 74550503
54438485 54432507
54438485 54614747
54438485 23799299
54438485 52024843
54438485 57073046
54438485 54967918
54438485 127283297
54438485 49327467
54438485 45472502
54438485 74974847
54438485 57228191
54438485 56540955
54438485 54436917
54438485 45141920
54438485 57237530
54438485 54335162
54438485 555262005
54438485 50701897
54438485 130283172
54438485 55004463
54438485 12227036
54438485 17410238
17580456 45452895
17580456 120079275
17580456 71299985
17580456 169538053
17580456 56900974
17580456 54438485
17580456 156722539
17580456 60076117
17580456 45471875
17580456 56971326
17580456 56979498
17580456 54968924
17580456 54438462
17580456 161141019
17580456 54379761
17580456 132532341
17580456 74550503
17580456 114013927
17580456 54432507
17580456 54626700
17580456 54614747
17580456 23799299
17580456 52024843
17580456 57073046
17580456 54609795
17580456 54967918
17580456 67341799
17580456 49327467
17580456 56830098
17580456 54435482
17580456 12231849
17580456 54434093
17580456 54617704
17580456 57158604
17580456 57228191
17580456 56282843
17580456 57234158
17580456 38542128
17580456 56540955
17580456 54436917
17580456 45141920
17580456 57237530
17580456 54335162
17580456 56970883
17580456 54437425
17580456 54438913
17580456 67855652
17580456 50701897
17580456 130283172
17580456 55004463
17580456 12227036
17580456 11063715
17580456 17410238
77459343 54967918
71299985 45452895
71299985 54436852
71299985 120079275
71299985 156722539
71299985 56971326
71299985 56979498
71299985 54968924
71299985 54438462
71299985 17580456
71299985 54379761
71299985 132532341
71299985 287686938
71299985 54614747
71299985 23799299
71299985 49327467
71299985 56830098
71299985 83554756
71299985 12231849
71299985 57158604
71299985 57234158
71299985 54436917
71299985 55002582
71299985 57237530
71299985 56970883
71299985 67855652
71299985 55004463
71299985 12227036
71299985 11063715
71299985 17410238
127809237 57158604
127809237 54967918
127809237 56282843
127809237 74550503
127809237 54614747
127809237 54379761
127809237 56540955
127809237 54436131
127809237 50701897
127809237 55004463
127809237 12227036
45471875 54436852
45471875 54423270
45471875 56900974
45471875 60076117
45471875 56971326
45471875 56979498
45471875 54968924
45471875 54438462
45471875 17580456
45471875 132532341
45471875 287686938
45471875 54614747
45471875 23799299
45471875 127283297
45471875 56282843
45471875 54436917
45471875 12227036
49064578 54967918
45355800 54967918
45355800 61069635
60700754 54438462
60700754 54967918
60700754 12227036
56971492 54967918
56971492 74550503
56971492 49327467
56971492 54379761
56971492 12227036
56971492 17410238
45459103 56900974
45459103 54379761
45459103 54967918
45459103 54432507
45459103 54335162
45459103 56971326
45459103 12227036
54968924 54436852
54968924 56900974
54968924 60076117
54968924 45471875
54968924 56979498
54968924 54379761
54968924 74550503
54968924 23799299
54968924 52024843
54968924 57073046
54968924 54609795
54968924 54967918
54968924 49327467
54968924 57158604
54968924 56540955
54968924 54437425
54968924 50701897
54968924 55004463
54968924 12227036
54436852 61069635
54436852 39560123
54436852 120079275
54436852 71299985
54436852 56900974
54436852 54438485
54436852 45471875
54436852 15648036
54436852 56971326
54436852 54968924
54436852 54438462
54436852 54379761
54436852 132532341
54436852 74550503
54436852 114013927
54436852 54432507
54436852 287686938
54436852 54631956
54436852 54614747
54436852 23799299
54436852 52024843
54436852 57073046
54436852 54609795
54436852 54967918
54436852 49327467
54436852 130013401
54436852 83554756
54436852 54434093
54436852 57158604
54436852 57234158
54436852 56373868
54436852 56540955
54436852 54436917
54436852 55002582
54436852 54436131
54436852 57237530
54436852 54335162
54436852 54437425
54436852 54438913
54436852 130283172
54436852 55004463
54436852 68934628
54436852 12227036
54436852 11063715
54436852 17410238
161141019 54968924
161141019 17580456
161141019 54967918
161141019 54436917
161141019 54434093
56900974 54436852
56900974 54423270
56900974 120079275
56900974 156722539
56900974 45471875
56900974 15648036
56900974 54968924
56900974 54438462
56900974 17580456
56900974 54379761
56900974 132532341
56900974 74550503
56900974 54626700
56900974 54614747
56900974 23799299
56900974 52024843
56900974 54967918
56900974 127283297
56900974 49327467
56900974 54617704
56900974 57158604
56900974 57234158
56900974 56540955
56900974 54436917
56900974 54438913
56900974 55004463
56900974 45459103
56900974 12227036
56900974 11063715
56830098 120079275
56830098 71299985
56830098 54968924
56830098 54438462
56830098 17580456
56830098 54379761
56830098 132532341
56830098 74550503
56830098 54432507
56830098 54614747
56830098 23799299
56830098 52024843
56830098 57073046
56830098 54609795
56830098 54967918
56830098 49327467
56830098 12231849
56830098 54617704
56830098 57158604
56830098 54436917
56830098 57237530
56830098 130283172
56830098 55004463
56830098 12227036
56830098 17410238
68934628 57234158
68934628 49327467
68934628 74550503
68934628 83554756
68934628 54436852
68934628 57158604
68934628 54617704
68934628 54437425
68934628 54967918
68934628 12227036
68934628 11063715
45452895 61069635
45452895 17580456
45452895 54967918
45452895 12227036
45452895 54437425
38542128 54614747
38542128 54438462
38542128 17580456
38542128 56979498
38542128 12227036
38542128 55004463
38542128 54437425
38542128 56970883
39744896 56979498
39744896 1845903
39744896 74550503
39744896 23799299
39744896 52024843
39744896 54967918
39744896 56540955
39744896 54436917
39744896 55004463
39744896 12227036
54436131 56540955
54436131 56971326
54436131 57158604
54436131 127809237
54436131 54436852
54436131 54967918
54436131 56970883
54436131 12227036
54437425 49839296
54437425 49327467
54437425 23799299
54437425 17580456
54437425 54967918
54437425 287686938
54437425 57237530
54437425 132532341
54437425 54614747
54437425 57234158
54437425 54438462
54437425 74550503
54437425 54436852
54437425 60076117
54437425 57158604
54437425 54626700
54437425 38542128
54437425 54968924
54437425 54434093
54437425 54335162
54437425 54379761
54437425 45141920
54437425 56979498
54437425 54436917
54437425 56971326
54437425 45452895
54437425 56540955
54437425 54631956
54437425 54438913
54437425 50701897
54437425 55004463
54437425 68934628
54437425 12227036
54437425 11063715
54437425 17410238
57234158 54435482
57234158 52024843
57234158 54967918
57234158 54436852
57234158 57158604
57234158 49327467
57234158 71299985
57234158 57073046
57234158 23799299
57234158 54438462
57234158 83554756
57234158 56900974
57234158 17580456
57234158 132532341
57234158 54379761
57234158 56540955
57234158 54436917
57234158 57237530
57234158 54437425
57234158 54438913
57234158 68934628
57234158 12227036
57158604 54379761
57158604 23799299
57158604 54968924
57158604 12231849
57158604 74550503
57158604 54617704
57158604 56830098
57158604 54967918
57158604 52024843
57158604 169538053
57158604 54609795
57158604 71299985
57158604 54438462
57158604 54432507
57158604 56900974
57158604 54631956
57158604 54436852
57158604 17580456
57158604 54434638
57158604 57073046
57158604 54614747
57158604 132532341
57158604 60076117
57158604 57228191
57158604 57234158
57158604 127809237
57158604 56540955
57158604 54436917
57158604 54436131
57158604 57237530
57158604 54437425
57158604 130283172
57158604 55004463
57158604 68934628
57158604 12227036
57158604 17410238
54631956 54436852
54631956 54968924
54631956 132532341
54631956 57073046
54631956 54967918
54631956 49327467
54631956 57158604
54631956 54436917
54631956 45141920
54631956 54437425
54631956 54438913
54631956 12227036
56979498 71299985
56979498 45471875
56979498 56971326
56979498 54968924
56979498 17580456
56979498 54379761
56979498 132532341
56979498 74550503
56979498 54614747
56979498 39744896
56979498 23799299
56979498 54967918
56979498 67341799
56979498 49327467
56979498 83554756
56979498 56282843
56979498 38542128
56979498 56373868
56979498 56540955
56979498 54436917
56979498 57237530
56979498 54437425
56979498 55004463
56979498 12227036
56979498 17410238
12227036 55004463
12227036 12231849
12227036 57073046
12227036 130283172
12227036 57237530
12227036 57228191
12227036 23799299
12227036 54379761
12227036 54967918
12227036 67855652
12227036 74550503
12227036 56830098
12227036 120079275
12227036 52024843
12227036 68934628
12227036 55002582
12227036 54438462
12227036 17580456
12227036 49327467
12227036 54432507
12227036 57158604
12227036 60076117
12227036 54434638
12227036 56900974
12227036 132532341
12227036 54436917
12227036 54609795
12227036 56373868
12227036 54335162
12227036 114013927
12227036 56970883
12227036 127283297
12227036 71299985
12227036 156722539
12227036 67341799
12227036 45471875
12227036 54437425
12227036 54436852
12227036 45459103
12227036 54968924
12227036 54435482
12227036 54438485
12227036 38542128
12227036 50701897
12227036 56540955
12227036 54434093
12227036 56979498
12227036 56282843
12227036 55058413
12227036 39744896
12227036 127809237
12227036 57234158
12227036 54423270
12227036 56971326
12227036 56971492
12227036 54438913
12227036 83554756
12227036 54626700
12227036 54614747
12227036 11063715
12227036 17410238
114013927 49840025
114013927 54609795
114013927 12227036
299817106 54967918
52024843 120079275
52024843 56900974
52024843 60076117
52024843 54968924
52024843 54438462
52024843 17580456
52024843 54379761
52024843 132532341
52024843 74550503
52024843 54432507
52024843 39744896
52024843 23799299
52024843 57073046
52024843 54609795
52024843 54967918
52024843 49327467
52024843 56830098
52024843 54435482
52024843 83554756
52024843 12231849
52024843 56282843
52024843 56540955
52024843 54436917
52024843 57237530
52024843 54335162
52024843 130283172
52024843 55004463
52024843 12227036
52024843 11063715
52024843 17410238
169538053 17580456
169538053 54432507
169538053 54614747
169538053 54967918
169538053 57158604
169538053 54436917
169538053 57237530
169538053 54438913
169538053 67855652
156722519 54967918
156722519 83554756
56540955 287686903
56540955 56971326
56540955 54967918
56540955 49840025
56540955 120079275
56540955 54438462
56540955 23799299
56540955 156722539
56540955 61069635
56540955 57073046
56540955 127283297
56540955 54968924
56540955 56900974
56540955 17580456
56540955 74550503
56540955 132532341
56540955 127809237
56540955 54614747
56540955 54436852
56540955 57158604
56540955 56282843
56540955 49327467
56540955 60076117
56540955 54432507
56540955 83554756
56540955 54423270
56540955 54438485
56540955 39744896
56540955 52024843
56540955 54435482
56540955 67341799
56540955 54626700
56540955 57234158
56540955 56979498
56540955 54436917
56540955 45141920
56540955 55002582
56540955 54436131
56540955 57237530
56540955 54335162
56540955 54437425
56540955 54438913
56540955 50701897
56540955 55004463
56540955 12227036
56540955 11063715
56540955 17410238
55058413 54967918
55058413 12227036
74550503 120079275
74550503 56900974
74550503 56979498
74550503 54968924
74550503 54438462
74550503 17580456
74550503 54379761
74550503 132532341
74550503 114013927
74550503 54432507
74550503 48993532
74550503 287686938
74550503 54614747
74550503 39744896
74550503 23799299
74550503 52024843
74550503 57073046
74550503 54967918
74550503 49327467
74550503 12231849
74550503 57158604
74550503 57228191
74550503 127809237
74550503 56540955
74550503 54436917
74550503 55002582
74550503 57237530
74550503 54437425
74550503 54438913
74550503 67855652
74550503 130283172
74550503 55004463
74550503 68934628
74550503 12227036
74550503 17410238
54609795 54968924
54609795 54438462
54609795 17580456
54609795 114013927
54609795 54432507
54609795 54626700
54609795 52024843
54609795 57073046
54609795 54967918
54609795 127283297
54609795 56830098
54609795 54617704
54609795 57158604
54609795 54436917
54609795 57237530
54609795 54438913
54609795 130283172
54609795 55004463
54609795 12227036
56971326 54436852
56971326 71299985
56971326 60076117
56971326 45471875
56971326 56979498
56971326 54968924
56971326 54438462
56971326 17580456
56971326 54379761
56971326 1845903
56971326 132532341
56971326 74550503
56971326 54432507
56971326 287686938
56971326 54614747
56971326 23799299
56971326 52024843
56971326 54609795
56971326 54967918
56971326 67341799
56971326 49327467
56971326 54435482
56971326 83554756
56971326 12231849
56971326 54434093
56971326 57158604
56971326 57228191
56971326 56282843
56971326 56540955
56971326 54436917
56971326 54436131
56971326 54335162
56971326 56970883
56971326 54437425
56971326 54438913
56971326 55004463
56971326 45459103
56971326 12227036
56971326 11063715
56971326 17410238
54438462 54423270
54438462 120079275
54438462 71299985
54438462 56900974
54438462 54438485
54438462 60076117
54438462 45471875
54438462 56971326
54438462 17580456
54438462 54379761
54438462 132532341
54438462 74550503
54438462 54432507
54438462 48993532
54438462 54614747
54438462 23799299
54438462 52024843
54438462 57073046
54438462 54609795
54438462 54967918
54438462 127283297
54438462 49327467
54438462 56830098
54438462 54435482
54438462 12231849
54438462 54617704
54438462 57158604
54438462 57228191
54438462 57234158
54438462 38542128
54438462 56540955
54438462 54436917
54438462 57237530
54438462 54335162
54438462 54437425
54438462 54438913
54438462 67855652
54438462 50701897
54438462 130283172
54438462 55004463
54438462 12227036
54438462 17410238
57073046 54436852
57073046 120079275
57073046 54438485
57073046 60076117
57073046 54968924
57073046 54438462
57073046 17580456
57073046 132532341
57073046 74550503
57073046 54432507
57073046 54631956
57073046 23799299
57073046 52024843
57073046 54609795
57073046 54967918
57073046 127283297
57073046 49327467
57073046 56830098
57073046 54617704
57073046 57158604
57073046 57234158
57073046 56540955
57073046 54436917
57073046 57237530
57073046 54335162
57073046 55004463
57073046 12227036
287686938 54436852
287686938 71299985
287686938 156722539
287686938 45471875
287686938 56971326
287686938 54379761
287686938 74550503
287686938 23799299
287686938 210809441
287686938 54967918
287686938 54434093
287686938 56282843
287686938 54436917
287686938 54437425
287686938 54438913
287686938 55004463
67855652 23799299
67855652 54968924
67855652 54438462
67855652 17580456
67855652 54614747
67855652 54436917
67855652 83554756
67855652 132532341
67855652 169538053
67855652 54379761
67855652 54967918
67855652 52024843
67855652 71299985
67855652 74550503
67855652 130283172
67855652 55004463
67855652 12227036
210809441 287686938
210809441 23799299
210809441 54967918
54614747 54436852
54614747 120079275
54614747 71299985
54614747 169538053
54614747 56900974
54614747 54438485
54614747 60076117
54614747 45471875
54614747 56971326
54614747 56979498
54614747 54438462
54614747 17580456
54614747 1845903
54614747 132532341
54614747 74550503
54614747 54432507
54614747 23799299
54614747 54967918
54614747 127283297
54614747 49327467
54614747 56830098
54614747 54435482
54614747 83554756
54614747 54434093
54614747 57158604
54614747 56282843
54614747 127809237
54614747 38542128
54614747 56540955
54614747 54436917
54614747 54335162
54614747 54437425
54614747 67855652
54614747 50701897
54614747 55004463
54614747 12227036
54614747 11063715
54614747 17410238
54438913 56900974
54438913 54967918
54438913 169538053
54438913 54609795
54438913 74550503
54438913 56540955
54438913 57228191
54438913 54434093
54438913 54614747
54438913 54436917
54438913 56970883
54438913 17580456
54438913 49327467
54438913 54437425
54438913 57234158
54438913 54438462
54438913 287686938
54438913 54436852
54438913 57237530
54438913 67341799
54438913 56282843
54438913 54379761
54438913 132532341
54438913 56971326
54438913 23799299
54438913 54631956
54438913 55004463
54438913 12227036
54438913 17410238
45472502 49840025
45472502 54438485
45472502 54967918
45472502 12227036
300828876 54967918
83554756 54967918
83554756 132532341
83554756 23799299
83554756 71299985
83554756 56979498
83554756 54379761
83554756 56971326
83554756 54432507
83554756 54436852
83554756 54614747
83554756 156722519
83554756 52024843
83554756 54968924
83554756 49327467
83554756 57158604
83554756 56282843
83554756 57234158
83554756 54436917
83554756 555262005
83554756 67855652
83554756 55004463
83554756 68934628
83554756 12227036
83554756 17410238
169530426 12227036
169530426 54617704
169530426 54967918
54967918 61069635
54967918 54436852
54967918 120079275
54967918 45355800
54967918 56971326
54967918 54438462
54967918 17580456
54967918 74550503
54967918 52024843
54967918 54609795
54967918 127283297
54967918 49327467
54967918 12231849
54967918 57158604
54967918 57228191
54967918 55002582
54967918 54436131
54967918 57237530
54967918 50701897
54967918 130283172
54967918 55004463
54967918 45459103
54967918 12227036
54626700 56900974
54626700 17580456
54626700 132532341
54626700 54609795
54626700 54967918
54626700 56540955
54626700 54436917
54626700 54437425
54626700 55004463
54626700 12227036
