836612382 50215655
79801830 637954130
328227689 643526940
328227689 421496881
21545498 643526940
21545498 152920445
21545498 57643719
21545498 152929231
21545498 57643414
21545498 23853847
21545498 152956889
58335476 643526940
58335476 833513188
58335476 152501885
58335476 44758471
58335476 175151521
28837863 643526940
57975642 643526940
23853847 67521618
23853847 21545498
23853847 57643719
23853847 58423161
23853847 57643414
23853847 152920445
23853847 643526940
23853847 152501885
23853847 152692600
23853847 152670057
494806498 643526940
152670057 643526940
96800847 643526940
680726248 643526940
833306136 643526940
833343861 643526940
44758471 58335476
44758471 643526940
44758471 152929231
44758471 152956889
322205878 643526940
833513188 58335476
833513188 643526940
806275270 643526940
673618642 637954130
175151521 58335476
175151521 643526940
13899963 643526940
67521618 23853847
67521618 30966445
804853828 637954130
836114638 643526940
421496881 643526940
806242768 643526940
806242768 37126262
128410593 643526940
128410593 637954130
57607359 643526940
57607359 67521618
833359533 643526940
812454006 643526940
215711047 637954130
152787790 643526940
152501885 58335476
152501885 643526940
152501885 57643719
152501885 23853847
152501885 152670057
152924147 643526940
152519364 643526940
638031433 643526940
638031433 3617634
806236009 643526940
500818893 643526940
459441336 643526940
582241268 804076335
152692600 643526940
152692600 57643414
152692600 23853847
54582068 637954130
73719017 637954130
812516241 643526940
147872501 643526940
52450086 643526940
58423161 23853847
20840418 637954130
46369332 637954130
812528379 643526940
812449759 643526940
8008065 643526940
57643414 152692600
57643414 21545498
57643414 57643719
57643414 643526940
57643414 23853847
804076335 643526940
804076335 582241268
57643719 152501885
57643719 21545498
57643719 57643414
57643719 23853847
57643719 152956889
152956889 23853847
152956889 21545498
152956889 643526940
3617634 638031433
152929231 643526940
152929231 21545498
152929231 44758471
152929231 152956889
80351515 643526940
152920445 643526940
152920445 44758471
152920445 21545498
152920445 23853847
421499354 643526940
50215655 643526940
50215655 637954130
604103235 643526940
37126262 806242768
37126262 23853847
65263099 23853847
30966445 67521618
30966445 643526940
