134869120 455634689
134869120 323023736
134869120 645193425
108261784 505428912
108261784 163980582
99169039 76116821
364937472 76116821
73874253 76116821
18047721 76116821
18047721 130946055
67603654 260521433
67603654 404620411
20099357 76116821
155578050 76116821
323023736 76116821
323023736 134869120
154920728 77682691
166618750 76116821
130946055 18047721
645193425 134869120
455634689 308059646
455634689 134869120
455634689 113994055
289192806 237362401
237362401 289192806
237362401 368949317
404620411 67603654
144530302 76116821
144530302 260521433
144530302 140840277
144530302 184811812
135167392 741165392
135167392 368949317
579011798 76116821
77682691 76116821
77682691 154920728
184811812 76116821
184811812 368949317
184811812 144530302
298803568 76116821
298803568 260521433
163980953 315406831
741694891 76116821
741694891 216090362
76116821 18047721
76116821 73874253
16447910 34307702
73150536 746424686
73150536 611831435
309002959 76116821
380276132 76116821
611831435 746424686
611831435 73150536
308059646 455634689
140840277 260521433
140840277 144530302
30113755 76116821
93766951 260521433
93766951 76116821
368949317 135167392
505428912 108261784
113994055 455634689
746424686 73150536
746424686 611831435
260521433 76116821
260521433 93766951
260521433 140840277
260521433 67603654
260521433 298803568
260521433 34307702
260521433 144530302
109886821 76116821
216090362 741694891
34307702 76116821
34307702 260521433
34307702 16447910
135167713 741165392
104360505 125401156
741165392 135167392
741165392 76116821
741165392 135167713
741165392 163980953
125401156 104360505
182094944 76116821
166662773 76116821
