210267433 57847232
210267433 19075432
210267433 3422521
581916707 57847232
581916707 359367121
581916707 24888506
581916707 35147951
581916707 57652931
581916707 145458636
581916707 581044054
581916707 175151436
581916707 57648554
581916707 57653024
581916707 19075432
581916707 152571782
581916707 57649055
581607168 24888506
298835631 27448198
298835631 57847232
298835631 175151436
298835631 57652357
152571782 57648554
152571782 601626171
152571782 19075432
152571782 24888506
152571782 57847232
152571782 551257329
152571782 359367121
152571782 17143989
152571782 152482343
152571782 57653024
152571782 581916707
152571782 57649055
152571782 57652357
41638960 57646217
41638960 68900943
57652931 152820218
57652931 6621963
57652931 57847232
57652931 359367121
57652931 24888506
57652931 35147951
57652931 145458636
57652931 581916707
57652931 581044054
57652931 175151436
57652931 152482343
57652931 57648554
57652931 57653024
57652931 19075432
57652931 57649055
57652931 57652357
3422521 57847232
3422521 145458636
3422521 57648724
3422521 210267433
3422521 57645188
3422521 152688511
3422521 57653024
6621963 57651757
6621963 57644736
6621963 57847232
6621963 44758330
6621963 57652931
6621963 82711116
6621963 57650259
6621963 58424256
6621963 57645188
6621963 175151436
6621963 57648554
6621963 19075432
6621963 57652357
175515016 24888506
49324967 57649055
582286901 152482343
57652357 6621963
57652357 145458636
57652357 102326066
57652357 57645188
57652357 57847232
57652357 298835631
57652357 19075432
57652357 57648554
57652357 57644736
57652357 57649055
57652357 24888506
57652357 57652931
57652357 57650259
57652357 145456274
57652357 152571782
57652357 359367121
57652357 152482343
57652357 57653024
57652357 581044054
57652357 551257329
57652357 175151436
57652357 152500927
57652357 210196939
527949272 540773833
527949272 836612828
527949272 57612515
692157605 57612515
24888506 130523993
24888506 57650259
24888506 57651757
24888506 57645188
24888506 210196939
24888506 58424256
24888506 145456274
24888506 57644736
24888506 57847232
24888506 368612888
24888506 359367121
24888506 551257329
24888506 44758330
24888506 35147951
24888506 107496225
24888506 17143989
24888506 57652931
24888506 581607168
24888506 175543242
24888506 145458636
24888506 57612515
24888506 175515016
24888506 581044054
24888506 175151436
24888506 152482343
24888506 57648554
24888506 57653024
24888506 19075432
24888506 152571782
24888506 57649055
24888506 57652357
77156970 175151436
77156970 57648554
77156970 57653024
77156970 19075432
57847232 130523993
57847232 57650259
57847232 57651757
57847232 57645188
57847232 58055855
57847232 601626171
57847232 152500927
57847232 27448198
57847232 210196939
57847232 216085160
57847232 6621963
57847232 58424256
57847232 145456274
57847232 57644736
57847232 57648724
57847232 210267433
57847232 359367121
57847232 24888506
57847232 44758330
57847232 582284422
57847232 35147951
57847232 107496225
57847232 298835631
57847232 57652931
57847232 82640744
57847232 145458636
57847232 581044054
57847232 102326066
57847232 175151436
57847232 152482343
57847232 57648554
57847232 57653024
57847232 19075432
57847232 152571782
57847232 3422521
57847232 57649055
57847232 57652357
152929526 152482343
152929526 19075432
359367121 58424256
359367121 57847232
359367121 24888506
359367121 57652931
359367121 581916707
359367121 581044054
359367121 175151436
359367121 57648554
359367121 57653024
359367121 19075432
359367121 152571782
359367121 57649055
359367121 57652357
102326066 35147951
102326066 57847232
102326066 175151436
102326066 57648554
102326066 19075432
102326066 3422521
107496225 57847232
107496225 24888506
107496225 44758330
107496225 17143989
107496225 145458636
107496225 175151436
107496225 57648554
107496225 57653024
107496225 19075432
107496225 152571782
107496225 57649055
35147951 57650259
35147951 57847232
35147951 24888506
35147951 57652931
35147951 57646217
35147951 145458636
35147951 581916707
35147951 102326066
35147951 175151436
35147951 152482343
35147951 57648554
35147951 57653024
35147951 19075432
35147951 57649055
581199781 152520233
179576381 45161093
179576381 57646217
152688511 57646217
130523993 57847232
130523993 24888506
130523993 175151436
130523993 57648554
130523993 19075432
130523993 57649055
152482343 145458636
152482343 210196939
152482343 24888506
152482343 175151436
152482343 582286901
152482343 35147951
152482343 57650259
152482343 152929526
152482343 581044054
152482343 58424256
152482343 57652931
152482343 57648554
152482343 57653024
152482343 19075432
152482343 152571782
152482343 57649055
152482343 57652357
19075432 57847232
19075432 57646217
19075432 6621963
19075432 582284422
19075432 57644736
19075432 17143989
19075432 210267433
19075432 57648724
19075432 57648554
19075432 58424256
19075432 57652931
19075432 57650713
19075432 24888506
19075432 57650259
19075432 35147951
19075432 57649167
19075432 57651757
19075432 551257329
19075432 57653024
19075432 130523993
19075432 210196939
19075432 216085160
19075432 107496225
19075432 52578317
19075432 601626171
19075432 102326066
19075432 152929526
19075432 77156970
19075432 57645188
19075432 601668080
19075432 145456274
19075432 359367121
19075432 581044054
19075432 82640744
19075432 152482343
19075432 581916707
19075432 152520233
19075432 172739042
19075432 25394691
19075432 368612888
19075432 145458636
19075432 152571782
19075432 57649055
19075432 57652357
582873321 581235332
582873321 57651757
57646217 58424256
57646217 58164539
57646217 179576381
57646217 35147951
57646217 152688511
57646217 41638960
57646217 145458636
57646217 19075432
210195543 57653024
582284422 57847232
582284422 19075432
57648724 57650259
57648724 58424256
57648724 57847232
57648724 508924768
57648724 145458636
57648724 57648554
57648724 19075432
57648724 3422521
57648724 57649055
45161093 179576381
58055855 57847232
57651757 582873321
57651757 6621963
57651757 57644736
57651757 57847232
57651757 210267433
57651757 24888506
57651757 145458636
57651757 57648554
57651757 57653024
57651757 19075432
57651757 57649055
57649055 19075432
57649055 57847232
57649055 17143989
57649055 58424256
57649055 57648724
57649055 145458636
57649055 130523993
57649055 57648554
57649055 57650259
57649055 57652931
57649055 57651757
57649055 35147951
57649055 210196939
57649055 24888506
57649055 57653024
57649055 57645188
57649055 359367121
57649055 145456274
57649055 175151436
57649055 152482343
57649055 581916707
57649055 172739042
57649055 152571782
57649055 581044054
57649055 107496225
57649055 368612888
57649055 49324967
57649055 57612515
57649055 44758330
57649055 57652357
82711116 6621963
209631696 210196939
209631696 52578317
601668080 57648554
152500927 57847232
152500927 57648554
152500927 57653024
152500927 57652357
152820218 57652931
152820218 57653024
175151436 57652931
175151436 145458636
175151436 359367121
175151436 6621963
175151436 24888506
175151436 57847232
175151436 601626171
175151436 581916707
175151436 57650259
175151436 58424256
175151436 130523993
175151436 581044054
175151436 82640744
175151436 210196939
175151436 102326066
175151436 172739042
175151436 368612888
175151436 35147951
175151436 107496225
175151436 57644736
175151436 44758330
175151436 145456274
175151436 298835631
175151436 152482343
175151436 57648554
175151436 57653024
175151436 57649055
175151436 57652357
82640744 57650259
82640744 216085160
82640744 57847232
82640744 145458636
82640744 551257329
82640744 57645188
82640744 175151436
82640744 152482343
82640744 57648554
82640744 57653024
82640744 19075432
57650259 210196939
57650259 57847232
57650259 57648724
57650259 24888506
57650259 35147951
57650259 82640744
57650259 145458636
57650259 6621963
57650259 57645188
57650259 175151436
57650259 152482343
57650259 57648554
57650259 57653024
57650259 19075432
57650259 57649055
57650259 57652357
44758330 57645188
44758330 27448198
44758330 6621963
44758330 57847232
44758330 24888506
44758330 107496225
44758330 175151436
44758330 57648554
44758330 57653024
44758330 19075432
44758330 152571782
44758330 57649055
368612888 57847232
368612888 24888506
368612888 175151436
368612888 57648554
368612888 19075432
368612888 57649055
145456274 210196939
145456274 57847232
145456274 24888506
145456274 17143989
145456274 145458636
145456274 175151436
145456274 57648554
145456274 57653024
145456274 19075432
145456274 57649055
145456274 57652357
145458636 57650259
145458636 57651757
145458636 601626171
145458636 210196939
145458636 58424256
145458636 145456274
145458636 57644736
145458636 57847232
145458636 57648724
145458636 24888506
145458636 35147951
145458636 107496225
145458636 57652931
145458636 57646217
145458636 82640744
145458636 581916707
145458636 581044054
145458636 175151436
145458636 152482343
145458636 57648554
145458636 57653024
145458636 19075432
145458636 3422521
145458636 57649055
145458636 57652357
508924768 57648724
57645188 57847232
57645188 24888506
57645188 44758330
57645188 57650259
57645188 6621963
57645188 82640744
57645188 57648554
57645188 19075432
57645188 3422521
57645188 57649055
57645188 57652357
57612515 540773833
57612515 24888506
57612515 836612828
57612515 527949272
57612515 692157605
57612515 57649055
68900943 41638960
25394691 19075432
601626171 57847232
601626171 107496225
601626171 145458636
601626171 175151436
601626171 19075432
601626171 152571782
836612828 57612515
836612828 527949272
540773833 527949272
540773833 57612515
172739042 175151436
172739042 19075432
172739042 57649055
57653024 57847232
57653024 57651757
57653024 57652931
57653024 82640744
57653024 57648554
57653024 210195543
57653024 57650259
57653024 145458636
57653024 24888506
57653024 152820218
57653024 17143989
57653024 359367121
57653024 145456274
57653024 551257329
57653024 175151436
57653024 152482343
57653024 210196939
57653024 58424256
57653024 44758330
57653024 581044054
57653024 581916707
57653024 35147951
57653024 107496225
57653024 152500927
57653024 77156970
57653024 19075432
57653024 152571782
57653024 3422521
57653024 57649055
57653024 57652357
269212389 175151436
269212389 57648554
551257329 24888506
551257329 57648554
551257329 57653024
551257329 19075432
551257329 152571782
551257329 57652357
581235332 582873321
152520233 581199781
152520233 19075432
58424256 57847232
58424256 57648724
58424256 359367121
58424256 24888506
58424256 52578317
58424256 17143989
58424256 57646217
58424256 145458636
58424256 581044054
58424256 6621963
58424256 175151436
58424256 152482343
58424256 57648554
58424256 57653024
58424256 19075432
58424256 57649055
17143989 145456274
17143989 24888506
17143989 57650713
17143989 581916707
17143989 57648554
17143989 57653024
17143989 19075432
17143989 57649055
210196939 57650259
210196939 145456274
210196939 209631696
210196939 57847232
210196939 24888506
210196939 107496225
210196939 145458636
210196939 175151436
210196939 152482343
210196939 57648554
210196939 57653024
210196939 19075432
210196939 57649055
210196939 57652357
175543242 24888506
57644736 57651757
57644736 6621963
57644736 57847232
57644736 24888506
57644736 145458636
57644736 175151436
57644736 57648554
57644736 19075432
57644736 57649055
57644736 57652357
57649167 19075432
58280870 601626365
58280870 152573834
152483041 57648554
216085160 57644736
216085160 57847232
216085160 82640744
216085160 57650713
216085160 57648554
216085160 19075432
27448198 57847232
27448198 44758330
27448198 298835631
27448198 3422521
601626365 57847232
601626365 24888506
601626365 58280870
581044054 58424256
581044054 57847232
581044054 24888506
581044054 57652931
581044054 145458636
581044054 581916707
581044054 175151436
581044054 152482343
581044054 57648554
581044054 57653024
581044054 19075432
581044054 57649055
581044054 57652357
57650713 17143989
57650713 216085160
57650713 57648554
57650713 19075432
52578317 58424256
52578317 209631696
52578317 19075432
152573834 58280870
57648554 6621963
57648554 57645188
57648554 57847232
57648554 82640744
57648554 57644736
57648554 57651757
57648554 44758330
57648554 57648724
57648554 107496225
57648554 145458636
57648554 57650259
57648554 57652931
57648554 24888506
57648554 17143989
57648554 35147951
57648554 269212389
57648554 601668080
57648554 130523993
57648554 102326066
57648554 58424256
57648554 216085160
57648554 152820218
57648554 359367121
57648554 152482343
57648554 145456274
57648554 152483041
57648554 152500927
57648554 175151436
57648554 581044054
57648554 57650713
57648554 368612888
57648554 581916707
57648554 57653024
57648554 19075432
57648554 152571782
57648554 57649055
57648554 57652357
