152920185 152499002
152920185 58136417
152920185 634063987
479365450 58136417
479365450 152567131
152498817 58136417
126740545 47854437
126740545 58136417
152567131 152499002
152567131 834053949
152567131 224313687
152567131 540778896
152567131 98820494
152567131 806271951
152567131 152479031
152567131 58136417
152567131 634063987
152567131 57647090
152567131 152674666
152567131 138561053
152567131 152592664
152567131 38923623
152567131 210208597
152567131 50604835
152567131 10143296
152567131 643623152
834053949 58136417
834053949 152567131
39091909 57648645
39091909 58136417
39091909 57647090
39091909 643623152
214885712 57648645
214885712 58136417
152499002 224313687
152499002 155830427
152499002 564007147
152499002 540778896
152499002 603168689
152499002 643623152
152499002 50604835
152499002 38923623
152499002 152592664
152499002 634063987
152499002 58136417
152499002 152475929
152499002 152567131
152499002 806242001
152499002 152479031
152475464 58136417
152475464 129409358
152475464 50604835
152475464 643623152
25028148 58136417
152592664 152499002
152592664 32555912
152592664 540778896
152592664 98820494
152592664 152479031
152592664 152567131
152592664 57648645
152592664 58136417
152592664 634063987
152592664 57647090
152592664 38923623
152592664 38116248
152592664 50604835
10143296 32555912
10143296 50604835
10143296 152674666
10143296 58136417
10143296 564007147
10143296 152479031
10143296 38923623
10143296 152567131
10143296 224313687
10143296 98820494
10143296 806242001
10143296 634063987
10143296 643623152
98820494 152499002
98820494 224313687
98820494 564007147
98820494 152479031
98820494 806242001
98820494 152567131
98820494 58376659
98820494 58136417
98820494 634063987
98820494 57647090
98820494 152674666
98820494 138561053
98820494 152592664
98820494 38923623
98820494 152473130
98820494 210208597
98820494 152724875
98820494 490446967
98820494 10143296
98820494 643623152
490446967 103494408
490446967 634063987
490446967 14784525
490446967 58136417
490446967 152475929
490446967 728419212
490446967 152567131
490446967 98820494
490446967 57647090
490446967 138561053
490446967 564007147
490446967 50604835
490446967 224313687
490446967 643623152
581720157 643623152
581720157 58136417
152531122 58136417
581073030 98820494
581073030 152567131
581073030 57648645
581073030 58136417
581073030 634063987
581073030 138561053
581073030 38923623
581073030 643623152
152701006 210195738
152701006 152567131
152701006 57648645
152510779 58136417
32555912 155830427
32555912 14784525
32555912 152592664
32555912 10143296
367599608 58136417
54246943 224313687
54246943 155830427
54246943 152479031
54246943 152567131
54246943 58136417
54246943 634063987
54246943 152921270
54246943 152674666
54246943 138561053
54246943 38923623
54246943 643623152
152475929 152499002
152475929 224313687
152475929 155830427
152475929 98820494
152475929 152479031
152475929 152567131
152475929 58136417
152475929 634063987
152475929 152674666
152475929 38923623
152475929 643623152
152475929 490446967
3764059 57648645
3764059 58136417
3764059 129409358
634063987 47854437
634063987 152499002
634063987 224313687
634063987 54246943
634063987 806232441
634063987 564007147
634063987 540778896
634063987 98820494
634063987 603168689
634063987 806271951
634063987 152479031
634063987 806242001
634063987 152567131
634063987 758007566
634063987 152475929
634063987 152541942
634063987 58136417
634063987 57647090
634063987 152674666
634063987 152920185
634063987 138561053
634063987 152592664
634063987 38923623
634063987 152473130
634063987 50604835
634063987 490446967
806242001 152499002
806242001 224313687
806242001 540778896
806242001 806271951
806242001 152479031
806242001 10143296
806242001 643623152
806242001 50604835
806242001 152674666
806242001 57647090
806242001 634063987
806242001 58136417
806242001 152567131
39578875 14784525
39578875 152727837
39578875 152473130
39578875 210208597
152541942 540778896
152541942 152567131
152541942 58136417
152541942 634063987
152541942 57647090
152541942 138561053
152541942 643623152
58300991 58136417
758007566 643623152
758007566 634063987
758007566 58136417
758007566 152567131
152819599 564007147
152819599 152479031
152819599 152567131
152819599 58136417
152819599 634063987
152819599 643623152
152890812 58136417
812448449 152567131
812448449 58136417
812448449 643623152
152921270 54246943
152921270 155830427
152921270 540778896
152921270 98820494
152921270 152479031
152921270 152567131
152921270 58136417
152921270 634063987
152921270 129409358
152921270 152674666
152921270 643623152
728419212 643623152
728419212 490446967
728419212 58136417
728419212 152567131
728419212 224313687
152674666 224313687
152674666 155830427
152674666 564007147
152674666 98820494
152674666 806271951
152674666 152479031
152674666 806242001
152674666 152567131
152674666 58136417
152674666 634063987
152674666 152921270
152674666 57647090
152674666 38923623
152674666 10143296
152674666 643623152
152663236 58136417
152919773 58136417
152473130 224313687
152473130 540778896
152473130 98820494
152473130 58136417
152473130 634063987
152473130 39578875
152473130 57647090
152473130 38923623
152473130 210208597
152473130 50604835
152473130 643623152
103494408 490446967
58104202 152479031
58104202 152567131
58104202 58136417
58104202 643623152
50604835 57647090
50604835 155830427
50604835 210195738
50604835 152727837
50604835 806242001
50604835 38923623
50604835 98820494
50604835 152567131
50604835 152479031
50604835 152499002
50604835 152592664
50604835 58136417
50604835 634063987
50604835 643623152
50604835 10143296
152724875 634063987
152724875 224313687
152724875 58136417
152724875 98820494
152724875 57648645
152724875 152479031
152724875 643623152
57643529 138561053
57647090 47854437
57647090 155830427
57647090 540778896
57647090 98820494
57647090 152479031
57647090 806242001
57647090 152567131
57647090 57648645
57647090 57847333
57647090 210228475
57647090 152541942
57647090 58136417
57647090 634063987
57647090 129409358
57647090 152674666
57647090 138561053
57647090 152592664
57647090 39091909
57647090 38923623
57647090 152473130
57647090 210208597
57647090 50604835
57647090 490446967
57647090 643623152
38923623 47854437
38923623 581073030
38923623 224313687
38923623 564007147
38923623 98820494
38923623 806271951
38923623 38116248
38923623 152479031
38923623 806242001
38923623 152567131
38923623 152475929
38923623 58136417
38923623 634063987
38923623 152674666
38923623 138561053
38923623 152592664
38923623 50604835
38923623 643623152
38923623 10143296
14784525 155830427
14784525 129409358
152896722 155830427
152896722 58136417
57648645 581073030
57648645 3764059
57648645 155830427
57648645 210195738
57648645 152475464
57648645 152701006
57648645 57847333
57648645 214885712
57648645 634063987
57648645 39578875
57648645 129409358
57648645 57647090
57648645 152592664
57648645 152727837
57648645 39091909
57648645 38923623
57648645 152724875
152713999 634063987
152713999 58136417
152713999 152479031
152713999 152567131
152713999 643623152
152582316 54246943
152582316 540778896
152582316 152479031
152582316 14784525
152582316 58136417
152582316 634063987
210208597 224313687
210208597 603168689
210208597 138561053
210208597 98820494
210208597 155830427
210208597 152567131
210208597 57647090
210208597 58136417
38116248 152592664
58136417 47854437
58136417 152545160
58136417 152499002
58136417 581073030
58136417 25028148
58136417 3764059
58136417 224313687
58136417 54246943
58136417 155830427
58136417 152602724
58136417 564007147
58136417 540778896
58136417 98820494
58136417 220130671
58136417 806271951
58136417 152479031
58136417 806242001
58136417 58104202
58136417 152475464
58136417 728419212
58136417 152567131
58136417 58376659
58136417 152475929
58136417 152819599
58136417 58300991
58136417 210228475
58136417 152541942
58136417 634063987
58136417 39578875
58136417 152921270
58136417 57643529
58136417 129409358
58136417 57647090
58136417 152674666
58136417 138561053
58136417 152592664
58136417 152727837
58136417 582637358
58136417 39091909
58136417 38923623
58136417 152473130
58136417 581720157
58136417 210208597
58136417 152724875
58136417 152919773
58136417 152713999
58136417 50604835
58136417 152663236
58136417 490446967
58136417 643623152
58136417 10143296
224313687 47854437
224313687 152499002
224313687 54246943
224313687 155830427
224313687 564007147
224313687 540778896
224313687 98820494
224313687 806271951
224313687 152479031
224313687 806242001
224313687 728419212
224313687 152567131
224313687 152475929
224313687 152541942
224313687 58136417
224313687 634063987
224313687 129409358
224313687 152674666
224313687 138561053
224313687 38923623
224313687 152473130
224313687 210208597
224313687 152724875
224313687 50604835
224313687 490446967
224313687 643623152
224313687 10143296
581337076 806232441
581337076 58136417
806232441 152479031
806232441 58136417
806232441 634063987
806232441 581337076
806232441 643623152
58376659 58136417
564007147 47854437
564007147 152499002
564007147 224313687
564007147 540778896
564007147 98820494
564007147 806271951
564007147 152479031
564007147 806242001
564007147 152567131
564007147 152819599
564007147 58136417
564007147 643623152
564007147 490446967
564007147 38923623
564007147 138561053
564007147 152674666
564007147 634063987
210228475 155830427
210228475 58136417
210228475 57647090
603168689 152499002
603168689 152567131
603168689 58136417
603168689 634063987
603168689 210208597
603168689 10143296
603168689 643623152
129409358 3764059
129409358 224313687
129409358 155830427
129409358 152475464
129409358 57648645
129409358 14784525
129409358 57847333
129409358 58136417
129409358 152921270
129409358 57647090
129409358 138561053
129409358 643623152
138561053 581073030
138561053 224313687
138561053 155830427
138561053 564007147
138561053 98820494
138561053 806271951
138561053 152479031
138561053 806242001
138561053 58104202
138561053 152567131
138561053 152541942
138561053 58136417
138561053 634063987
138561053 129409358
138561053 57647090
138561053 38923623
138561053 57643529
138561053 490446967
138561053 643623152
57847333 57648645
57847333 129409358
57847333 57647090
210195738 57648645
210195738 152701006
210195738 50604835
47854437 224313687
47854437 564007147
47854437 152479031
47854437 58136417
47854437 634063987
47854437 57647090
47854437 38923623
47854437 643623152
152545160 58136417
806271951 224313687
806271951 564007147
806271951 643623152
806271951 38923623
806271951 138561053
806271951 152674666
806271951 634063987
806271951 58136417
806271951 152567131
806271951 806242001
806271951 152479031
643623152 138561053
643623152 152499002
643623152 58104202
643623152 603168689
643623152 152724875
643623152 38923623
643623152 98820494
643623152 152479031
643623152 224313687
643623152 50604835
643623152 152713999
643623152 152674666
643623152 152475929
643623152 47854437
643623152 581073030
643623152 152541942
643623152 806232441
643623152 39091909
643623152 152475464
643623152 129409358
643623152 152819599
643623152 58136417
643623152 564007147
643623152 152567131
643623152 152921270
643623152 10143296
155830427 152499002
155830427 581073030
155830427 224313687
155830427 54246943
155830427 32555912
155830427 98820494
155830427 14784525
155830427 152475929
155830427 58300991
155830427 210228475
155830427 634063987
155830427 152921270
155830427 129409358
155830427 152674666
155830427 138561053
155830427 582637358
155830427 581720157
155830427 210208597
155830427 152724875
155830427 152919773
155830427 50604835
155830427 643623152
155830427 10143296
152479031 47854437
152479031 224313687
152479031 98820494
152479031 603168689
152479031 806271951
152479031 806242001
152479031 58104202
152479031 152567131
152479031 152475929
152479031 58136417
152479031 634063987
152479031 152674666
152479031 138561053
152479031 152592664
152479031 38923623
152479031 152724875
152479031 152713999
152479031 643623152
152479031 50604835
152727837 58136417
152727837 39578875
152727837 50604835
540778896 152499002
540778896 224313687
540778896 155830427
540778896 152582316
540778896 564007147
540778896 98820494
540778896 152479031
540778896 806242001
540778896 152567131
540778896 152541942
540778896 58136417
540778896 634063987
540778896 152921270
540778896 57647090
540778896 152592664
540778896 38923623
540778896 152473130
540778896 643623152
101698270 58136417
