128472258 754813201
54432507 61239620
54432507 58129993
54432507 55252259
54432507 10636575
54432507 11330244
54340636 84161538
11330244 58129993
11330244 61239620
11330244 138591366
11330244 4471455
11330244 54432507
11330244 70019458
11330244 37378638
754813201 128472258
58129993 61239620
58129993 54432507
58129993 127185930
58129993 11330244
8583806 127895815
8583806 127185930
4471455 11330244
84680150 64811215
34627748 35593349
213659013 127185930
45153664 127185930
32036649 127895815
127895815 8583806
127895815 32036649
84161538 54340636
127185930 8583806
138591366 11330244
70019458 11330244
61239620 58129993
61239620 54432507
61239620 11330244
55252259 54432507
49507891 127185930
35593349 34627748
836610509 515324961
515324961 836610509
37378638 11330244
