755454126 127175074
582181911 127175074
24346756 101697828
24346756 831713340
24346756 127175074
24346756 178071506
177314136 127175074
19841344 127175074
179695205 127175074
57649301 68779948
57649301 177314136
57649301 127175074
34511398 127175074
836613799 127175074
582662698 127175074
127981812 57653037
127981812 101697828
127981812 69161002
127981812 19447594
127981812 31415083
127981812 48525362
127981812 57646248
152907876 127175074
152907876 19447594
152907876 48525362
216458051 127175074
482005262 127175074
152928534 127175074
152928534 31415083
82644406 68779948
82644406 6188397
82644406 127175074
82644406 8040059
828293 127175074
69161002 127175074
69161002 19447594
69161002 8040059
69161002 127981812
620783030 127175074
620783030 19447594
834037391 127175074
836613648 127175074
152885602 127175074
152732197 127175074
152732197 8040059
581076978 8040059
830299936 127175074
152891939 127175074
127311971 127175074
127311971 8040059
101695546 127175074
101695546 19447594
101695546 8040059
44471821 127175074
44471821 19447594
152688969 127175074
300316543 127175074
300316543 19447594
152819270 127175074
152819270 19447594
152819270 152732197
152819270 10024737
152819270 58305488
251832187 127175074
251832187 31415083
251972141 127175074
12809434 57653037
12809434 127175074
12809434 31415083
30044873 127175074
210187752 69161002
210187752 127175074
210187752 44471821
147840325 127175074
6188397 57653037
6188397 68779948
6188397 152619368
6188397 127175074
6188397 19447594
6188397 152592912
6188397 82644406
6188397 31415083
6188397 57646248
68779948 57649301
68779948 152619368
68779948 6188397
68779948 127175074
68779948 19447594
68779948 82644406
68779948 35354086
68779948 57646248
78579878 127175074
101697828 127175074
101697828 19447594
101697828 44471821
101697828 35354086
101697828 127981812
152787423 127175074
582147113 127175074
152941652 57653037
152941652 127175074
152941652 217177359
298853084 127175074
57653037 152941652
57653037 12809434
57653037 152619368
57653037 6188397
57653037 127175074
57653037 210243299
57653037 48525362
57653037 127981812
57653037 10024737
57653037 31415083
57653037 152592912
57653037 93076028
152727498 127175074
728655086 127175074
831713340 127175074
58157071 127175074
58157071 152819270
58157071 58305488
83261117 127175074
200380701 127175074
58305488 10024737
58305488 127175074
58305488 19447594
58305488 152819270
58305488 58157071
534068523 127175074
93437536 93076028
31415083 152928534
31415083 12809434
31415083 68779948
31415083 152619368
31415083 69161002
31415083 6188397
31415083 127175074
31415083 19447594
31415083 44471821
31415083 35354086
31415083 251832187
31415083 127981812
31415083 10024737
31415083 57653037
31415083 57646248
152592912 6188397
152592912 127175074
152592912 57653037
152592912 217177359
58163819 127175074
93076028 127175074
93076028 19447594
93076028 93437536
93076028 48525362
93076028 57653037
93076028 57646248
836612158 127175074
152619368 57653037
152619368 68779948
152619368 6188397
152619368 127175074
152619368 19447594
152619368 152727498
152619368 31415083
152619368 48525362
152619368 10024737
152619368 57646248
225020094 127175074
178071506 24346756
178071506 127175074
178071506 8040059
178071506 31415083
10024737 57653037
10024737 152619368
10024737 127175074
10024737 152819270
10024737 8040059
10024737 31415083
10024737 57646248
10024737 58305488
210243299 57653037
210243299 127175074
210243299 19447594
366031317 127175074
48525362 57653037
48525362 152907876
48525362 68779948
48525362 152619368
48525362 127175074
48525362 19447594
48525362 127981812
48525362 93076028
543393799 127175074
8040059 69161002
8040059 127175074
8040059 19447594
8040059 152732197
8040059 178071506
8040059 101695546
8040059 10024737
57646248 127981812
57646248 127175074
57646248 19447594
57646248 152907876
57646248 6188397
57646248 68779948
57646248 93076028
57646248 152941652
57646248 31415083
57646248 10024737
57646248 35354086
57646248 152619368
58087449 127175074
675100462 127175074
82668228 127175074
35354086 68779948
35354086 127175074
35354086 19447594
35354086 31415083
35354086 57646248
19447594 300316543
19447594 152907876
19447594 68779948
19447594 152619368
19447594 69161002
19447594 6188397
19447594 127175074
19447594 620783030
19447594 44471821
19447594 152819270
19447594 35354086
19447594 101695546
19447594 210243299
19447594 8040059
19447594 31415083
19447594 48525362
19447594 127981812
19447594 93076028
19447594 57646248
19447594 58305488
62201048 127175074
217177359 127175074
217177359 152592912
