756765897 57646368
756765897 26179196
756765897 57650176
756765897 64545408
58157433 82152881
58157433 26179196
58157433 64545408
29720561 127439080
152627520 64545408
168906065 64545408
127439080 57645510
127439080 29720561
127439080 72125330
127439080 64545408
58091957 36903463
58091957 57650176
58091957 57646368
58091957 64545408
44921986 152595147
44921986 581469505
44921986 85053282
44921986 64545408
149548860 57646368
149548860 57649583
149548860 152578542
149548860 152934875
149548860 26179196
149548860 123730558
149548860 210210837
149548860 57645510
149548860 210277783
149548860 10234314
149548860 76022498
149548860 82152881
149548860 152784955
149548860 64545408
152931199 64545408
152728673 36903463
152728673 152934875
152728673 57645510
152728673 57646368
152728673 152784955
152728673 64545408
44239025 127439080
806250989 64545408
50901762 64545408
152934875 149548860
152934875 152567575
152934875 57646368
152934875 36903463
152934875 152728673
152934875 64545408
10234314 36903463
10234314 26179196
10234314 57646368
10234314 149548860
10234314 64545408
152595147 57646368
152595147 44921986
152595147 64545408
152578542 149548860
152578542 36903463
152578542 82152881
152578542 64545408
152727950 64545408
82152881 57646368
82152881 57649583
82152881 152929875
82152881 36903463
82152881 152578542
82152881 26179196
82152881 57650176
82152881 58157433
82152881 123730558
82152881 210210837
82152881 57645510
82152881 107496173
82152881 149548860
82152881 76022498
82152881 57650159
82152881 64545408
57649583 149548860
57649583 57646368
57649583 36903463
57649583 82152881
57649583 26179196
57649583 57645510
57649583 57650159
57649583 64545408
199730804 64545408
728411694 55284343
728411694 64545408
152731503 152797158
152731503 57645510
152731503 26179196
152731503 57646368
152731503 152929875
152731503 64545408
58148133 64545408
581180292 64545408
210216008 36903463
210216008 76022498
210216008 57645510
210216008 64545408
152929875 82152881
152929875 57646368
152929875 152731503
152929875 64545408
728424941 64545408
152677419 36903463
152677419 64545408
44753190 57646368
44753190 36903463
44753190 26179196
44753190 57645510
44753190 64545408
91347934 36903463
91347934 57645510
91347934 64545408
123730558 149548860
123730558 36903463
123730558 82152881
123730558 57650176
123730558 45544669
123730558 107496173
123730558 57646368
123730558 128503721
123730558 64545408
57646368 127439080
57646368 581416634
57646368 152595147
57646368 149548860
57646368 152567575
57646368 44753190
57646368 57649583
57646368 36903463
57646368 756765897
57646368 152934875
57646368 82152881
57646368 57650176
57646368 4094560
57646368 152581194
57646368 210210837
57646368 76022498
57646368 57645510
57646368 45544669
57646368 210277783
57646368 107496173
57646368 152728673
57646368 5177038
57646368 210195854
57646368 26179196
57646368 58091957
57646368 58160056
57646368 10234314
57646368 123730558
57646368 152929875
57646368 152731503
57646368 152784955
57646368 57650159
57646368 128503721
57646368 64545408
5177038 26179196
5177038 57646368
5177038 64545408
58065113 210210837
58065113 64545408
58356820 127439080
58356820 64545408
152581194 57646368
152581194 152566853
152581194 26179196
152581194 57645510
152581194 64545408
36903463 57646368
36903463 58091957
36903463 44753190
36903463 10234314
36903463 152566853
36903463 57649583
36903463 152578542
36903463 152934875
36903463 82152881
36903463 26179196
36903463 57650176
36903463 91347934
36903463 581469505
36903463 123730558
36903463 210210837
36903463 152728673
36903463 210216008
36903463 149527550
36903463 152677419
36903463 57650159
36903463 64545408
71186635 64545408
582879103 58160056
582879103 57645510
582879103 64545408
806253721 64545408
152784955 57646368
152784955 4094560
152784955 64545408
149527550 36903463
149527550 57645510
149527550 64545408
298836726 107496173
298836726 64545408
210195854 26179196
210195854 57646368
210195854 64545408
581469505 36903463
581469505 44921986
581469505 26179196
581469505 64545408
76022498 57646368
76022498 26179196
76022498 57645510
76022498 210216008
76022498 82152881
152478748 64545408
107496173 152567575
107496173 57646368
107496173 82152881
107496173 26179196
107496173 57650176
107496173 123730558
107496173 298836726
107496173 57645510
152927789 64545408
152566853 152731503
152566853 36903463
152566853 26179196
152566853 64545408
582361762 64545408
582361762 152784955
547230603 64545408
581760584 64545408
20412218 127439080
20412218 64545408
581310250 64545408
581416634 57646368
581416634 64545408
45544669 57646368
45544669 26179196
45544669 123730558
45544669 64545408
58301483 64545408
58301483 57645510
58160056 57645510
58160056 57646368
58160056 64545408
55284343 5177038
55284343 58160056
55284343 64545408
582326475 64545408
806283846 64545408
270482452 64545408
4094560 57646368
4094560 152784955
4094560 64545408
72125330 127439080
72125330 29720561
57329587 26179196
57329587 64545408
57645510 127439080
57645510 149548860
57645510 152567575
57645510 57646368
57645510 44753190
57645510 58160056
57645510 57649583
57645510 152934875
57645510 82152881
57645510 26179196
57645510 91347934
57645510 85053282
57645510 152581194
57645510 210210837
57645510 76022498
57645510 152728673
57645510 210216008
57645510 107496173
57645510 149527550
57645510 57650159
57645510 128503721
601615580 64545408
152797158 64545408
57650176 57646368
57650176 58091957
57650176 36903463
57650176 756765897
57650176 82152881
57650176 26179196
57650176 123730558
57650176 107496173
57650176 57650159
128503721 57645510
128503721 64545408
152681562 64545408
85053282 57645510
85053282 64545408
25176206 64545408
152632371 64545408
581206477 64545408
210277783 149548860
210277783 57646368
210277783 64545408
313554447 581416634
313554447 152929875
313554447 64545408
210210837 58065113
210210837 149548860
210210837 57646368
210210837 36903463
210210837 82152881
210210837 26179196
210210837 57645510
210210837 128503721
210210837 64545408
152840376 64545408
152567575 57646368
152567575 152934875
152567575 57645510
152567575 107496173
152567575 64545408
656323173 64545408
582183605 64545408
57650159 128503721
57650159 36903463
57650159 82152881
57650159 57650176
57650159 152581194
57650159 57649583
57650159 57645510
57650159 26179196
57650159 57646368
57650159 64545408
26179196 149548860
26179196 152566853
26179196 57649583
26179196 36903463
26179196 756765897
26179196 82152881
26179196 57650176
26179196 581469505
26179196 210210837
26179196 76022498
26179196 57645510
26179196 45544669
26179196 57329587
26179196 107496173
26179196 5177038
26179196 210195854
26179196 57646368
26179196 10234314
26179196 152929875
26179196 152731503
26179196 58157433
26179196 57650159
26179196 128503721
26179196 64545408
