18980313 22284420
18980313 136130129
18980313 130720521
18980313 33609058
18980313 37446248
18980313 61721125
36274774 61721125
17372343 61721125
192633349 61721125
3813431 38860763
3813431 69075773
3813431 61721125
22284420 30854150
22284420 33444563
22284420 18980313
22284420 61240489
22284420 37446248
22284420 61721125
44600214 37446248
44600214 61721125
80641729 73622688
80641729 69075773
80641729 61721125
2530244 61721125
166717669 61721125
49043773 81787161
49043773 61721125
65310174 61721125
62025846 61721125
33444563 22284420
33444563 80543569
33444563 37446248
33444563 61721125
55010835 231352655
55010835 38860763
55010835 15154299
55010835 61721125
136130129 18980313
136130129 35581251
136130129 61721125
38860763 118503894
38860763 55010835
38860763 61721125
44267752 38860763
44267752 61721125
82529698 30854150
82529698 80641729
82529698 138993755
82529698 136680392
82529698 65362313
82529698 11203092
82529698 26815328
82529698 106442563
82529698 61721125
11203092 61721125
127386137 15176967
127386137 48753509
127386137 104876040
127386137 37446248
127386137 26815328
127386137 82528020
127386137 61721125
302918110 61721125
113287693 61721125
44611578 61721125
26815328 118503894
26815328 127386283
26815328 82529698
26815328 127386137
128001494 61721125
37895099 61721125
43902247 15154299
43902247 61721125
132689317 61721125
46483252 30854150
46483252 61721125
65476157 61721125
82528020 127386137
82528020 61721125
48753509 80543569
48753509 127386137
48753509 61721125
15154299 61721125
61721125 84206822
61721125 65476157
61721125 18980313
61721125 30854150
61721125 39625976
61721125 62025846
61721125 57472665
61721125 81900800
61721125 12527983
61721125 15154299
61721125 46483252
61721125 57368958
61721125 82528020
61721125 104876040
61721125 65362313
61721125 33444563
61240489 22284420
61240489 65476157
61240489 136680392
61240489 37446248
61240489 61721125
130720521 18980313
104876040 128001494
104876040 61721125
37446248 9795905
37446248 22284420
37446248 65476157
37446248 33444563
37446248 18980313
37446248 69075773
37446248 231409052
37446248 127386137
37446248 82528020
37446248 61721125
48498090 61721125
12527983 61721125
33609058 53928042
33609058 33444563
33609058 18980313
33609058 46483252
33609058 61721125
138993755 118503894
138993755 82529698
138993755 61721125
53928042 61721125
35581251 61721125
15176967 127386137
15176967 61721125
69075773 3813431
69075773 65476157
69075773 80641729
69075773 39625976
69075773 2530244
69075773 18980313
69075773 15154299
69075773 37446248
69075773 81787161
69075773 30854150
69075773 73622688
69075773 61721125
132797197 26815328
132797197 61721125
136680392 61240489
136680392 82529698
136680392 61721125
50872225 104876040
50872225 61721125
81787161 69075773
81787161 49043773
81787161 61721125
3554903 61721125
52678303 61721125
65362313 73622688
65362313 82529698
65362313 61721125
80543569 33444563
80543569 48753509
80543569 46483252
80543569 61721125
2263600 61721125
39625976 61721125
57126878 61721125
696007642 61721125
84206822 61721125
73622688 38860763
73622688 65362313
73622688 82528020
73622688 69075773
73622688 61721125
57594326 400475641
57594326 61721125
118503894 9795905
118503894 38860763
118503894 84206822
118503894 138993755
118503894 231409052
118503894 26815328
118503894 61721125
57472665 61721125
231352655 55010835
231352655 61721125
48667287 61721125
9795905 118503894
9795905 37895099
9795905 61721125
81900800 61721125
400475641 61721125
127386283 61721125
127386283 26815328
30854150 22284420
30854150 65476157
30854150 15154299
30854150 69075773
30854150 61721125
163094977 61721125
231409052 118503894
231409052 37446248
231409052 61721125
