58104138 127581624
54309356 14794735
421571037 127581624
131450592 223852001
131450592 127581624
601617395 127581624
40003836 127581624
14794735 127581624
14794735 54309356
19011527 179513248
19011527 39428520
19011527 231720577
19011527 129985039
19011527 127581624
19011527 421490713
57766364 127581624
152476452 362982481
152476452 210367008
152476452 127581624
238994527 223852001
238994527 127581624
238994527 39428520
238994527 772327954
78810069 127581624
231720577 127581624
350012216 127581624
58007191 127581624
152811837 127581624
421512000 127581624
52448839 127581624
421547574 127581624
55050733 127581624
130311088 127581624
50191998 127581624
772327954 90867390
772327954 238994527
39428520 127581624
71528532 127581624
638103421 127581624
57377944 127581624
26911537 39428520
26911537 127581624
90867390 129985039
90867390 58055964
90867390 421490713
90867390 127581624
90867390 231720577
90867390 14794735
90867390 772327954
179513248 129985039
179513248 421490713
179513248 127581624
179513248 19011527
81420466 127581624
357498823 33733451
357498823 127581624
58055964 90867390
185140610 127581624
185140610 185018520
29371397 127581624
362982481 127581624
362982481 152476452
185018520 127581624
185018520 185140610
421505842 127581624
152891250 127581624
33733451 127581624
33733451 39428520
152912495 127581624
238984433 127581624
30185794 127581624
421490713 179513248
421490713 129985039
421490713 127581624
456672771 127581624
77980367 127581624
210367008 127581624
210367008 152476452
152695896 127581624
129985039 90867390
129985039 421490713
129985039 127581624
129985039 19011527
