110570476 127245746
349665131 127245746
251193607 35424520
251193607 127245746
251193607 49519009
251193607 17542334
251193607 30635256
215528805 35424520
215528805 49519017
215528805 127245746
215528805 17542334
215528805 251193607
30635256 127245746
30635256 17542334
30635256 251193607
30635256 35424520
30635256 49519009
30635256 49519017
60134775 127245746
49519009 349665131
49519009 49519017
49519009 127245746
49519009 251193607
49519009 17542334
49519009 30635256
111574715 127245746
49519017 127245746
49519017 49519009
49519017 17542334
49519017 215528805
49519017 30635256
32524400 127245746
17542334 35424520
17542334 49519017
17542334 251193607
17542334 49519009
17542334 215528805
17542334 30635256
35424520 127245746
35424520 251193607
35424520 17542334
35424520 215528805
35424520 30635256
