44857261 40330833
2452953 40330833
48722732 40330833
38039542 40330833
78786678 40330833
119879050 40330833
123141699 40330833
44495436 12022979
49062171 40330833
49062171 44911890
49080087 40330833
191851306 40330833
49488184 40330833
48411359 40330833
133101891 40330833
48714173 40330833
58174276 40330833
44809705 40330833
57364754 40330833
307434003 40330833
152817479 57649897
28802385 40330833
365712457 40330833
41112732 40330833
49471067 40330833
47985130 40330833
52192207 40330833
44193493 40330833
38251256 40330833
102613041 40330833
44965028 40330833
47131776 40330833
127425433 40330833
48546578 40330833
82021772 40330833
12022979 44495436
57428380 40330833
57649897 152817479
130444127 40330833
45152754 40330833
139052621 40330833
61241869 40330833
18922014 40330833
49052081 40330833
42507850 40330833
414238158 40330833
44619713 40330833
179518432 40330833
44944393 40330833
44911890 49062171
44911890 40330833
130474636 40330833
48690923 40330833
44994825 40330833
44994825 44495436
48619337 40330833
304191852 40330833
43787580 40330833
49426318 40330833
