57651454 8505406
57651454 57649075
52452311 127641797
52452311 58166508
133767389 152937163
133767389 8505406
133767389 57648026
133767389 152956093
133767389 490443155
133767389 57650096
133767389 152735104
133767389 99748790
133767389 25546233
133767389 102326066
133767389 152622195
133767389 6860888
133767389 57649075
133767389 142525140
57649075 152839075
57649075 58357720
57649075 25546233
57649075 99748790
57649075 8505406
57649075 152956093
57649075 133767389
57649075 57650096
57649075 152735104
57649075 152520399
57649075 25136526
57649075 6860888
57649075 57652451
57649075 57651454
57649075 19526162
57649075 152602413
57649075 152671287
57649075 152622195
57649075 152581984
57649075 298837427
57649075 152571766
57649075 761568486
57649075 152906567
57649075 142525140
57649075 152627882
152729012 72125065
581960192 127641797
152933829 152733186
152933829 72125065
152933829 99748790
152933829 58333454
152933829 152671287
19526162 8505406
19526162 57648026
19526162 99748790
19526162 127641797
19526162 57649075
8505406 152937163
8505406 152876988
8505406 57648026
8505406 152921456
8505406 152956093
8505406 57652451
8505406 152581984
8505406 490443155
8505406 57650096
8505406 152906567
8505406 57651454
8505406 19526162
8505406 133767389
8505406 99748790
8505406 152622195
8505406 58005118
8505406 58166508
8505406 6860888
8505406 57649075
8505406 142525140
8505406 152627882
152876988 8505406
152876988 152735104
152921456 8505406
152921456 127641797
152921456 57649075
142525140 133767389
142525140 57649075
142525140 8505406
127641797 152956093
127641797 58267368
127641797 99748790
152811372 490443164
152811372 57648026
152811372 152797721
152811372 58005118
152811372 127641797
58166508 72125065
58166508 5363771
58166508 57648026
58166508 152892052
58166508 52452311
58166508 152797721
58166508 127641797
58166508 152622195
58166508 152571766
58166508 152897154
58166508 8505406
581317023 152907288
48111333 57648026
48111333 152857266
48111333 99748790
152937163 152797721
152937163 133767389
152937163 99748790
152937163 8505406
152937163 152671287
634019294 127641797
634019294 152797721
152581984 8505406
152581984 152797721
152581984 19526162
152581984 99748790
152581984 127641797
152581984 57649075
58333454 5363771
58333454 58115367
58333454 57652451
58333454 152797721
58333454 152933829
58333454 58117577
58333454 152891636
58333454 58005118
58328243 6860888
152677200 72125065
152797721 152937163
152797721 490443164
152797721 152927897
152797721 152811372
152797721 152581984
152797721 152857266
152797721 57650096
152797721 152897154
152797721 57651283
152797721 99748790
152797721 58333454
152797721 58357720
152797721 58005118
152797721 127641797
152797721 6860888
20868058 57648026
20868058 152956093
20868058 152735104
20868058 99748790
20868058 6860888
152892052 127641797
152956093 20868058
152956093 8505406
152956093 5363771
152956093 57648026
152956093 57652451
152956093 48111333
152956093 57651283
152956093 133767389
152956093 99748790
152956093 152808569
152956093 127641797
152956093 57649075
152956093 152627882
99748790 152937163
99748790 20868058
99748790 8505406
99748790 490443164
99748790 57648026
99748790 152927897
99748790 152839075
99748790 152631762
99748790 152956093
99748790 57652451
99748790 48111333
99748790 152581984
99748790 490443155
99748790 72125065
99748790 57651283
99748790 152735104
99748790 152797721
99748790 152906567
99748790 19526162
99748790 152933829
99748790 133767389
99748790 57611106
99748790 25136526
99748790 58117577
99748790 152622195
99748790 58005118
99748790 127641797
99748790 6860888
99748790 152671287
99748790 57649075
99748790 152627882
57648026 298837427
57648026 20868058
57648026 8505406
57648026 152811372
57648026 152956093
57648026 48111333
57648026 72125065
57648026 152897154
57648026 57651283
57648026 152735104
57648026 19526162
57648026 133767389
57648026 25136526
57648026 99748790
57648026 58005118
57648026 58166508
152733186 113850279
152733186 152933829
152733186 127641797
152733186 57649075
102326066 133767389
102326066 57649075
152808569 5363771
152808569 152956093
152808569 58117577
152898844 152797721
152898844 127641797
152906567 8505406
152906567 99748790
152906567 127641797
25546233 57652451
25546233 57651283
25546233 113850279
25546233 133767389
25546233 58357720
25546233 58005118
25546233 57649075
152857266 58115367
152857266 48111333
152857266 152797721
152857266 127641797
72125065 57648026
72125065 58115367
72125065 152729012
72125065 152933829
72125065 152892052
72125065 99748790
72125065 58357720
72125065 127641797
72125065 58166508
152930367 152797721
152930367 127641797
58005118 152927897
58005118 8505406
58005118 58333454
58005118 99748790
58005118 152907288
58005118 57651283
58005118 152797721
58005118 25546233
58005118 152783108
58005118 152622195
58005118 57648026
58005118 152811372
58005118 6860888
58005118 152627882
224329983 127641797
224329983 152602413
152927897 152735104
152927897 152797721
152927897 152847229
152927897 113850279
152927897 99748790
152927897 58005118
152927897 6860888
58357720 72125065
58357720 57651283
58357720 152797721
58357720 25546233
58357720 57649075
152596238 72125065
100714131 113850279
152891636 152797721
152891636 127641797
152633766 127641797
152911802 152797721
298837427 57648026
298837427 152735104
298837427 127641797
298837427 57649075
25136526 57648026
25136526 99748790
25136526 57649075
57651283 57648026
57651283 152839075
57651283 152956093
57651283 152797721
57651283 113850279
57651283 99748790
57651283 58357720
57651283 25546233
57651283 58005118
57651283 127641797
152631762 99748790
58269650 152797721
58269650 127641797
58269650 58005118
152520399 127641797
152520399 57649075
57611106 152797721
57611106 99748790
152897154 57648026
152897154 152797721
152897154 58166508
761568486 99748790
761568486 57649075
490443164 152735104
490443164 99748790
113850279 152733186
113850279 152927897
113850279 152921888
113850279 57652451
113850279 152520399
113850279 57651283
113850279 100714131
113850279 25546233
152783108 298837427
152783108 490443164
152783108 58115367
152783108 152797721
152783108 83059456
152783108 152571766
152783108 58005118
152783108 127641797
152783108 152627882
634019532 127641797
58115367 490443164
58115367 152734776
58115367 152783108
58115367 58333454
152627882 58115367
152627882 152622195
152627882 8505406
152627882 152956093
152627882 58005118
152627882 490443164
152627882 152783108
152627882 99748790
58267368 57650096
58267368 127641797
152622195 133767389
152622195 490443155
152622195 8505406
152622195 99748790
152622195 58005118
152622195 58166508
152622195 57649075
152622195 152627882
152602413 224329983
152602413 57649075
152907288 48111333
152907288 72125065
152907288 152797721
152907288 581317023
152907288 58005118
152735104 298837427
152735104 20868058
152735104 152876988
152735104 490443164
152735104 57648026
152735104 152927897
152735104 152921888
152735104 133767389
152735104 99748790
152735104 57649075
490443155 8505406
490443155 133767389
490443155 99748790
490443155 152622195
57650096 8505406
57650096 58267368
57650096 152797721
57650096 133767389
57650096 152571766
57650096 152671287
57650096 57649075
152571766 490443164
152571766 152783108
152571766 57650096
152571766 152797721
152571766 152847229
152571766 127641797
152571766 57649075
58117577 99748790
58117577 58333454
58117577 152808569
58117577 127641797
152512462 152797721
152512462 83059456
152671287 152937163
152671287 152933829
152671287 57650096
152671287 99748790
152671287 57649075
57652451 8505406
57652451 152956093
57652451 152847229
57652451 113850279
57652451 99748790
57652451 58333454
57652451 25546233
57652451 57649075
83059456 152783108
83059456 127641797
5363771 58333454
5363771 152808569
5363771 127641797
5363771 58166508
836610616 152892052
152847229 57652451
152847229 152797721
152847229 127641797
152921888 152735104
152921888 113850279
152921888 58333454
101699135 127641797
6860888 20868058
6860888 8505406
6860888 298837427
6860888 152797721
6860888 133767389
6860888 58005118
6860888 99748790
6860888 152927897
6860888 57649075
6860888 152627882
152839075 152734776
152839075 57651283
152839075 99748790
152839075 57649075
152734776 152839075
152734776 58115367
58004542 127641797
