54421382 69551599
179471569 69551599
58492816 69551599
22289139 69551599
134512228 69551599
40475217 69551599
152577788 69551599
559797189 69551599
75326310 69551599
85084064 69551599
6367331 57848816
6367331 108032715
6367331 29954063
6367331 82112055
6367331 5100757
6367331 45226226
6367331 11805865
6367331 50636132
200003826 69551599
9503869 69551599
172636001 69551599
82398559 69551599
45226226 57848816
45226226 108032715
45226226 6367331
45226226 5100757
162146259 69551599
26075373 69551599
29954063 108032715
29954063 6367331
29954063 5100757
29954063 73804790
29954063 11805865
29954063 50636132
80387634 69551599
170751360 69551599
55573584 634998271
55573584 69551599
55573584 30373694
72470258 79847172
26665173 45226226
26665173 69551599
26665173 11805865
39114735 69551599
836614480 69551599
82714420 69551599
58089965 69551599
220094774 69551599
57848816 108032715
57848816 6367331
57848816 82112055
57848816 5100757
57848816 349602016
57848816 73804790
57848816 45226226
57848816 11805865
57848816 50636132
57848816 79847172
607765269 69551599
163981290 69551599
200015950 69551599
5100757 57848816
5100757 108032715
5100757 29954063
5100757 6367331
5100757 45226226
5100757 11805865
300615562 69551599
82021772 69551599
61272409 69551599
11572662 69551599
15317659 69551599
152700780 69551599
672388811 127225432
30373694 69551599
82584673 69551599
39120773 69551599
50636132 57848816
50636132 29954063
50636132 6367331
50636132 82112055
50636132 73804790
50636132 11805865
69551599 40475217
23057022 69551599
83188866 69551599
349602016 57848816
349602016 108032715
349602016 45226226
349602016 11805865
200059795 69551599
82112055 57848816
82112055 29954063
82112055 6367331
82112055 45226226
24845690 69551599
24845690 127225432
200012966 69551599
108032715 57848816
108032715 6367331
108032715 5100757
108032715 45226226
108032715 11805865
73804790 57848816
73804790 29954063
73804790 11805865
44986118 69551599
148187473 127225432
79847172 72470258
79847172 69551599
79847172 57848816
79847172 127225432
58153713 69551599
11805865 57848816
11805865 108032715
11805865 29954063
11805865 6367331
11805865 5100757
11805865 349602016
11805865 73804790
11805865 50636132
11805865 26665173
34766139 69551599
305963505 69551599
