104749741 128176967
104749741 31215137
104749741 86410058
104749741 18542142
104749741 942450
86410058 67875679
86410058 61721125
31215137 16889876
31215137 79272727
31215137 127385889
31215137 1773428
31215137 22993681
31215137 67280288
31215137 104749741
31215137 8569117
31215137 35293467
31215137 18542142
31215137 32957987
31215137 28645118
31215137 17306557
31215137 21135583
31215137 61721125
128656769 61721125
72779394 61721125
11230827 35293467
11230827 28645118
11230827 61721125
82264839 79272727
82264839 61843741
82264839 132639627
82264839 29814512
82264839 35293467
82264839 127514340
82264839 53605256
82264839 28645118
82264839 942450
82264839 61721125
130187125 61721125
67280288 31215137
67280288 22993681
67280288 35293467
67280288 18542142
67280288 942450
67280288 61721125
120771817 35293467
120771817 61721125
128304780 61721125
44396873 61721125
134507975 22993681
134507975 127514340
134507975 32957987
134507975 61721125
44226647 61721125
107856297 61721125
76940049 61721125
19407291 130319049
19407291 18542142
19407291 61721125
8569117 39604463
8569117 128176967
8569117 130475399
8569117 31215137
8569117 16889876
8569117 79272727
8569117 62091439
8569117 1773428
8569117 61843741
8569117 29814512
8569117 44261486
8569117 9615278
8569117 35293467
8569117 127514340
8569117 53605256
8569117 18542142
8569117 104762157
8569117 136239092
8569117 28645118
8569117 17306557
8569117 21135583
8569117 942450
8569117 61721125
49067009 39604463
49067009 39625976
49067009 35293467
49067009 28645118
49067009 17306557
49067009 21135583
49067009 61721125
136239092 8569117
136239092 18542142
136239092 61721125
130307403 28645118
130307403 61721125
65318807 39625976
65318807 79272727
65318807 1773428
65318807 35293467
65318807 104762157
65318807 21135583
65318807 61721125
89068491 130475399
89068491 127385889
89068491 22993681
89068491 104749741
89068491 69095460
89068491 127514340
89068491 18542142
89068491 32957987
89068491 136239092
89068491 28645118
89068491 92080552
89068491 61721125
127385889 128176967
127385889 39625976
127385889 31215137
127385889 61721125
127385889 942450
127385889 21135583
39604463 49067009
39604463 62091439
39604463 29814512
39604463 8569117
39604463 28645118
39604463 61721125
65478746 35293467
65478746 61721125
22993681 31215137
22993681 57127657
22993681 50888304
22993681 52722629
22993681 1773428
22993681 61843741
22993681 132639627
22993681 29814512
22993681 67280288
22993681 134507975
22993681 23257358
22993681 69095460
22993681 130319049
22993681 35293467
22993681 53605256
22993681 18542142
22993681 32957987
22993681 83613124
22993681 89068491
22993681 28645118
22993681 12527983
22993681 17306557
22993681 21135583
22993681 942450
22993681 25392447
22993681 61721125
23257358 130475399
23257358 22993681
23257358 9615278
23257358 18542142
23257358 61721125
32957987 84576995
32957987 31215137
32957987 1773428
32957987 61843741
32957987 22993681
32957987 130319049
32957987 28645118
32957987 21135583
32957987 9615278
32957987 61721125
60890508 61721125
177280095 61721125
17306557 52801545
17306557 130475399
17306557 130307403
17306557 31215137
17306557 49067009
17306557 79272727
17306557 65478746
17306557 61843741
17306557 65318807
17306557 22993681
17306557 29814512
17306557 8569117
17306557 69095460
17306557 130319049
17306557 35293467
17306557 18542142
17306557 61721125
425404255 61721125
53605256 128176967
53605256 127385889
53605256 61843741
53605256 22993681
53605256 8569117
53605256 28645118
53605256 82264839
53605256 92080552
53605256 61721125
18542142 19407291
18542142 31215137
18542142 79272727
18542142 1773428
18542142 36294844
18542142 22993681
18542142 29814512
18542142 67280288
18542142 104749741
18542142 8569117
18542142 23257358
18542142 9615278
18542142 35293467
18542142 127514340
18542142 136239092
18542142 89068491
18542142 17306557
18542142 21135583
18542142 92080552
18542142 25392447
18542142 61721125
57127657 61721125
92080552 61843741
92080552 69095460
92080552 53605256
92080552 18542142
92080552 61721125
67875679 86410058
67875679 79272727
29814512 39604463
29814512 39625976
29814512 61843741
29814512 36294844
29814512 132639627
29814512 22993681
29814512 8569117
29814512 35293467
29814512 18542142
29814512 104762157
29814512 28645118
29814512 17306557
29814512 21135583
29814512 82264839
29814512 942450
29814512 61721125
131138346 61721125
27340756 61721125
61721125 21135583
61721125 25392447
61721125 79272727
61721125 942450
61721125 128304780
61721125 5434280
61721125 43979985
61721125 69095460
61721125 65318807
61721125 23257358
61721125 130319049
61721125 39625976
61721125 60890508
61721125 32957987
61721125 148459036
61721125 12527983
61721125 82264839
61721125 128656769
61721125 89068491
61721125 27340756
61721125 22993681
231680090 61721125
231680090 942450
231680090 104762157
231680090 61843741
69095460 22993681
69095460 130319049
69095460 35293467
69095460 89068491
69095460 28645118
69095460 17306557
69095460 21135583
69095460 92080552
69095460 25392447
69095460 61721125
84576995 61721125
1773428 128176967
1773428 130475399
1773428 39625976
1773428 31215137
1773428 148459036
1773428 79272727
1773428 62091439
1773428 61843741
1773428 65318807
1773428 22993681
1773428 8569117
1773428 43979985
1773428 9615278
1773428 35293467
1773428 53605256
1773428 18542142
1773428 32957987
1773428 89068491
1773428 28645118
1773428 21135583
1773428 942450
1773428 61721125
104762157 231680090
104762157 128176967
104762157 39625976
104762157 52722629
104762157 61843741
104762157 65318807
104762157 22993681
104762157 29814512
104762157 8569117
104762157 35293467
104762157 28645118
104762157 942450
104762157 61721125
12527983 130475399
12527983 22993681
12527983 35293467
12527983 61721125
16889876 128176967
16889876 61721125
79272727 134181420
79272727 31215137
79272727 1773428
79272727 36294844
79272727 65318807
79272727 8569117
79272727 35293467
79272727 18542142
79272727 28645118
79272727 17306557
79272727 82264839
79272727 942450
79272727 67875679
79272727 61721125
65415853 61721125
82653111 9615278
53751836 61721125
134181420 61721125
134181420 79272727
48809459 61721125
942450 231680090
942450 130475399
942450 16889876
942450 79272727
942450 127385889
942450 1773428
942450 61843741
942450 132639627
942450 22993681
942450 29814512
942450 67280288
942450 104749741
942450 8569117
942450 69095460
942450 35293467
942450 104762157
942450 136239092
942450 28645118
942450 21135583
942450 82264839
942450 61721125
61843741 231680090
61843741 128176967
61843741 130475399
61843741 1773428
61843741 22993681
61843741 29814512
61843741 8569117
61843741 9615278
61843741 35293467
61843741 53605256
61843741 32957987
61843741 28645118
61843741 21135583
61843741 82264839
61843741 92080552
61843741 942450
61843741 61721125
43979985 61721125
52722629 22993681
52722629 104762157
50888304 128176967
50888304 22993681
50888304 61721125
62091439 39604463
62091439 1773428
62091439 61721125
83613124 39625976
83613124 36294844
83613124 22993681
83613124 35293467
83613124 61721125
44261486 8569117
44261486 61721125
231643365 50888304
231643365 21135583
231643365 35293467
128176967 130475399
128176967 16889876
128176967 1773428
128176967 61843741
128176967 22993681
128176967 104749741
128176967 53605256
128176967 61721125
128176967 21135583
127514340 8569117
127514340 134507975
127514340 18542142
127514340 89068491
127514340 21135583
127514340 82264839
127514340 61721125
43850726 61721125
132639627 22993681
132639627 29814512
132639627 28645118
132639627 82264839
132639627 942450
132639627 61721125
39625976 127385889
39625976 1773428
39625976 29814512
39625976 35293467
39625976 61721125
21135583 128176967
21135583 39625976
21135583 31215137
21135583 49067009
21135583 79272727
21135583 127385889
21135583 1773428
21135583 61843741
21135583 65318807
21135583 22993681
21135583 29814512
21135583 8569117
21135583 69095460
21135583 231643365
21135583 35293467
21135583 127514340
21135583 18542142
21135583 32957987
21135583 28645118
21135583 942450
21135583 61721125
28645118 39604463
28645118 231680090
28645118 128176967
28645118 130475399
28645118 39625976
28645118 130307403
28645118 31215137
28645118 49067009
28645118 79272727
28645118 127385889
28645118 1773428
28645118 61843741
28645118 128656769
28645118 36294844
28645118 132639627
28645118 22993681
28645118 29814512
28645118 67280288
28645118 8569117
28645118 69095460
28645118 11230827
28645118 35293467
28645118 127514340
28645118 53605256
28645118 32957987
28645118 89068491
28645118 17306557
28645118 21135583
28645118 82264839
28645118 942450
28645118 61721125
130319049 22993681
130319049 61721125
35293467 231680090
35293467 128176967
35293467 130475399
35293467 39625976
35293467 19407291
35293467 31215137
35293467 79272727
35293467 127385889
35293467 65478746
35293467 1773428
35293467 61843741
35293467 36294844
35293467 65318807
35293467 22993681
35293467 29814512
35293467 67280288
35293467 120771817
35293467 134507975
35293467 69095460
35293467 130319049
35293467 11230827
35293467 53605256
35293467 60890508
35293467 18542142
35293467 104762157
35293467 83613124
35293467 136239092
35293467 28645118
35293467 12527983
35293467 17306557
35293467 21135583
35293467 82264839
35293467 92080552
35293467 44226647
35293467 942450
35293467 61721125
9615278 148459036
9615278 82653111
9615278 1773428
9615278 61843741
9615278 8569117
9615278 23257358
9615278 130319049
9615278 32957987
9615278 61721125
5434280 61721125
36294844 79272727
36294844 29814512
36294844 35293467
36294844 18542142
36294844 83613124
36294844 28645118
36294844 61721125
25392447 18542142
25392447 22993681
25392447 69095460
25392447 61721125
138675108 61721125
148459036 61721125
10146062 65318807
10146062 61721125
130475399 128176967
130475399 1773428
130475399 61843741
130475399 22993681
130475399 8569117
130475399 23257358
130475399 130319049
130475399 35293467
130475399 89068491
130475399 28645118
130475399 12527983
130475399 17306557
130475399 942450
130475399 61721125
