710961336 127228389
520257069 127228389
84045093 127228389
447915448 127228389
72547997 127228389
255295167 127228389
147869136 127228389
159823291 127228389
135198888 127228389
118461055 127228389
118866957 127228389
141474633 127228389
73428534 127228389
110320236 127228389
164782581 127228389
130709684 127228389
442889459 127228389
693032674 127228389
169311290 127228389
32757181 118459079
32757181 127228389
78941171 127228389
118459079 32757181
85693497 127228389
48574695 127228389
179113094 127228389
149583729 127228389
163132273 127228389
647366548 127228389
179533696 127228389
182066537 127228389
710944367 127228389
92446345 127228389
217173352 127228389
