210246377 5341817
210246377 58182914
210246377 12306271
210246377 57847054
210246377 58094494
210246377 107496003
210246377 85668662
210231170 24111735
210231170 57847054
210231170 28672520
210231170 5341817
210231170 12306271
130465787 28672520
130465787 5341817
130465787 58182914
130465787 12306271
558327288 5341817
582405876 5341817
373566538 28672520
373566538 5341817
57648483 580921339
57648483 57847054
57648483 64358981
57648483 152811940
57648483 73658524
57648483 152920660
57648483 5341817
57648483 58182914
57648483 57646774
57648483 57587974
57648483 107496003
57648483 44874615
57648483 12306271
57648483 57644609
152691691 28672520
152691691 73658524
152691691 5341817
152691691 12306271
40606585 5341817
40606585 28672520
40606585 12306271
57587974 57847054
57587974 64358981
57587974 152811940
57587974 5341817
57587974 58182914
57587974 57648483
57587974 44874615
58184331 57847054
58184331 28672520
58184331 5341817
58184331 12306271
58182914 57847054
58182914 152811940
58182914 73658524
58182914 5341817
58182914 57648483
58182914 130465787
58182914 37179973
58182914 57587974
58182914 107496003
58182914 28672520
58182914 44874615
58182914 24111735
58182914 12306271
58182914 210246377
525212237 346811193
525212237 5341817
525212237 12306271
152669525 152627279
152669525 57847054
152669525 5341817
298859108 57847054
298859108 5341817
223459980 5341817
425212067 5341817
482139178 5341817
580921339 85668662
580921339 57648483
580921339 5341817
346811193 57847054
346811193 525212237
346811193 73658524
346811193 5341817
346811193 12306271
152811940 57847054
152811940 57587974
152811940 28672520
152811940 58182914
152811940 57648483
152811940 5341817
152811940 12306271
152811940 57644609
275695773 5341817
114746747 24111735
114746747 57847054
114746747 73658524
114746747 5341817
57646774 57847054
57646774 64358981
57646774 28672520
57646774 57639564
57646774 210301294
57646774 107496425
57646774 73658524
57646774 5341817
57646774 57648483
57646774 37179973
57646774 107496003
57646774 152477831
57646774 24111735
57646774 12306271
57646774 57644609
582787954 5341817
64358981 93736619
64358981 57646774
64358981 57587974
64358981 28672520
64358981 210195708
64358981 57648483
64358981 6917432
64358981 5341817
634242193 5341817
58094494 57847054
58094494 44874615
58094494 73658524
58094494 5341817
58094494 210246377
239439131 5341817
152929079 57847054
152929079 85668662
152929079 73658524
152929079 5341817
65051560 57847054
65051560 2491407
65051560 5341817
57639564 24111735
57639564 57847054
57639564 5341817
57639564 12306271
152920660 57648483
152920660 5341817
210301294 57646774
210301294 44874615
2491407 65051560
2491407 57847054
2491407 5341817
2491407 12306271
82064648 28672520
82064648 5341817
57847054 152712037
57847054 114746747
57847054 346811193
57847054 57649277
57847054 65051560
57847054 152627279
57847054 24111735
57847054 57646774
57847054 57587974
57847054 28672520
57847054 58094494
57847054 2491407
57847054 298859108
57847054 57639564
57847054 37179973
57847054 152929079
57847054 85668662
57847054 152811940
57847054 44874615
57847054 210231170
57847054 58182914
57847054 57648483
57847054 152669525
57847054 107496425
57847054 58184331
57847054 73658524
57847054 107496003
57847054 5341817
57847054 12306271
57847054 210246377
57847054 57644609
12306271 28672520
12306271 93736619
12306271 24111735
12306271 210231170
12306271 58182914
12306271 57847054
12306271 44874615
12306271 73658524
12306271 57639564
12306271 152811940
12306271 2491407
12306271 107496003
12306271 58184331
12306271 152477831
12306271 5341817
12306271 152546078
12306271 210195708
12306271 135108165
12306271 40606585
12306271 107496425
12306271 602007835
12306271 346811193
12306271 210246377
12306271 57644609
298835889 5341817
298835889 12306271
210195708 64358981
210195708 5341817
210195708 24111735
210195708 12306271
152712037 57847054
152712037 107496003
152712037 5341817
28672520 93736619
28672520 24111735
28672520 57847054
28672520 57646774
28672520 64358981
28672520 82064648
28672520 85668662
28672520 210231170
28672520 130465787
28672520 73658524
28672520 65271789
28672520 6917432
28672520 5341817
28672520 58182914
28672520 12306271
758012610 5341817
107496425 57847054
107496425 57646774
107496425 44874615
107496425 107496003
107496425 5341817
107496425 12306271
602007835 12306271
6917432 64358981
6917432 28672520
6917432 73658524
6917432 5341817
6917432 12306271
300805720 28672520
300805720 12306271
300805720 5341817
836613817 5341817
111615111 5341817
175162481 5341817
65271789 28672520
65271789 12306271
16232831 5341817
16232831 12306271
42154723 57649277
42154723 152627279
42154723 5341817
37179973 57847054
37179973 5341817
37179973 58182914
37179973 57646774
57644609 5341817
57644609 12306271
57644609 42154723
57644609 57646774
57644609 152811940
57644609 107496003
57644609 57847054
57644609 57648483
57644609 73658524
128133978 210231170
566550874 5341817
152485253 581211296
85668662 580921339
85668662 57847054
85668662 152929079
85668662 5341817
85668662 210246377
141107587 5341817
580883526 5341817
834451542 5341817
44874615 57649277
44874615 57847054
44874615 64358981
44874615 58094494
44874615 210301294
44874615 107496425
44874615 73658524
44874615 5341817
44874615 57648483
44874615 57646774
44874615 57587974
44874615 107496003
44874615 24111735
44874615 58182914
44874615 12306271
581211296 152485253
581211296 5341817
497803559 5341817
93736619 24111735
93736619 64358981
93736619 28672520
93736619 12306271
135108165 12306271
24111735 114746747
24111735 93736619
24111735 57847054
24111735 28672520
24111735 57639564
24111735 44758578
24111735 210231170
24111735 107496425
24111735 73658524
24111735 5341817
24111735 57646774
24111735 107496003
24111735 44874615
24111735 210195708
24111735 58182914
24111735 12306271
73658524 114746747
73658524 346811193
73658524 57649277
73658524 152627279
73658524 24111735
73658524 57847054
73658524 57646774
73658524 152691691
73658524 28672520
73658524 58094494
73658524 152929079
73658524 44874615
73658524 58182914
73658524 57648483
73658524 107496003
73658524 6917432
73658524 5341817
73658524 12306271
73658524 57644609
148093749 5341817
317082995 5341817
44758578 24111735
44758578 5341817
152546078 5341817
152546078 12306271
107496003 152712037
107496003 57847054
107496003 107496425
107496003 73658524
107496003 58182914
107496003 57648483
107496003 24111735
107496003 44874615
107496003 12306271
107496003 210246377
107496003 57644609
152477831 28672520
152477831 5341817
152627279 57847054
152627279 42154723
152627279 152669525
152627279 73658524
152627279 5341817
57649277 57847054
57649277 42154723
57649277 73658524
57649277 5341817
