130377564 289079352
130377564 57993969
130377564 57648663
130377564 130775671
298849211 289079352
298849211 57993969
298849211 130775671
298849211 57648663
298849211 20618191
136589643 130775671
152482035 298848782
328935106 289079352
328935106 421461369
328935106 57648663
52575639 57993969
52575639 130775671
52575639 57652769
52575639 20618191
52575639 57648663
62290612 298849262
130775671 289079352
130775671 136589643
130775671 57648663
298848782 152482035
298848782 289079352
298848782 833345035
298848782 534750678
298848782 58299130
298848782 57648663
298848782 534796465
131123613 57993969
8325280 19554049
8325280 57652201
8325280 44881722
57993969 289079352
57993969 298849262
57993969 298849211
57993969 52575639
57993969 131123613
57993969 90871970
57993969 57648663
57993969 58299130
57993969 421461369
57993969 130377564
687911914 58299130
534758418 421461369
618589340 42090811
618589340 289079352
618589340 130775671
833345035 298848782
833345035 57652769
152856969 57652769
152856969 289079352
152856969 58299130
152856969 57648663
421458404 57648663
836486819 86319797
58135545 57652769
90871970 289079352
90871970 57993969
421461369 57648663
421461369 534758418
421461369 289079352
421461369 130775671
421461369 534768845
421461369 534796465
421461369 328935106
421461369 152576824
421461369 57993969
421461369 42090811
421461369 130377564
833375233 298849262
833375233 289079352
833375233 57648663
534750678 58299130
534750678 130775671
534750678 298848782
534750678 289079352
534754488 57648663
57652201 58299130
57652201 8325280
85027032 136589643
85027032 130775671
85027032 289079352
85027032 57652769
85027032 57648663
44881722 8325280
289079352 136589643
289079352 57993969
289079352 130775671
289079352 57652769
289079352 618589340
289079352 85027032
289079352 833375233
289079352 57648663
289079352 534750678
57652769 298849262
57652769 289079352
57652769 563246861
57652769 52575639
57652769 130775671
57652769 152856969
57652769 85027032
57652769 58135545
57652769 57648663
57652769 833345035
57652769 130377564
298849262 298849211
298849262 57993969
298849262 130775671
298849262 57652769
298849262 62290612
298849262 833375233
298849262 57648663
298849262 58299130
821339234 57648663
821339234 58299130
20618191 298849211
20618191 52575639
20618191 85027032
20618191 57648663
20618191 130377564
57648663 289079352
57648663 130775671
57648663 20618191
57648663 52575639
57648663 85027032
57648663 58189171
57648663 328935106
57648663 833375233
57648663 57993969
57648663 298849262
57648663 298848782
57648663 57652769
57648663 152856969
57648663 534754488
57648663 298849211
57648663 52583294
57648663 58299130
57648663 821339234
57648663 421461369
57648663 421458404
57648663 130377564
665248685 541479391
19554049 44881722
19554049 8325280
58299130 130775671
58299130 52583294
58299130 57648663
58299130 57993969
58299130 687911914
58299130 85027032
58299130 289079352
58299130 821339234
58299130 534750678
58299130 130377564
52583294 57648663
52583294 58299130
86319797 836486819
58189171 57648663
