177344576 58351291
177344576 193398101
177344576 9917729
177344576 210215998
413634359 27843814
413634359 421466135
413634359 58381306
413634359 16523641
413634359 58052129
691795466 388676843
124064297 27843814
57608974 27843814
57608974 421466135
57608974 58052129
57608974 58381306
57608974 16523641
29424840 58052129
29424840 58381306
292371173 16523641
49332098 147873152
49332098 8690203
49332098 27843814
49332098 421466135
49332098 58052129
49332098 252043380
61939358 149538922
61939358 58052129
61939358 132711494
61939358 58381306
23300100 421466135
49208416 58381306
49208416 58052129
49208416 27843814
316339226 147873152
316339226 421466135
316339226 252043380
316339226 58381306
14059389 147873152
14059389 27843814
14059389 421466135
14059389 58052129
14059389 252043380
14059389 58381306
152725904 3767219
152725904 152693094
11865536 58052129
252043380 8690203
252043380 27843814
252043380 49332098
252043380 86483523
252043380 14059389
252043380 30581666
252043380 540829530
252043380 16523641
252043380 58381306
252043380 193398101
252043380 421466135
252043380 52450086
252043380 421455363
252043380 29123954
252043380 316339226
160268612 147873152
160268612 8690203
160268612 36817028
57610058 27843814
57610058 16523641
57610058 58052129
58052129 147873152
58052129 27843814
58052129 421466135
58052129 210215998
58052129 58381306
357564177 58052129
357564177 58381306
357564177 215747976
149538922 147873152
149538922 29123954
149538922 27843814
149538922 316339226
149538922 58052129
149538922 23300100
149545979 16523641
149545979 175540859
149545979 8690203
149545979 27843814
149545979 58052129
149545979 9917729
3767219 152693094
3767219 152725904
81599737 16523641
81599737 27843814
86483523 27843814
86483523 421466135
86483523 58052129
86483523 252043380
86483523 23300100
167800292 27843814
167800292 16523641
50646095 27843814
50646095 254993545
534868439 534766479
215747976 357564177
215747976 27843814
215747976 58381306
33560451 147873152
33560451 58381306
123579915 58381306
175540859 8690203
175540859 58052129
175540859 16523641
175540859 27843814
175540859 58381306
175540859 149545979
21402323 27843814
21402323 8690203
21402323 147873152
21402323 421466135
21402323 421455363
21402323 58052129
21402323 16523641
21402323 32484016
21402323 58381306
182861834 58052129
674694035 691795466
674694035 215965330
674694035 388676843
814687453 147873152
814687453 58052129
36817028 147873152
36817028 8690203
36817028 160268612
36817028 27843814
36817028 421466135
36817028 16523641
36817028 52450086
210215998 27843814
210215998 8690203
210215998 29123954
210215998 177344576
210215998 58052129
57993963 74895016
57993963 58381306
69274570 16523641
69274570 758003381
32484016 21402323
32484016 421455363
32484016 421466135
32484016 16523641
32484016 8690203
32484016 147873152
32484016 254993545
32484016 357564177
32484016 58052129
32484016 27843814
32484016 58381306
8690203 74895016
8690203 160268612
8690203 223865629
8690203 29123954
8690203 27843814
8690203 36817028
8690203 49332098
8690203 421496395
8690203 21402323
8690203 316339226
8690203 16523641
8690203 254993545
8690203 210215998
8690203 175540859
8690203 149545979
8690203 32484016
8690203 58381306
8690203 52450086
8690203 252043380
8690203 10498615
147873152 27843814
147873152 58052129
29123954 147873152
29123954 8690203
29123954 149538922
29123954 27843814
29123954 58052129
29123954 210215998
29123954 58381306
29123954 252043380
193398101 147873152
193398101 149545979
193398101 58351291
193398101 16523641
193398101 58381306
193398101 254993545
193398101 57608974
193398101 58052129
193398101 421466135
193398101 215747976
193398101 152702445
193398101 27843814
193398101 177344576
193398101 252043380
421496395 27843814
421496395 8690203
421496395 58052129
168905339 74895016
136830018 58351291
73022649 16523641
73022649 58052129
73022649 147873152
73022649 27843814
128164488 29123954
128164488 27843814
128164488 58381306
802182385 27843814
802182385 421496395
802182385 58381306
768567123 147873152
768567123 27843814
768567123 58052129
768567123 421466135
388676843 674694035
388676843 691795466
758003381 58052129
758003381 69274570
52450086 58052129
52450086 36817028
52450086 8690203
52450086 252043380
52450086 10498615
421466135 413634359
421466135 10498615
421466135 49332098
421466135 14059389
421466135 768567123
421466135 27843814
421466135 57610058
421466135 36817028
421466135 316339226
421466135 421455363
421466135 58052129
421466135 16523641
421466135 32484016
421466135 23300100
421466135 252043380
421466135 193398101
421466135 58381306
152702445 27843814
152702445 193398101
27843814 147873152
27843814 8690203
27843814 29123954
27843814 30581666
27843814 768567123
27843814 12592285
27843814 149538922
27843814 540829530
27843814 36817028
27843814 10498615
27843814 167800292
27843814 50646095
27843814 21402323
27843814 86483523
27843814 421466135
27843814 421455363
27843814 58052129
27843814 16523641
27843814 210215998
27843814 175540859
27843814 73022649
27843814 9917729
27843814 215747976
27843814 58381306
27843814 193398101
27843814 252043380
30581666 147873152
30581666 27843814
30581666 86483523
30581666 58052129
30581666 58381306
30581666 252043380
30581666 23300100
543971936 534788515
534766479 534868439
12592285 27843814
12592285 33560451
74895016 51728129
74895016 147873152
74895016 8690203
74895016 168905339
74895016 27843814
74895016 58052129
58349938 58381306
58349938 27843814
58349938 58052129
49239920 27843814
49239920 58052129
49239920 58381306
152693094 3767219
152693094 58381306
152693094 152725904
421455363 27843814
421455363 421466135
421455363 147873152
421455363 58052129
421455363 16523641
421455363 252043380
421455363 58381306
421455363 215747976
421455363 32484016
10498615 421466135
10498615 58052129
10498615 52450086
10498615 27843814
10498615 58381306
10498615 147873152
10498615 8690203
58381306 8690203
58381306 58052129
58381306 27843814
58381306 254993545
58381306 357564177
58381306 147873152
58381306 32484016
58381306 58351291
58381306 215747976
58381306 175540859
58381306 16523641
58381306 57993963
58381306 61939358
58381306 123579915
58381306 421466135
58381306 21402323
58381306 421455363
58381306 252043380
58381306 23300100
215965330 674694035
16523641 36817028
16523641 27843814
16523641 8690203
16523641 58052129
16523641 292371173
16523641 147873152
16523641 33560451
16523641 69274570
16523641 21402323
16523641 57608974
16523641 421496395
16523641 421466135
16523641 167800292
16523641 57610058
16523641 421455363
16523641 254993545
16523641 175540859
16523641 73022649
16523641 81599737
16523641 149545979
16523641 32484016
16523641 58381306
16523641 193398101
16523641 252043380
51728129 74895016
254993545 58052129
254993545 8690203
254993545 147873152
254993545 50646095
254993545 16523641
254993545 33560451
254993545 32484016
254993545 58381306
223865629 27843814
223865629 58381306
9917729 27843814
9917729 58381306
522255327 691795466
364194500 29123954
540829530 147873152
540829530 27843814
540829530 252043380
540829530 58052129
