91159856 61811423
91159856 145457124
210212700 152858158
67420817 210223453
67420817 145457124
67420817 24111735
67420817 152856425
67420817 15659139
67420817 155859309
67420817 152858158
67420817 57651625
67420817 58054987
67420817 152676977
152679417 15659139
65448086 15659139
65448086 39091909
65448086 50852830
65448086 145457124
60078290 15659139
60078290 152848711
5902544 24111735
5902544 39091909
5902544 15659139
166899197 15659139
61811423 91159856
61811423 15659139
39091909 145457124
39091909 15659139
39091909 5902544
39091909 65448086
39091909 58054987
50583474 39706182
483759923 15659139
483759923 58054987
152929020 15659139
152929020 58054987
152929020 152676977
561328065 15659139
15659139 152679417
298850042 102271693
152722792 15659139
58054987 15659139
58054987 67420817
58054987 483759923
58054987 24111735
58054987 210242852
58054987 145457124
58054987 505563514
58054987 210223453
58054987 152858158
58054987 65448086
58054987 39091909
58054987 166899197
58054987 561328065
58054987 21575599
39706182 50583474
580907454 15659139
152891527 15659139
152676977 15659139
152676977 152929020
152676977 145457124
286846464 15659139
152930930 145457124
152930930 152858158
152930930 15659139
152858158 15659139
152858158 145457124
152858158 67420817
152858158 44759271
152858158 57651625
152858158 58054987
152858158 152604071
152858158 152930930
152858158 21575599
152848711 60078290
86188331 15659139
210223453 67420817
210223453 145457124
210223453 102271693
210223453 15659139
210223453 58054987
152856425 67420817
152856425 15659139
152856425 50852830
53143884 15659139
548832336 15659139
44759271 145457124
44759271 24111735
44759271 15659139
44759271 152858158
210187985 145456409
50852830 15659139
98567842 24111735
98567842 15659139
167829581 15659139
581033572 15659139
228953361 15659139
566730961 15659139
551730748 15659139
152604071 15659139
152604071 152858158
145456409 145457124
145456409 24111735
145456409 15659139
145456409 210187985
56936410 15659139
747150284 15659139
581420503 15659139
421461916 15659139
582033805 15659139
152928109 15659139
549941609 15659139
536218330 152679417
536218330 15659139
505563514 58054987
581628904 15659139
102271693 298850042
184584396 15659139
582730804 15659139
145457124 44759271
145457124 67420817
145457124 210223453
145457124 39321724
145457124 145456409
145457124 58320193
145457124 91159856
145457124 39091909
145457124 15659139
145457124 210212700
145457124 65448086
145457124 152858158
145457124 57651625
145457124 58054987
145457124 152676977
145457124 152930930
58320193 145457124
58320193 15659139
58302578 15659139
582490876 15659139
231329086 50852830
24111735 44759271
24111735 67420817
24111735 145456409
24111735 152929020
24111735 15659139
24111735 5902544
24111735 155859309
24111735 57651625
24111735 58054987
155859309 67420817
155859309 24111735
470281381 15659139
57651625 67420817
57651625 152858158
57651625 24111735
57651625 145457124
39321724 145457124
39321724 15659139
581191044 15659139
138276195 152679417
138276195 15659139
21575599 152858158
21575599 15659139
55048290 15659139
