298804033 137759402
298804033 163942556
455843899 137759402
756878438 137759402
258396998 137759402
32115079 137759402
307667582 137759402
36145078 163942556
216073860 137759402
216073860 165124875
434664521 137759402
298807557 137759402
206649866 137759402
68216201 137759402
298808267 137759402
836612061 137759402
93565632 137759402
93565632 289192444
93565632 836612223
365200100 137759402
365200100 156440587
365200100 548470881
365200100 76206881
237418131 137759402
102508256 76206881
833569092 137759402
22956571 137759402
156440587 365200100
156440587 137759402
156440587 307667582
156440587 364608768
156440587 165124875
156440587 548470881
741694418 137759402
125875141 137759402
125875141 756878438
125875141 20011197
200257124 137759402
32302080 137759402
298806895 137759402
298806895 126570392
298806895 289192444
833833779 137759402
741702536 137759402
741702536 364657086
836612223 93565632
836612223 289192444
132893486 137759402
674414553 137759402
674414553 230882889
203358478 137759402
166693761 137759402
364608768 137759402
364608768 156440587
230882889 137759402
743474264 137759402
743474264 74773144
56920348 137759402
56920348 756878438
12145183 137759402
12145183 20011197
299508445 137759402
155584497 137759402
155584497 132893486
76206881 365200100
76206881 137759402
76206881 756878438
76206881 102508256
155609156 137759402
13782813 137759402
155562406 137759402
155562406 756878438
289192444 137759402
289192444 93565632
289192444 836612223
548470881 365200100
548470881 137759402
548470881 156440587
8729479 137759402
364657086 741702536
74773144 137759402
74773144 743474264
20011197 125875141
20011197 12145183
163942556 137759402
163942556 298804033
163942556 36145078
137759402 307667582
137759402 756878438
137759402 132893486
137759402 165124875
137759402 216073860
137759402 76206881
137759402 548470881
137759402 741694418
137759402 741702536
137759402 446705562
144702627 137759402
446705562 137759402
155549730 137759402
165124875 137759402
165124875 756878438
165124875 156440587
165124875 216073860
