680913273 58381306
54233330 52340942
60780131 20370673
220487004 58381306
58403114 20370673
58403114 364237755
58403114 421461504
58403114 58089618
58403114 58381306
58403114 99560233
52584335 224340556
52584335 162146136
52584335 52452072
52584335 720512004
52584335 38636995
52584335 58089618
52584335 223767418
52584335 833331406
52584335 215747976
52584335 58381306
52584335 48701061
52584335 163543991
52584335 128816943
52340942 54233330
52340942 58381306
45300264 162146136
45300264 97137345
45300264 58381306
421496317 20370673
30160137 52340942
30160137 58381306
30160137 99560233
30160137 58089618
30160137 128816943
421485835 58089618
152713317 765090970
152713317 12353228
128816943 97137345
128816943 52584335
128816943 720512004
128816943 58381306
734973629 58381306
5492689 52340942
5492689 254993545
5492689 58089618
5492689 58381306
9460260 58381306
9460260 164374513
152850832 20370673
152850832 38636995
152850832 58089618
18220828 20370673
720512004 38636995
720512004 128816943
720512004 97137345
720512004 58381306
48701061 52584335
48701061 58381306
48701061 58089618
223767418 58381306
223767418 52452072
215747976 38636995
215747976 58381306
38636995 720512004
38636995 18442239
38636995 52584335
38636995 152850832
38636995 20370673
38636995 58089618
38636995 254993545
38636995 152596656
38636995 215747976
38636995 58381306
152596656 828447632
152596656 58089618
152596656 162146136
152596656 97137345
152596656 128816943
123579915 58381306
12353228 254993545
12353228 20370673
12353228 35338465
12353228 58089618
12353228 163543991
12353228 152713317
4437067 58089618
4437067 35338465
152673099 58381306
395296242 54409095
58089618 152850832
58089618 38636995
58089618 4437067
58089618 421485835
58089618 164374513
58089618 18442239
58089618 162146136
58089618 254993545
58089618 12353228
58089618 5492689
58089618 58381306
58089618 97137345
58089618 163543991
58089618 30160137
67943479 58381306
149550914 215747976
24844594 135613083
135613083 24844594
828447632 20370673
828447632 152596656
828447632 58089618
19794944 20370673
249019073 58089618
26263912 162146136
26263912 20370673
164374513 18442239
164374513 9460260
164374513 58089618
164374513 163543991
18442239 20370673
18442239 38636995
18442239 164374513
18442239 58089618
97137345 35338465
35338465 20370673
35338465 12353228
35338465 99560233
35338465 58381306
35338465 97137345
685953830 421474585
685953830 58381306
685953830 99560233
20370673 26263912
20370673 18220828
20370673 152850832
20370673 60780131
20370673 18442239
20370673 19794944
20370673 52452072
20370673 152595877
20370673 14779748
20370673 58403114
20370673 38636995
20370673 828447632
20370673 76334479
20370673 254993545
20370673 35338465
20370673 421496317
20370673 12353228
20370673 421480776
20370673 215747976
20370673 58381306
20370673 163543991
364237755 97137345
52452072 52340942
52452072 223767418
52452072 58381306
14779748 20370673
65882344 685953830
65882344 421474585
65882344 58089618
765090970 152713317
127696243 58381306
76334479 20370673
76334479 58089618
76334479 99560233
163543991 58381306
163543991 20370673
163543991 164374513
163543991 58089618
163543991 254993545
58381306 99560233
58381306 254993545
58381306 720512004
58381306 38636995
58381306 215747976
58381306 60780131
58381306 58089618
58381306 685953830
58381306 52340942
58381306 9460260
58381306 123579915
58381306 20370673
58381306 5492689
58381306 45300264
58381306 163543991
58381306 30160137
162146136 224340556
162146136 26263912
162146136 52584335
162146136 58089618
162146136 97137345
162146136 58381306
254993545 20370673
254993545 58089618
254993545 12353228
254993545 5492689
254993545 163543991
254993545 97137345
254993545 58381306
152473907 58381306
421474585 685953830
421480776 58089618
54409095 58089618
54409095 97137345
54409095 58381306
