57647359 152929231
57647359 152933278
57647359 57651083
57647359 99008301
152898884 152933278
580912568 152933278
152879629 152933278
152879629 99008301
152574488 152933278
152574488 58255148
152574488 54180317
152580250 58255148
152928205 152933278
152928205 99008301
152722468 152933278
57651083 57647359
57651083 152933278
58255148 152933278
58255148 152574488
58255148 99008301
54180317 152933278
152735823 152933278
152735823 152929231
152134184 99008301
152134184 152929231
152134184 152933278
58488373 99008301
145450540 152933278
152933278 57647359
152933278 152929231
152933278 58255148
152933278 57651083
152933278 145450540
152933278 152574488
152933278 152722468
152933278 152898884
152933278 54180317
152933278 152928205
152933278 99008301
152933278 152735823
152933278 152134184
152783957 152933278
152929231 152933278
152929231 58255148
152929231 99008301
152929231 152735823
152929231 152134184
99008301 152879629
99008301 57647359
99008301 152929231
99008301 152933278
99008301 58255148
99008301 58488373
99008301 152928205
99008301 152134184
