453861216 115797436
547530052 115797436
11619119 458138129
11619119 111889194
11619119 243100217
11619119 768311844
11619119 139778943
741692796 216071303
741692796 184081464
147998916 115797436
184081464 741692796
155573204 115797436
115797436 183431060
115797436 114400215
115797436 139778943
113479390 115797436
298808106 139778943
298808106 115797436
37916618 15394784
29608161 111889194
156116772 115797436
689360367 50697344
289192029 17003036
289192029 111889194
289192029 768311844
289192029 674830054
289192029 139778943
458138129 11619119
773021325 768311844
156270626 115797436
651216412 111889194
114400215 384716501
114400215 50697344
114400215 115797436
15394784 37916618
139778943 11619119
139778943 289192029
139778943 50697344
139778943 768311844
139778943 115797436
139778943 298808106
111889194 11619119
111889194 29608161
111889194 162834344
111889194 243100217
111889194 50697344
111889194 651216412
298803028 115797436
298803028 814943723
128489441 768311844
258209932 289201272
384716501 114400215
384716501 115797436
579244195 115797436
674830054 289192029
17003036 289192029
164832958 115797436
67833564 162834344
159838285 768311844
768311844 11619119
768311844 289192029
768311844 128489441
768311844 159838285
768311844 139778943
768311844 773021325
768311844 289201272
453400610 162834344
243100217 111889194
243100217 11619119
573168333 59645925
50697344 111889194
50697344 689360367
50697344 139778943
289201272 258209932
289201272 768311844
59645925 573168333
59645925 115797436
