231367503 127196848
57456975 127196848
49180264 127166025
49180264 127196848
152573440 127166025
152573440 93768059
29553257 57448150
29553257 127196848
93768059 152573440
93768059 127166025
93768059 34951436
152811865 127166025
152811865 107496003
230947158 127166025
54418892 73867206
54418892 127166025
43965670 127196848
152655615 127166025
44230792 184599629
73867206 127166025
73867206 54418892
45355123 127196848
128950491 127196848
128950491 127166025
152671413 107496003
152671413 127166025
34951436 93768059
34951436 127166025
34951436 107496003
166583391 127166025
280028059 127196848
44788517 127196848
44080268 127196848
281550547 127166025
79847045 127196848
50849380 127196848
385619515 127166025
128527607 127166025
51212570 127166025
57464664 127166025
57464664 127196848
57394399 127196848
184599629 44230792
110972738 127196848
542943289 127196848
57448150 29553257
53923840 127166025
107496003 152811865
107496003 34951436
107496003 152671413
508072133 127196848
49419663 127166025
49419663 127196848
