158175049 68933949
48816734 38860442
48816734 17752217
3335617 18100461
68933949 60499477
68933949 158175049
68933949 38860442
68933949 130608478
68933949 161491900
68933949 7916033
68933949 31764955
60499477 38923984
60499477 68933949
60499477 54435267
60499477 45362952
60499477 83554784
60499477 58351904
60499477 130608478
60499477 161491900
60499477 7916033
60499477 31764955
38860442 48816734
38860442 2460694
38860442 68933949
38860442 130608478
38860442 9865889
38860442 17752217
38860442 83554784
38860442 134239660
59694372 127184587
45344489 127184587
83554784 60499477
83554784 38860442
83554784 328775823
83554784 45362952
83554784 7916033
58351904 60499477
58351904 45362952
58351904 31764955
58351904 7916033
31764955 7916033
31764955 68933949
31764955 60499477
31764955 58351904
31764955 130608478
130608478 38860442
130608478 68933949
130608478 60499477
130608478 31764955
130608478 7916033
18100461 134694094
18100461 127184587
69503445 81379137
39951939 81379137
39951939 18100461
7916033 54435267
7916033 83554784
7916033 68933949
7916033 81379137
7916033 60499477
7916033 45362952
7916033 58351904
7916033 130608478
7916033 17752217
7916033 31764955
9865889 81379137
299253849 130608478
52542994 60499477
17752217 38860442
17752217 81379137
17752217 166278557
17752217 48816734
17752217 127184587
17752217 61538550
17752217 9865889
17752217 7916033
54435267 60499477
54435267 130608478
54435267 7916033
134239660 61538550
134239660 40060471
134239660 38860442
134239660 111418455
134239660 81379137
134239660 72935445
134239660 9865889
134239660 69503445
72935445 81379137
72935445 134239660
2460694 38860442
328775823 18684028
328775823 83554784
134694094 18100461
38923984 60499477
38923984 127184587
38923984 45362952
834895126 130608478
81379137 61538550
81379137 17752217
81379137 69503445
81379137 7916033
166278557 17752217
161491900 130608478
45362952 60499477
45362952 81379137
45362952 68933949
45362952 54435267
45362952 83554784
45362952 58351904
45362952 7916033
18684028 328775823
18684028 45422609
18684028 130608478
18684028 18100461
61538550 81379137
61538550 18100461
45422609 18684028
45422609 7916033
40060471 38860442
40060471 69503445
40060471 134239660
54631940 18100461
