80716198 15940475
80716198 28468452
80716198 44750375
80716198 298830824
152577892 15940475
57583888 152481262
152930330 152954086
152930330 298830824
152930330 57647423
152930330 152818414
152930330 25494799
44972236 104267464
44750375 15940475
44750375 152621022
44750375 298830824
44750375 50897041
44750375 80716198
44750375 152913465
44750375 32122102
44750375 57647862
152621022 298830824
152621022 152818414
152621022 152435505
152621022 44750375
152621022 145456263
152924341 57647423
9116942 152435505
9116942 52579708
28468452 80716198
28468452 92377959
152954086 79437492
152954086 152733070
152954086 152911990
152954086 152930330
152954086 152920117
152954086 25494799
152954086 32122102
152924218 152620898
104267464 44972236
104267464 152934159
50897041 152957425
50897041 44750375
50897041 57647423
50897041 152931791
50897041 152924218
152911858 15940475
36650312 15940475
15940475 79437492
15940475 298830824
15940475 57647423
15940475 36650312
15940475 152957425
15940475 152911858
15940475 152565206
15940475 44750375
15940475 152931791
15940475 80716198
15940475 47833888
15940475 152577892
15940475 152677203
15940475 32122102
15940475 57647862
56936268 104267464
56936268 152435505
56936268 152733070
152931791 50897041
152931791 57647423
152931791 15940475
152931791 298830824
152931791 32122102
92377959 152954086
92377959 28468452
92377959 152911990
92377959 152818414
92377959 152934159
152957425 298830824
152957425 152733070
152957425 15940475
152957425 50897041
57647423 15940475
57647423 152930330
57647423 152924341
57647423 50897041
57647423 152931791
152817084 152911990
530309557 122452012
25494799 152954086
25494799 528286899
25494799 152930330
25494799 58334182
25494799 32122102
25494799 152934159
152913465 44750375
152913465 152733070
152913465 32122102
298852243 52579708
122452012 530309557
298830824 152621022
298830824 152957425
298830824 15940475
298830824 152930330
298830824 152818414
298830824 152435505
298830824 44750375
298830824 152931791
298830824 80716198
298830824 58334182
58355469 152934159
52579708 298852243
52579708 55815413
152565206 15940475
152733070 152954086
152733070 152911990
152733070 152957425
152733070 56936268
152733070 152913465
152733070 58334182
152934159 92377959
152934159 104267464
152934159 32122102
152934159 152911990
152934159 152954086
55815413 52579708
152818414 298830824
152818414 152621022
152818414 152930330
152818414 145456263
152818414 92377959
32122102 15940475
32122102 44750375
32122102 152931791
32122102 152913465
32122102 25494799
32122102 152934159
32122102 57647862
58150761 152818414
152677203 15940475
79437492 152954086
79437492 15940475
145456263 152818414
145456263 152621022
152620898 152924218
152435505 152911858
152435505 9116942
57647862 32122102
57647862 15940475
57647862 44750375
