152815481 58519792
152815481 57647942
582121493 58519792
637581612 58519792
580931460 58519792
580931460 210195584
580931460 57647942
98559756 58519792
98559756 210191041
582224068 58519792
582224068 57647942
107470405 152728782
107470405 152669387
107470405 57650710
107470405 126018595
107470405 130257192
35012851 58519792
152728782 107470405
152728782 58519792
152728782 210187620
152728782 57647942
155830537 58519792
155830537 152592461
633987913 58519792
633987913 31415083
699681699 58519792
581082781 58519792
581082781 31415083
152592461 58519792
152592461 155830537
501573765 58519792
501573765 115196772
35218062 58519792
35218062 126018595
735845357 31415083
836612981 58519792
167845472 58519792
581878584 58519792
58067977 58519792
58067977 44759319
58067977 126018595
58067977 4362574
357831003 58519792
36680944 57650710
36680944 58519792
58148848 58519792
58148848 210187620
58148151 58519792
58148151 833306839
122673705 58519792
126018595 58067977
126018595 35218062
126018595 107470405
126018595 58519792
115196772 58519792
115196772 501573765
115196772 44759319
541446716 58519792
210208632 44759319
210208632 210191041
210208632 58519792
210267455 58519792
539567148 58519792
152850101 58519792
210187106 58519792
44965236 58519792
44965236 152728782
44965236 31415083
447692759 58519792
210187620 152595168
210187620 833306839
210187620 152728782
210187620 58148848
210187620 31415083
210187620 57647942
210187620 4362574
57645490 98559756
57645490 58519792
57645490 57652601
57645490 31415083
57645490 57647942
57650710 57652601
57650710 44965236
57650710 122673705
57650710 130257192
57650710 107470405
57650710 58519792
57650710 36680944
57650710 57647942
152595168 58519792
152595168 210187620
152595168 57647942
322661552 58519792
210191041 98559756
210191041 58519792
210191041 57652601
210191041 210208632
696063895 58519792
4362574 58519792
4362574 57647942
4362574 31415083
4362574 210187620
4362574 58067977
152628090 35059328
152628090 58519792
152713629 58519792
152713629 52571804
152713629 57652601
152713629 57647942
219046028 58519792
31415083 581082781
31415083 633987913
31415083 581045776
31415083 74017481
31415083 501573765
31415083 210187620
31415083 44759319
31415083 57652601
31415083 210195584
31415083 735845357
31415083 58519792
31415083 152669387
31415083 57647942
31415083 582224068
31415083 4362574
57647942 58519792
57647942 35059328
57647942 44759319
57647942 152815481
57647942 57652601
57647942 31415083
57647942 57645490
57647942 130257192
57647942 57650710
57647942 152669387
57647942 152713629
57647942 210187620
57647942 833347421
57647942 581045776
57647942 4362574
57652601 152713629
57652601 58519792
57652601 57645490
57652601 31415083
57652601 57650710
57652601 210191041
57652601 57647942
152572622 58519792
210195584 580931460
210195584 57645490
210195584 58519792
210195584 31415083
210195584 57647942
155823037 58519792
833306839 58148151
833306839 210187620
833306839 31415083
833306839 57647942
834472830 58519792
44759319 58067977
44759319 210208632
44759319 115196772
44759319 31415083
44759319 57647942
152669387 107470405
152669387 58519792
152669387 31415083
152669387 57647942
84213643 58519792
35059328 152628090
35059328 58519792
35059328 57647942
833347421 58519792
833347421 57647942
74017481 58519792
74017481 31415083
74017481 57647942
581045776 58519792
581045776 57647942
210187949 58519792
298840137 58519792
130236887 58519792
42951000 58519792
152885170 98559756
152885170 58519792
130257192 58519792
130257192 107470405
833314148 58519792
52571804 152713629
52571804 58519792
