8850709 127172488
156129523 128861285
138861655 128861285
521859107 127172488
666041034 774470967
130077241 836614381
202161262 79767048
38494338 127172488
528179580 774473127
528179580 119702586
36780117 127172488
55975830 127172488
24570871 104273465
24570871 127172488
79767048 202161262
300272011 127172488
299309909 127172488
5448982 127172488
102921887 522671018
54419568 127172488
297848949 127172488
774470967 666041034
90734950 127172488
449592559 127172488
522671018 102921887
16554773 127172488
45365424 127172488
104273465 24570871
104273465 127172488
836614381 130077241
129896962 115215631
1539375 127172488
299618460 127172488
62138054 127172488
56340570 127172488
292144940 19315951
115215631 129896962
354703219 128861285
19315951 292144940
27057913 127172488
