84045093 127176196
15660950 127176196
219778730 127176196
147907286 127176196
28830402 127176196
200065049 127176196
78183962 127176196
54170986 127176196
254643531 127176196
305906771 127176196
121803123 127176196
121803123 231131668
11635176 127176196
231131668 127176196
608517429 127176196
12565862 127176196
19561382 127176196
815487281 127176196
717592510 127176196
200024849 127176196
701326101 127176196
324884452 127176196
141767557 127176196
42123433 127176196
57488201 127176196
515078169 127176196
145679581 127176196
31871174 127176196
12820567 127176196
224401244 127176196
33700740 127176196
130644684 127176196
