152784957 152734428
152784957 91977320
152784957 67745676
152784957 152919818
152784957 13034709
152784957 490439505
152784957 152678976
152784957 152914235
152784957 6308785
152784957 97136806
152784957 15860763
152784957 152699999
152722113 152919818
152722113 15860763
152722113 490439505
152722113 97136806
152722113 152919235
152722113 152850568
152722113 152954990
152722113 110771162
152728357 490439505
152728357 110771162
152931957 91977320
152931957 13034709
152931957 490439505
152931957 6308785
152931957 152940979
152931957 152955604
152914285 152919818
152914285 490439505
149772565 91977320
149772565 65463182
149772565 147986625
149772565 152928301
148301438 152919235
148301438 97136806
148301438 581208616
148301438 142743223
148301438 152724161
152699999 152919818
152699999 490439505
152699999 36523354
152699999 152603908
152699999 148301438
152699999 152784957
152699999 142743223
57583888 15860763
57583888 152919818
57583888 490439505
57583888 152673748
152919818 152896670
152919818 67745676
152919818 152914285
152919818 152905567
152919818 15860763
152919818 152925728
152919818 490439505
152919818 581208616
152919818 126514138
152919818 97136806
152919818 14613178
152919818 152920063
152919818 152919235
152919818 131830518
152919818 149528759
152919818 152850568
152919818 142743223
152919818 110771162
152919818 152955843
152849486 152919818
152849486 85903506
152849486 490439505
49240220 13034709
49240220 126514138
152801826 152919818
152801826 15860763
152801826 490439505
152801826 6308785
152801826 152724161
152941158 490439505
152941158 36523354
152941158 152724161
85903506 152785343
85903506 490439505
85903506 126514138
152905567 152914285
152905567 152919818
152905567 490439505
67745676 123996253
67745676 152914285
67745676 152919818
67745676 54483226
67745676 15860763
67745676 85903506
67745676 490439505
67745676 152673748
67745676 65463182
67745676 581208616
67745676 126514138
67745676 152695527
67745676 97136806
67745676 152920063
67745676 152928301
67745676 152892957
67745676 152919235
67745676 152904553
67745676 149528759
67745676 152850568
67745676 142743223
67745676 152724161
14613178 581411129
14613178 152919818
14613178 490439505
14613178 152919235
14613178 97136806
104749630 91977320
104749630 13034709
104749630 152573103
104749630 110771162
581411129 152673748
581411129 152954990
152920063 152919818
152920063 13034709
152920063 490439505
152920063 581208616
152920063 152673748
13034709 132671561
13034709 91977320
13034709 104749630
13034709 152900516
13034709 123996253
13034709 152785343
13034709 131568971
13034709 44758809
13034709 152919818
13034709 54483226
13034709 15860763
13034709 152787070
13034709 152603908
13034709 152784957
13034709 490439505
13034709 152730145
13034709 6308785
13034709 65463182
13034709 126514138
13034709 152940979
13034709 152811433
13034709 20165766
13034709 61933151
13034709 129642446
13034709 97136806
13034709 152955604
13034709 152931957
13034709 15724762
13034709 57650804
13034709 152920063
13034709 152928301
13034709 152573103
13034709 152678976
13034709 131830518
13034709 152914235
13034709 45458690
13034709 152674266
13034709 152954990
13034709 142743223
13034709 110771162
13034709 152724161
13034709 152955843
13034709 49240220
152954990 6308785
152954990 123996253
152954990 15860763
152954990 30781951
152954990 131830518
152954990 13034709
152954990 152941158
152954990 152919818
152954990 152920063
152954990 581208616
152954990 36523354
152954990 97136806
152954990 126514138
152954990 490439505
152954990 152673748
152954990 152955843
152787070 152919818
152787070 13034709
152787070 490439505
152787070 152928301
152914235 152919818
152914235 54483226
152914235 13034709
152914235 490439505
152914235 97136806
152914235 152724161
152892957 490439505
152785343 152919818
152785343 85903506
152785343 13034709
152785343 490439505
152785343 152673748
152785343 152840035
152785343 152919235
152785343 131830518
123996253 13034709
123996253 490439505
123996253 131830518
123996253 6308785
123996253 152919235
123996253 65463182
123996253 152850568
123996253 152954990
54483226 581411129
54483226 67745676
54483226 44758809
54483226 152919818
54483226 15860763
54483226 85903506
54483226 13034709
54483226 490439505
54483226 61933151
54483226 129642446
54483226 97136806
54483226 14613178
54483226 152898759
54483226 152920063
54483226 152892957
54483226 152811182
54483226 152919235
54483226 152914235
54483226 152850568
54483226 152954990
54483226 142743223
54483226 110771162
54483226 152724161
490439505 152931722
490439505 152914285
490439505 152919818
490439505 15860763
490439505 6308785
490439505 97136806
490439505 14613178
490439505 152728357
490439505 152920063
490439505 152678976
490439505 152904553
490439505 36523354
490439505 152850568
490439505 152724161
147986625 15860763
147986625 490439505
147986625 65463182
147986625 149772565
147986625 152674266
147986625 152724161
36523354 152941158
36523354 152919818
36523354 15860763
36523354 490439505
36523354 6308785
36523354 152850568
142743223 152919818
142743223 490439505
142743223 15860763
142743223 148301438
142743223 13034709
152940979 13034709
152940979 490439505
152940979 152931957
152940979 152928301
152940979 65463182
152722330 110771162
65463182 91977320
65463182 67745676
65463182 44758809
65463182 13034709
65463182 147986625
65463182 149772565
65463182 57650804
65463182 152904553
65463182 152940979
65463182 6308785
65463182 123996253
152734428 152784957
152734428 490439505
152678976 30781951
152678976 13034709
152678976 152784957
152678976 490439505
152678976 152695527
152678976 131830518
152678976 152724161
152811182 490439505
6308785 91977320
6308785 152801826
6308785 13034709
6308785 490439505
6308785 129642446
6308785 152931957
6308785 15724762
6308785 36523354
6308785 131830518
6308785 152603908
6308785 152784957
6308785 123996253
6308785 97136806
6308785 152955604
6308785 65463182
6308785 15860763
6308785 45458690
6308785 152954990
152898759 152919818
152898759 54483226
152898759 490439505
152898759 152850568
152730145 152660333
152730145 13034709
152730145 490439505
152730145 152514476
152896670 67745676
152896670 152919818
152896670 15860763
152896670 85903506
152896670 490439505
152896670 152673748
152896670 126514138
152896670 152920063
152896670 152811182
152896670 152919235
152896670 36523354
152896670 131830518
152896670 152850568
152896670 142743223
152896670 152724161
152850568 152919818
152850568 85903506
152850568 490439505
152850568 15724762
152850568 36523354
152850568 14613178
152850568 152898759
152850568 97136806
152850568 54483226
152850568 152941158
152850568 152919235
152850568 152955604
152850568 91977320
152850568 152914235
152850568 67745676
152850568 152896670
152850568 148301438
152850568 152673748
97136806 152660333
97136806 67745676
97136806 152919818
97136806 13034709
97136806 490439505
97136806 152722113
97136806 152695527
97136806 152811433
97136806 129642446
97136806 152914235
97136806 152784957
97136806 152928301
97136806 152892957
97136806 152919235
97136806 14613178
97136806 581208616
97136806 15860763
97136806 45458690
97136806 152850568
97136806 152954990
110771162 13034709
110771162 36523354
110771162 152722113
110771162 490439505
110771162 104749630
110771162 152919818
110771162 152928301
110771162 152724161
45458690 152928301
45458690 6308785
45458690 91977320
45458690 126514138
45458690 131830518
45458690 152603908
45458690 13034709
45458690 152660333
45458690 152724161
45458690 49240220
152811433 152688020
152811433 152919818
152811433 15860763
152811433 13034709
152811433 490439505
152811433 126514138
152811433 97136806
152811433 152919235
152811433 152850568
152927321 490439505
149528759 152673748
152955843 13034709
152955843 581208616
152955843 152920063
152955843 15860763
152955843 152954990
152955843 490439505
152955843 152919818
152955843 152914285
152955843 131568971
58371009 152919818
58371009 490439505
58371009 152850568
58371009 142743223
58371009 110771162
58371009 152724161
58371009 49240220
126514138 67745676
126514138 152914285
126514138 152919818
126514138 85903506
126514138 152695527
126514138 36523354
126514138 152931722
126514138 152941158
126514138 15860763
126514138 152920063
126514138 54180317
126514138 149528759
126514138 152954990
126514138 142743223
126514138 49240220
152514476 91977320
152514476 152730145
152514476 152674266
91977320 104749630
91977320 44758809
91977320 13034709
91977320 152603908
91977320 152784957
91977320 6308785
91977320 65463182
91977320 149772565
91977320 152931957
91977320 152573103
91977320 152514476
91977320 45458690
91977320 152850568
91977320 152954990
152633367 490439505
152633367 152673748
152633367 152955604
20165766 13034709
20165766 152724161
57650804 13034709
57650804 65463182
57650804 152573103
152904553 67745676
152904553 490439505
152904553 65463182
152904553 152955604
152904553 152840035
152840035 152785343
152840035 152914285
152840035 152919818
152840035 490439505
152840035 152920063
152840035 152955604
152573103 91977320
152573103 104749630
152573103 13034709
152573103 152931957
152573103 57650804
152573103 57583888
44758809 91977320
44758809 13034709
44758809 65463182
44758809 152724161
581208616 152919818
581208616 490439505
581208616 152695527
581208616 36523354
581208616 131830518
581208616 152920063
581208616 152919235
581208616 15860763
61933151 54483226
61933151 15860763
61933151 13034709
61933151 490439505
30781951 490439505
30781951 581208616
30781951 152678976
30781951 152954990
152603908 91977320
152603908 152919818
152603908 13034709
152603908 6308785
152603908 45458690
152603908 152954990
129642446 152919818
129642446 54483226
129642446 13034709
129642446 152603908
129642446 6308785
129642446 97136806
129642446 152850568
152724161 54483226
152724161 97136806
152724161 152941158
152724161 13034709
152724161 152954990
152724161 110771162
152724161 142743223
152724161 61933151
152724161 45458690
152724161 67745676
152724161 58371009
152724161 152928301
152724161 148301438
152724161 152914235
152724161 15860763
152724161 152674266
152724161 490439505
152724161 44758809
152724161 152660333
152724161 147986625
152724161 152919235
152724161 126514138
152724161 152801826
152724161 152919818
152724161 152673748
132671561 152919818
132671561 13034709
132671561 490439505
132671561 126514138
132671561 152695527
132671561 152504746
131830518 152660333
131830518 123996253
131830518 152785343
131830518 152919818
131830518 15860763
131830518 13034709
131830518 6308785
131830518 581208616
131830518 126514138
131830518 152695527
131830518 152678976
131830518 45458690
131830518 152954990
152674266 152955604
152674266 152928301
152674266 152660333
152674266 152514476
152674266 13034709
152674266 147986625
152674266 45458690
152674266 152919235
152674266 110771162
152674266 152724161
152660333 152919818
152660333 490439505
152660333 152730145
152660333 97136806
152660333 131830518
152660333 45458690
152660333 152674266
152695527 132671561
152695527 67745676
152695527 152919818
152695527 15860763
152695527 490439505
152695527 126514138
152695527 97136806
152695527 152678976
152695527 131830518
152931722 490439505
152919235 152900516
152919235 152896670
152919235 67745676
152919235 152785343
152919235 152914285
152919235 152919818
152919235 54483226
152919235 85903506
152919235 490439505
152919235 152722113
152919235 152811433
152919235 152920063
152919235 152673748
152919235 123996253
152919235 148301438
152919235 97136806
152919235 14613178
152919235 581208616
152919235 15860763
152919235 152850568
152919235 152674266
152919235 152954990
152919235 152724161
152603343 490439505
152603343 152928301
152900516 152914285
152900516 152919818
152900516 15860763
152900516 13034709
152900516 490439505
152900516 152928301
152900516 152919235
152900516 45458690
152900516 152954990
152955604 152905567
152955604 152919818
152955604 13034709
152955604 490439505
152955604 152931957
152955604 152904553
152955604 152633367
152955604 152931722
152955604 152920063
152955604 152850568
152955604 152674266
152955604 152954990
152955604 152724161
833363420 152919818
833363420 15860763
15724762 13034709
15724762 6308785
15724762 152850568
152504746 132671561
152504746 152724161
152932385 490439505
131568971 152919818
131568971 13034709
15860763 152900516
15860763 152801826
15860763 152919818
15860763 13034709
15860763 490439505
15860763 833363420
15860763 152722113
15860763 152695527
15860763 147986625
15860763 152811433
15860763 36523354
15860763 131830518
15860763 152784957
15860763 152673748
15860763 6308785
15860763 152919235
15860763 97136806
15860763 581208616
15860763 126514138
15860763 152954990
15860763 142743223
15860763 57583888
15860763 152724161
15860763 152955843
152928301 152603343
152928301 67745676
152928301 152914285
152928301 152905567
152928301 152919818
152928301 152787070
152928301 13034709
152928301 152925728
152928301 490439505
152928301 149772565
152928301 152940979
152928301 152920063
152928301 152673748
152928301 581208616
152928301 15860763
152928301 126514138
152928301 45458690
152928301 152850568
152928301 152674266
152928301 110771162
152928301 152724161
