46486996 127171189
46486996 127514352
46486996 65420586
72771091 120100318
127514352 127171189
127514352 46486996
29789970 127171189
205079418 176566094
695664151 176566094
57472515 127171189
57472515 231768104
57472515 176566094
50862410 176566094
50862410 127171189
603518803 57472515
603518803 176566094
6539786 176566094
15213592 150792634
15213592 509137516
15213592 176566094
231642622 127171189
698691971 176566094
305591984 176566094
57536644 176566094
155560267 127171189
150792634 509137516
150792634 15213592
163371456 176566094
760612022 176566094
541521704 127171189
39472698 176566094
127645211 176566094
679629737 176566094
77197248 176566094
509137516 150792634
509137516 15213592
45017897 176566094
149583759 127171189
45059239 176566094
5369673 21135583
49054472 176566094
687535445 176566094
363251155 57472515
185016326 176566094
58178497 57472515
58178497 176566094
5327296 127171189
302971764 176566094
43981722 176566094
517870648 176566094
17245159 127171189
17245159 50636132
65420586 46486996
155524780 176566094
50636132 17245159
21135583 5369673
80804150 127171189
80804150 176566094
732387179 176566094
695264678 231768104
695264678 176566094
828013243 127171189
120100318 72771091
44299399 127171189
165372529 127171189
57139745 57472515
57139745 176566094
224601271 176566094
2366157 127171189
231768104 176566094
50886939 57472515
50886939 176566094
103507838 176566094
