54258577 127171189
65396025 127171189
152787569 58425181
85681036 128470148
85681036 27500083
128470148 127171189
128470148 27500083
128470148 85681036
27176284 127171189
54936770 127171189
58425181 152787569
58425181 152914556
20582994 127171189
20582994 65396025
20582994 85681036
20582994 45222271
365373141 127171189
47483471 127171189
12213226 127171189
54304668 127171189
82529428 127171189
82529428 27500083
97137429 127171189
150785175 127171189
142801735 47483471
142801735 127171189
67748946 127171189
118331335 127171189
13301151 127171189
64692444 127171189
224318129 127171189
27500083 127171189
27500083 128470148
27500083 82529428
45222271 127171189
45222271 20582994
152914556 58425181
