105733954 833303300
105733954 693837297
105733954 348433192
105733954 64412375
105733954 146768212
105733954 833623941
833303300 105733954
833303300 146768212
64412375 105733954
64412375 346986490
64412375 146768212
64412375 693837297
64412375 607791779
64412375 348433192
693837297 346986490
693837297 105733954
693837297 64412375
175204188 105733954
833623941 105733954
833623941 146768212
146768212 105733954
146768212 833623941
146768212 833303300
146768212 64412375
346986490 693837297
346986490 64412375
58085043 105733954
58085043 9917729
607791779 105733954
607791779 64412375
348433192 105733954
348433192 64412375
