104796653 357612451
104796653 150358044
57446310 49358922
130399715 67538691
140247866 124918807
79762125 150358044
49358922 454409011
49358922 348352892
49358922 57446310
49358922 45512880
49358922 150358044
348352455 348352892
348352455 150358044
454409011 49358922
93455994 113021139
45508129 150358044
45508129 348352892
124918807 140247866
45514557 67538691
83651256 348352892
45510137 348352892
45510137 150358044
45510137 67538691
45510137 45512880
704641734 348352892
704641734 150358044
704641734 45512880
704641734 50628927
704641734 45514557
67538691 129516764
67538691 45510137
357612451 104796653
212294900 128981029
836610880 112178625
50628927 704641734
50628927 348352892
50628927 191862536
123578955 113021139
57446174 348352892
57446174 150358044
57446174 49358922
45513500 348352892
113021139 123578955
113021139 93455994
433687230 448328058
433687230 816390397
433687230 200007271
120508513 348352892
120508513 150358044
129516764 67538691
836610644 112178625
150358044 45508129
150358044 45512880
150358044 120508513
150358044 348352892
150358044 348352484
816390397 348352892
816390397 433687230
45511253 348352892
45511253 45511169
144421103 112178625
43908245 348352892
448328058 433687230
348352484 150358044
836610579 112178625
200007271 348352892
200007271 433687230
200007271 150358044
4129638 67538691
60496638 112178625
348352892 836611315
348352892 45508129
348352892 45512880
348352892 49358922
45512880 348352892
45512880 150358044
45512880 49358922
45512880 45510137
128981029 348352892
50862932 348352892
348352457 150358044
836611315 348352892
112178625 836610880
112178625 150358044
95354263 150358044
57165105 348352892
57165105 150358044
158219895 112178625
