83597426 687299280
302770219 50894595
73721784 127192958
6746755 70038183
44091256 43802226
65644745 60951529
128731251 54286683
65312839 70038183
99716678 60384243
49059636 70038183
45010987 136238838
48682754 70038183
50889079 70038183
83307900 65644745
83307900 70038183
300225079 70038183
687299280 83597426
16731054 127172190
70038183 44193922
70038183 129290889
70038183 300225079
70038183 60384243
70038183 50889079
70038183 6746755
26235672 71298478
50894688 65644745
71298478 70038183
71298478 26235672
44193922 70038183
129290889 128235961
129290889 70038183
49056164 60951529
60384243 70038183
60951529 65644745
43676258 127172190
136238838 45010987
43802226 60384243
43802226 136528986
43802226 44091256
44249789 70038183
