12473307 57847516
24496540 23414914
2479085 3370796
10702457 23414914
200064708 57847516
210261810 57644703
50876093 131921721
8498819 14889571
57644703 60412648
57644703 152602090
57644703 210261810
82669018 6012106
30357079 3370796
30357079 10702457
30357079 131921721
30357079 35049488
17649583 3370796
17649583 231755127
17649583 133180974
3370796 69098836
3370796 133180974
3370796 2479085
3370796 131921721
3370796 57847516
3370796 11292831
6012106 31041304
231755127 17649583
108444138 23414914
25969702 44620012
25969702 131921721
19095175 49354642
19095175 65263533
19095175 57847516
44620012 25969702
44620012 131921721
69098836 3370796
156523668 131921721
152581100 57847516
152602090 65263533
152602090 57644703
31041304 6012106
130775259 23414914
130775259 65467671
14889571 8498819
65263533 19095175
65263533 152602090
35049488 17649583
60274599 23414914
60274599 57847516
48459623 23414914
45163539 131921721
45163539 57847516
23414914 130775259
23414914 108444138
23414914 48459623
23414914 24496540
23414914 60274599
23414914 133180974
23414914 65467671
23414914 10702457
60412648 57644703
57450305 57847516
28546656 131921721
133180974 231755127
133180974 17649583
133180974 131921721
133180974 23414914
219638801 57847516
65467671 130775259
65467671 23414914
11292831 3370796
11292831 57847516
