8016220 103142198
8016220 30147876
8016220 127275062
8016220 56884899
8016220 49363880
8016220 8448509
8016220 25468388
44814633 132798199
531956511 127275062
23864094 127275062
23864094 49363880
57648223 57647784
57648223 152838517
57648223 86438046
415633881 540773693
415633826 25468388
7998082 9968050
7998082 8448509
60448464 127275062
60448464 49363880
45217793 23647979
45217793 127275062
45217793 62293475
45217793 49363880
45217793 25468388
45217793 8448509
298948968 127275062
298948968 49363880
67984620 127275062
67984620 56884899
67984620 25468388
148048028 15301240
148048028 127275062
148048028 25468388
65499091 127275062
65499091 56884899
65499091 49363880
65499091 25468388
173777944 127275062
173777944 25468388
173777944 8448509
15995121 127275062
14967416 103142198
14967416 23647979
14967416 65644158
14967416 127275062
14967416 62293475
14967416 49363880
14967416 8448509
14967416 25468388
25468388 15140803
25468388 8448509
25468388 103142198
25468388 127275062
25468388 62293475
25468388 49363880
25468388 56884899
25468388 15301240
152933134 127275062
177120609 127275062
177120609 25468388
152838517 57648223
30147876 127275062
30147876 8448509
220560482 127275062
131127559 127275062
131127559 49363880
77653552 127275062
77653552 49363880
55316402 103142198
55316402 127275062
8448509 6326347
8448509 23647979
8448509 56884899
8448509 127275062
8448509 25468388
750230115 103142198
750230115 127275062
750230115 49363880
17256425 127275062
17256425 8448509
177105695 103142198
177105695 127275062
177105695 49363880
15140803 103142198
15140803 127275062
15140803 9968050
15140803 49363880
15140803 25468388
127275062 103142198
127275062 49363880
127275062 25468388
167865343 127275062
33070184 25468388
9968050 7998082
9968050 23647979
9968050 30147876
9968050 127275062
9968050 6326347
9968050 15140803
9968050 127533024
9968050 49363880
9968050 8448509
9968050 25468388
49363880 103142198
49363880 127275062
49363880 25468388
177336176 127275062
177336176 49363880
74974847 127275062
177366126 56884899
177366126 25468388
177166362 75770309
177166362 127275062
177166362 56884899
177166362 49363880
177166362 8448509
56884899 127275062
56884899 25468388
62293475 103142198
62293475 127275062
62293475 56884899
62293475 25468388
540773693 415633881
127606070 103142198
127606070 127275062
127606070 62293475
127606070 49363880
127606070 25468388
6326347 127275062
6326347 8448509
6326347 25468388
58446583 25468388
12768526 127275062
12768526 127533024
12768526 8448509
12768526 25468388
637469235 127275062
65644158 103142198
65644158 127275062
65644158 8448509
109367991 127275062
109367991 56884899
109367991 25468388
86438046 57648223
86438046 60448464
18606207 127275062
18606207 49363880
127533024 8448509
22814736 103142198
22814736 25468388
32221139 127275062
32221139 49363880
32221139 25468388
177284537 127275062
177284537 25468388
177143155 127275062
177143155 49363880
177143155 25468388
177148321 127275062
177148321 25468388
15301240 103142198
15301240 127275062
15301240 49363880
15301240 25468388
23647979 103142198
23647979 127275062
23647979 6326347
23647979 56884899
23647979 62293475
23647979 49363880
23647979 8448509
35089797 103142198
35089797 127275062
35089797 8448509
35089797 25468388
105845822 25468388
29486906 127275062
29486906 49363880
29486906 25468388
148337310 127275062
148337310 25468388
132798199 44814633
132798199 127275062
132798199 25468388
95319453 127275062
57647784 57648223
132729845 127275062
42169369 127275062
42169369 49363880
54637801 127275062
54637801 56884899
54637801 25468388
6321666 8448509
56914579 127275062
56914579 60448464
56914579 62293475
56914579 25468388
103142198 23647979
103142198 127275062
103142198 56884899
103142198 25468388
103142198 49363880
103142198 62293475
