152733179 128646023
152733179 152678937
152733179 16698690
152733179 57644714
152733179 50618661
50618661 175162570
50618661 152564083
50618661 16698690
50618661 57644714
50618661 128646023
50618661 152678937
50618661 210253291
50618661 5363771
50618661 152839055
50618661 152621677
50618661 152733179
128646023 152733179
128646023 5363771
128646023 152678937
128646023 175162570
128646023 210253291
128646023 16698690
128646023 57644714
128646023 50618661
210253291 128646023
210253291 152678937
210253291 16698690
210253291 57644714
210253291 50618661
175162570 128646023
175162570 152678937
175162570 57644714
175162570 50618661
33997587 128646023
33997587 16698690
152564083 57644714
152564083 152678937
152564083 50618661
152839055 16698690
152839055 50618661
152678937 152733179
152678937 128646023
152678937 5363771
152678937 175162570
152678937 210253291
152678937 16698690
152678937 57644714
152678937 152564083
152678937 50618661
57644714 152733179
57644714 128646023
57644714 5363771
57644714 152678937
57644714 152928962
57644714 175162570
57644714 210253291
57644714 16698690
57644714 152564083
57644714 50618661
5363771 57644714
152928962 57644714
16698690 152733179
16698690 128646023
16698690 152678937
16698690 175162570
16698690 152839055
16698690 210253291
16698690 57644714
16698690 50618661
152621677 50618661
