120024682 8273423
120024682 113659395
120024682 57643461
50858204 57644548
50858204 58395808
50858204 132191817
50858204 57643580
8273423 47814492
8273423 24744201
8273423 109158244
8273423 133003369
8273423 12708225
8273423 215734190
8273423 601680907
8273423 59969409
8273423 82435733
8273423 210191116
8273423 15036105
8273423 58148894
8273423 34831267
8273423 57847016
8273423 132191817
8273423 57643580
8273423 57643461
82435733 57643303
82435733 57589961
82435733 8273423
82435733 34831267
82435733 57847016
82435733 132191817
82435733 57643580
82435733 57643461
152512617 89996033
152512617 152669896
152512617 132191817
152512617 57643580
833349075 57644548
833349075 57589961
833349075 34831267
833349075 152633813
833349075 601624149
833349075 152727192
833349075 57643580
833349075 132191817
833349075 57847016
833349075 57661479
833349075 152925285
833349075 57643303
833349075 57847212
57847016 24744201
57847016 210261468
57847016 15036105
57847016 8273423
57847016 57589961
57847016 34831267
57847016 57661479
57847016 57643303
57847016 82435733
57847016 57847212
57847016 210272117
57847016 57644548
57847016 152939481
57847016 58148894
57847016 152633813
57847016 152581815
57847016 36732604
57847016 152925285
57847016 833349075
57847016 210200200
57847016 59969409
57847016 152596635
57847016 19372725
57847016 152669896
57847016 601624149
57847016 52584520
57847016 581961259
57847016 70513641
57847016 132191817
57847016 100922455
57847016 57643580
57847016 152727192
57847016 57643461
152596635 34831267
152596635 58395808
152596635 601624149
152596635 57661479
152596635 57847016
152596635 132191817
152596635 57643580
210200200 57644548
210200200 152633813
210200200 152604086
210200200 601624149
210200200 155830903
210200200 57847212
210200200 228969965
210200200 57847016
210200200 132191817
210200200 57643580
210200200 152727192
756496683 58395808
756496683 57643580
161847465 57589961
161847465 57661479
601680907 57644548
601680907 8273423
601680907 57643580
601680907 132191817
36732604 57589961
36732604 601624149
36732604 57847016
36732604 132191817
36732604 57643580
70513641 58395808
70513641 65378233
70513641 58424556
70513641 57847016
70513641 132191817
70513641 57643580
70513641 152727192
152604086 210200200
152604086 152669896
152604086 57643580
82127165 58395808
100922455 58395808
100922455 57847016
435176734 58395808
435176734 109158244
435176734 132191817
435176734 57643580
155826172 58395808
372244140 58395808
372244140 89996033
58159677 34831267
58159677 132191817
58159677 57643580
89996033 57644548
89996033 34831267
89996033 582127070
89996033 152512617
89996033 24744201
89996033 372244140
89996033 215734190
89996033 152581815
89996033 57639567
89996033 132191817
57847212 57644548
57847212 57589961
57847212 210200200
57847212 34831267
57847212 582127070
57847212 210272117
57847212 152633813
57847212 65378233
57847212 601624149
57847212 833349075
57847212 133003369
57847212 581865528
57847212 155830903
57847212 113659395
57847212 152581815
57847212 15036105
57847212 581961259
57847212 210261468
57847212 57643303
57847212 58424556
57847212 152925285
57847212 57661479
57847212 57847016
57847212 132191817
57847212 57643580
57847212 152727192
57847212 57643461
132191817 89996033
132191817 24744201
132191817 57589961
132191817 34831267
132191817 210261468
132191817 57661479
132191817 28271441
132191817 57847016
132191817 8273423
132191817 109158244
132191817 15036105
132191817 57643303
132191817 47814492
132191817 582127070
132191817 57847212
132191817 210272117
132191817 82435733
132191817 57644548
132191817 59969409
132191817 113659395
132191817 152925285
132191817 215734190
132191817 152939481
132191817 298830905
132191817 58424556
132191817 601680907
132191817 50858204
132191817 833349075
132191817 210200200
132191817 58148894
132191817 65378233
132191817 58159677
132191817 81488367
132191817 152581815
132191817 133003369
132191817 601624149
132191817 152633813
132191817 152892932
132191817 155830903
132191817 152512617
132191817 210191116
132191817 152596635
132191817 152669896
132191817 435176734
132191817 52584520
132191817 70513641
132191817 57643580
132191817 152727192
132191817 57643461
152889664 34831267
541447432 57661479
58093346 58395808
152633813 210200200
152633813 601624149
152633813 833349075
152633813 57847212
152633813 57643303
152633813 57644548
152633813 57589961
152633813 34831267
152633813 152925285
152633813 57661479
152633813 57847016
152633813 132191817
152633813 57643580
152633813 152727192
133003369 57644548
133003369 57589961
133003369 8273423
133003369 57847212
133003369 57643303
133003369 132191817
133003369 57643580
601624149 57644548
601624149 152596635
601624149 57589961
601624149 210200200
601624149 34831267
601624149 152633813
601624149 36732604
601624149 833349075
601624149 57847212
601624149 52584520
601624149 152925285
601624149 57661479
601624149 57847016
601624149 132191817
601624149 57643580
601624149 152727192
210261468 24744201
210261468 57847212
210261468 57644548
210261468 57847016
210261468 132191817
210261468 57643580
581350119 57644548
57443675 58395808
57443675 152727192
58395808 70513641
58395808 581350119
58395808 582482108
58395808 155818796
58395808 152596635
58395808 435176734
58395808 34831267
58395808 582127070
58395808 728619677
58395808 152512617
58395808 174550650
58395808 581472393
58395808 65378233
58395808 58148894
58395808 15371631
58395808 152604086
58395808 89996033
58395808 372244140
58395808 756496683
58395808 516587138
58395808 57641404
58395808 155826172
58395808 32157345
58395808 133003369
58395808 155843678
58395808 298857766
58395808 210191116
58395808 454845249
58395808 215734190
58395808 113659395
58395808 152669896
58395808 601680907
58395808 50858204
58395808 58159677
58395808 232658866
58395808 57443675
58395808 82127165
58395808 58093346
58395808 15036105
58395808 81488367
58395808 58424556
58395808 834277944
58395808 100922455
12708225 8273423
210191116 58395808
210191116 8273423
210191116 57661479
210191116 132191817
210191116 57643580
34831267 47814492
34831267 58395808
34831267 28271441
34831267 24744201
34831267 89996033
34831267 109158244
34831267 601624149
34831267 833349075
34831267 155830903
34831267 57847212
34831267 152889664
34831267 81488367
34831267 57643303
34831267 58424556
34831267 152939481
34831267 82435733
34831267 57589961
34831267 58159677
34831267 210272117
34831267 15036105
34831267 152633813
34831267 52584520
34831267 57644548
34831267 8273423
34831267 152925285
34831267 57661479
34831267 57847016
34831267 132191817
34831267 57643580
34831267 152727192
34831267 57643461
174550650 58395808
59969409 57644548
59969409 8273423
59969409 57847016
59969409 132191817
59969409 57643580
59969409 57643461
109158244 57589961
109158244 435176734
109158244 34831267
109158244 8273423
109158244 57643303
109158244 132191817
215734190 58395808
215734190 89996033
215734190 8273423
215734190 57643303
215734190 132191817
215734190 57643580
215734190 57643461
97509935 57644548
97509935 833349075
97509935 57643580
78358698 57644548
78358698 57643580
45024153 57643580
232658866 58395808
81488367 57644548
81488367 34831267
155830903 210200200
155830903 34831267
155830903 57847212
155830903 152669896
155830903 132191817
155830903 57643580
58148894 58395808
58148894 57589961
58148894 8273423
58148894 57847016
58148894 132191817
28271441 57644548
28271441 57589961
28271441 34831267
28271441 210272117
28271441 132191817
28271441 57643580
581961259 57589961
581961259 57847212
581961259 57847016
581961259 57643580
581961259 152727192
118879319 57643580
152669896 58395808
152669896 152512617
152669896 155830903
152669896 152604086
152669896 57589961
152669896 57847016
152669896 132191817
152669896 57643580
152727192 132191817
152727192 34831267
152727192 57644548
152727192 57847212
152727192 57661479
152727192 57643580
152727192 57643303
152727192 57589961
152727192 57847016
152727192 15036105
152727192 833349075
152727192 57443675
152727192 152925285
152727192 152633813
152727192 152939481
152727192 24744201
152727192 210200200
152727192 601624149
152727192 581961259
152727192 70513641
152727192 57643461
581061049 57643580
57643303 57644548
57643303 57589961
57643303 34831267
57643303 152633813
57643303 24744201
57643303 152939481
57643303 82435733
57643303 109158244
57643303 152892932
57643303 833349075
57643303 133003369
57643303 298830905
57643303 215734190
57643303 57847212
57643303 113659395
57643303 152581815
57643303 152925285
57643303 57661479
57643303 57847016
57643303 132191817
57643303 57643580
57643303 152727192
57643303 57643461
58424556 70513641
58424556 34831267
58424556 210272117
58424556 58395808
58424556 24744201
58424556 57847212
58424556 132191817
58424556 57643580
298830905 57589961
298830905 34831267
298830905 58395808
298830905 57847212
298830905 57643303
298830905 57661479
298830905 132191817
298830905 57643580
47814492 57644548
47814492 57589961
47814492 34831267
47814492 24744201
47814492 8273423
47814492 132191817
47814492 57643580
152892932 57644548
152892932 57643303
152892932 132191817
152892932 57643580
15036105 58395808
15036105 57847212
15036105 57644548
15036105 57589961
15036105 8273423
15036105 34831267
15036105 152925285
15036105 57847016
15036105 132191817
15036105 152727192
581763055 57643580
228969965 210200200
228969965 57643580
228969965 100922455
57643461 132191817
57643461 57661479
57643461 152727192
57643461 57643580
57643461 57847016
57643461 215734190
57643461 57643303
57643461 8273423
57643461 34831267
57643461 47814492
57643461 57644548
57643461 57847212
57643461 152512617
57643461 59969409
57643461 82435733
57643461 57443675
57643461 57589961
57589961 47814492
57589961 28271441
57589961 109158244
57589961 36732604
57589961 601624149
57589961 833349075
57589961 298830905
57589961 57847212
57589961 161847465
57589961 581961259
57589961 57643303
57589961 152939481
57589961 57644548
57589961 82435733
57589961 34831267
57589961 15036105
57589961 152633813
57589961 58148894
57589961 152669896
57589961 152925285
57589961 57661479
57589961 57847016
57589961 132191817
57589961 57643580
57589961 152727192
57589961 57643461
152925285 57589961
152925285 57644548
152925285 34831267
152925285 57847212
152925285 15036105
152925285 833349075
152925285 57643303
152925285 152633813
152925285 601624149
152925285 57661479
152925285 57847016
152925285 132191817
152925285 57643580
152925285 152727192
65378233 70513641
65378233 57644548
65378233 58395808
65378233 57847212
65378233 132191817
65378233 57643580
210272117 28271441
210272117 57847212
210272117 58424556
210272117 57644548
210272117 34831267
210272117 57847016
210272117 132191817
210272117 57643580
728619677 58395808
728619677 57643580
581865528 57847212
581865528 57643580
57644548 581350119
57644548 210200200
57644548 47814492
57644548 28271441
57644548 65378233
57644548 89996033
57644548 152892932
57644548 601624149
57644548 32157345
57644548 833349075
57644548 133003369
57644548 57847212
57644548 78358698
57644548 601680907
57644548 59969409
57644548 50858204
57644548 81488367
57644548 57643303
57644548 57589961
57644548 210272117
57644548 152512617
57644548 15036105
57644548 152633813
57644548 210261468
57644548 34831267
57644548 152581815
57644548 152925285
57644548 57661479
57644548 57847016
57644548 132191817
57644548 57643580
57644548 152727192
57644548 57643461
52584520 601624149
52584520 34831267
52584520 57847016
52584520 132191817
52584520 57643580
19372725 57847016
152939481 57643303
152939481 57589961
152939481 34831267
152939481 57661479
152939481 57847016
152939481 132191817
152939481 57643580
152939481 152727192
57643580 132191817
57643580 57643303
57643580 57589961
57643580 57661479
57643580 57847016
57643580 57847212
57643580 57644548
57643580 47814492
57643580 298830905
57643580 152512617
57643580 82435733
57643580 65378233
57643580 152939481
57643580 34831267
57643580 210272117
57643580 50858204
57643580 133003369
57643580 152925285
57643580 58424556
57643580 210261468
57643580 152669896
57643580 152892932
57643580 581961259
57643580 45024153
57643580 28271441
57643580 728619677
57643580 152633813
57643580 155830903
57643580 601624149
57643580 152581815
57643580 210200200
57643580 36732604
57643580 58159677
57643580 152596635
57643580 97509935
57643580 118879319
57643580 78358698
57643580 8273423
57643580 152604086
57643580 52584520
57643580 228969965
57643580 113659395
57643580 581061049
57643580 833349075
57643580 435176734
57643580 32157345
57643580 155818796
57643580 516587138
57643580 582482108
57643580 581763055
57643580 454845249
57643580 59969409
57643580 601680907
57643580 89996033
57643580 372244140
57643580 581472393
57643580 834277944
57643580 581865528
57643580 57641404
57643580 215734190
57643580 298857766
57643580 24744201
57643580 58148894
57643580 70513641
57643580 756496683
57643580 81488367
57643580 210191116
57643580 582127070
57643580 152727192
57643580 57643461
582127070 58395808
582127070 89996033
582127070 57847212
582127070 132191817
582127070 57643580
24744201 57589961
24744201 47814492
24744201 34831267
24744201 89996033
24744201 8273423
24744201 57643303
24744201 58424556
24744201 57847016
24744201 132191817
24744201 57643580
24744201 152727192
113659395 58395808
113659395 57847212
113659395 120024682
113659395 57643303
113659395 132191817
113659395 57643580
57661479 210191116
57661479 57589961
57661479 34831267
57661479 57847212
57661479 57643303
57661479 152925285
57661479 57644548
57661479 152939481
57661479 298830905
57661479 833349075
57661479 601624149
57661479 152596635
57661479 152633813
57661479 57847016
57661479 132191817
57661479 57643580
57661479 152727192
57661479 57643461
152581815 89996033
152581815 57847212
152581815 57643303
152581815 57589961
152581815 57644548
152581815 57847016
152581815 132191817
152581815 57643580
