6887071 73534279
6887071 127644379
6887071 38452546
127200766 73534279
127200766 127644379
127200766 127397192
127200766 38452546
127200766 83992291
127200766 57179524
38678486 127644379
111587748 73534279
8569467 127397192
8569467 38452546
57327117 18596712
57327117 36153804
57327117 73534279
57327117 127644379
57327117 157991583
57327117 30490077
57327117 72474915
73534279 127644379
73534279 8569467
73534279 127397192
73534279 127200766
73534279 38452546
5899058 3586592
147681753 127644379
57179524 127644379
57179524 127397192
57179524 127200766
57179524 38452546
57179524 83992291
57179524 127183988
38452546 18596712
38452546 73534279
38452546 127644379
38452546 8569467
38452546 127397192
38452546 127200766
38452546 83992291
38452546 57179524
38452546 230914353
20777112 127644379
456979863 83992291
2479085 36153804
2479085 127644379
61807657 127200766
36153804 57327117
36153804 18576291
36153804 127644379
36153804 157991583
36153804 30490077
36153804 39461234
163642331 8526723
131425500 73534279
131425500 127397192
131425500 38452546
108131064 127397192
18576291 36153804
18576291 127644379
18576291 39461234
132435527 127397192
5830846 127644379
5830846 38452546
30490077 36153804
30490077 127644379
30490077 127183988
83992291 18596712
83992291 73534279
83992291 127644379
83992291 127397192
83992291 127200766
83992291 38452546
83992291 57179524
83992291 127183988
6290573 18596712
6290573 73534279
6290573 127397192
6290573 38452546
127644379 18596712
127644379 73534279
127644379 30490077
127644379 127397192
127644379 127200766
127644379 38452546
127644379 127183988
72474915 127644379
72474915 30490077
79064882 73534279
79064882 127644379
79064882 38452546
298832981 127644379
42384103 127644379
18596712 73534279
18596712 127644379
18596712 127397192
18596712 38452546
18596712 230914353
68939296 127644379
55522362 18596712
55522362 127644379
55522362 127397192
10063751 79064882
133102743 75179320
133102743 38452546
129789012 22021846
57380779 127644379
57380779 38452546
129827358 18596712
129827358 73534279
129827358 127644379
129827358 127397192
129827358 38452546
129827358 127183988
187118518 127397192
459199680 72942758
157991583 57327117
157991583 36153804
57380622 73534279
35850659 127644379
35850659 38452546
35850659 83992291
58534140 127644379
58534140 83992291
156563328 22021846
39461234 36153804
39461234 157991583
127397192 18596712
127397192 73534279
127397192 8569467
127397192 127200766
127397192 38452546
127397192 559722256
127397192 127183988
131467885 127644379
3586592 127644379
3586592 127397192
3586592 5899058
199957345 73534279
127183988 127644379
127183988 30490077
230914353 18596712
230914353 127200766
230914353 38452546
654377395 75179320
507175989 8526723
138001278 127644379
45026547 127644379
45026547 127397192
154896236 28487190
6278684 75179320
132839903 22021846
132839903 38452546
608302660 38452546
79120494 18596712
57613102 73534279
57613102 75179320
57613102 127397192
559722256 73534279
559722256 127644379
559722256 127397192
559722256 38452546
559722256 83992291
13273779 18596712
75179320 127644379
75179320 38452546
59054172 10063751
28487190 127644379
13745620 73534279
13745620 127644379
230925848 44690459
32863295 127644379
32863295 127397192
32888950 127183988
32888950 18596712
32888950 127644379
32888950 127397192
32888950 38452546
32888950 73534279
