95127022 260520084
95127022 144538423
95127022 105088620
95127022 144524619
95127022 225419382
95127022 27752121
95127022 144539121
95127022 32148287
95127022 144548356
95127022 11164126
95127022 160306947
95127022 159874602
95127022 289183145
95127022 36275543
95127022 144533597
95127022 144533781
95127022 160299069
95127022 17510569
95127022 199043819
95127022 18134843
95127022 54245195
95127022 20512812
95127022 114398865
95127022 383534603
95127022 57452734
95127022 307358117
95127022 203318747
95127022 144539619
95127022 144531166
95127022 75303510
95127022 217187721
95127022 224911558
95127022 163799874
829123934 144531166
144539121 114954539
144539121 260520084
144539121 105088620
144539121 225419382
144539121 144546320
144539121 289203176
144539121 27752121
144539121 159796192
144539121 11164126
144539121 833463808
144539121 95127022
144539121 289183145
144539121 144533597
144539121 144533781
144539121 17510569
144539121 199043819
144539121 54245195
144539121 20512812
144539121 834133294
144539121 144539619
144539121 144531166
144539121 163799874
203627139 144524619
203627139 54245195
203627139 36275543
136605339 67593690
156026841 225428578
156026841 36275543
448672992 144524619
448672992 32148287
448672992 67593690
448672992 289198932
448672992 50637279
448672992 75303510
450093995 144533781
450093995 32148287
148271268 36275543
148271268 20512812
50637279 260520084
50637279 144538423
50637279 75303510
50637279 105088620
50637279 27752121
50637279 144539121
50637279 32148287
50637279 11164126
50637279 159874602
50637279 217187721
50637279 95127022
50637279 448672992
50637279 36275543
50637279 144533597
50637279 144533781
50637279 17510569
50637279 199043819
50637279 54245195
50637279 225290598
50637279 20512812
50637279 114398865
50637279 144539619
50637279 144531166
50637279 224911558
50637279 163799874
745974948 144524619
144539619 260520084
144539619 144538423
144539619 75303510
144539619 105088620
144539619 144524619
144539619 144539121
144539619 32148287
144539619 144548356
144539619 11164126
144539619 160306947
144539619 159874602
144539619 217187721
144539619 95127022
144539619 44174590
144539619 225428578
144539619 289183145
144539619 36275543
144539619 144533597
144539619 144533781
144539619 160299069
144539619 17510569
144539619 199043819
144539619 18134843
144539619 54245195
144539619 20512812
144539619 114398865
144539619 383534603
144539619 50637279
144539619 144531166
144539619 224911558
144539619 163799874
144539619 69695570
225290598 105088620
225290598 144524619
225290598 11164126
225290598 67593690
225290598 289183145
225290598 36275543
225290598 50637279
144524619 144538423
144524619 75303510
144524619 105088620
144524619 37909137
144524619 144546320
144524619 289203176
144524619 27752121
144524619 32148287
144524619 159796192
144524619 11164126
144524619 160306947
144524619 163009924
144524619 159874602
144524619 217187721
144524619 95127022
144524619 225428578
144524619 67593690
144524619 144530694
144524619 289183145
144524619 36275543
144524619 144533597
144524619 160299069
144524619 17510569
144524619 199043819
144524619 18134843
144524619 54245195
144524619 20512812
144524619 114398865
144524619 203318747
144524619 144533815
144524619 144539619
144524619 144531166
144524619 163799874
144524619 144533781
144524619 50729694
89947349 144524619
89947349 82387979
144538423 105088620
144538423 144524619
144538423 144546320
144538423 27752121
144538423 32148287
144538423 11164126
144538423 160306947
144538423 159874602
144538423 95127022
144538423 44174590
144538423 225428578
144538423 67593690
144538423 289183145
144538423 36275543
144538423 144533597
144538423 144533781
144538423 160299069
144538423 17510569
144538423 199043819
144538423 18134843
144538423 54245195
144538423 20512812
144538423 114398865
144538423 383534603
144538423 50637279
144538423 144539619
144538423 144531166
144538423 224911558
144538423 163799874
114954539 260520084
114954539 144539121
114954539 217187721
114954539 144533781
114954539 17510569
114954539 54245195
289198932 260520084
289198932 159796192
289198932 217187721
289198932 225428578
289198932 36275543
289198932 144533781
289198932 54245195
289198932 20512812
289198932 114398865
289198932 383534603
289198932 144531166
289198932 224911558
289198932 163799874
289198932 365991789
833463808 144539121
365991789 289198932
365991789 27752121
163799874 144538423
163799874 105088620
163799874 144524619
163799874 144546320
163799874 27752121
163799874 144539121
163799874 32148287
163799874 11164126
163799874 160306947
163799874 159874602
163799874 5968107
163799874 289183145
163799874 36275543
163799874 144533597
163799874 144533781
163799874 160299069
163799874 17510569
163799874 199043819
163799874 18134843
163799874 54245195
163799874 20512812
163799874 289198932
163799874 114398865
163799874 50637279
163799874 144539619
163799874 144531166
163799874 75303510
163799874 217187721
163799874 82387979
163799874 95127022
163799874 224911558
289183145 260520084
289183145 144538423
289183145 144524619
289183145 27752121
289183145 144539121
289183145 217187721
289183145 95127022
289183145 44174590
289183145 144533781
289183145 160299069
289183145 17510569
289183145 18134843
289183145 225290598
289183145 289198932
289183145 114398865
289183145 144539619
289183145 163799874
160299069 260520084
160299069 144538423
160299069 105088620
160299069 144524619
160299069 144546320
160299069 32148287
160299069 144548356
160299069 11164126
160299069 160306947
160299069 159874602
160299069 217187721
160299069 95127022
160299069 289183145
160299069 36275543
160299069 144533597
160299069 144533781
160299069 17510569
160299069 199043819
160299069 18134843
160299069 54245195
160299069 20512812
160299069 114398865
160299069 383534603
160299069 144539619
160299069 144531166
160299069 224911558
160299069 163799874
144533494 144524619
144533494 159874602
144533494 36275543
144533494 54245195
144533494 20512812
144533494 144531166
480230719 36275543
833957283 156140303
833957283 20512812
364616335 144524619
364616335 27752121
364616335 159874602
364616335 67593690
364616335 289198932
364616335 144533781
364616335 36275543
27752121 131320467
27752121 260520084
27752121 144538423
27752121 75303510
27752121 216097704
27752121 32804475
27752121 105088620
27752121 144524619
27752121 144546320
27752121 289203176
27752121 144539121
27752121 32148287
27752121 159796192
27752121 11164126
27752121 160306947
27752121 163009924
27752121 159874602
27752121 217187721
27752121 307055469
27752121 95127022
27752121 225428578
27752121 289183145
27752121 36275543
27752121 144533597
27752121 144533781
27752121 160299069
27752121 17510569
27752121 199043819
27752121 54245195
27752121 20512812
27752121 114398865
27752121 50637279
27752121 144539619
27752121 144531166
27752121 224911558
27752121 163799874
27752121 30013298
27752121 365991789
30013298 216097704
30013298 144548356
30013298 11164126
30013298 160306947
30013298 159874602
30013298 36275543
30013298 20512812
30013298 44174590
5968107 159874602
5968107 67593690
5968107 163799874
5968107 36275543
159874602 131320467
159874602 260520084
159874602 144538423
159874602 105088620
159874602 144524619
159874602 144546320
159874602 289203176
159874602 27752121
159874602 32148287
159874602 11164126
159874602 217187721
159874602 95127022
159874602 364616335
159874602 36275543
159874602 155570114
159874602 217133608
159874602 144533781
159874602 160299069
159874602 17510569
159874602 199043819
159874602 155962681
159874602 54245195
159874602 20512812
159874602 114398865
159874602 383534603
159874602 203318747
159874602 144533815
159874602 50637279
159874602 144539619
159874602 144531166
159874602 224911558
159874602 163799874
159874602 30013298
156140303 144548356
156140303 44174590
156140303 67593690
156140303 36275543
156140303 833957283
156140303 383534603
155570114 159874602
155570114 36275543
217133608 216097704
217133608 159874602
217133608 383534603
289168728 144533781
289168728 144538423
289168728 144531166
289168728 32148287
289168728 54245195
289168728 67593690
289168728 36275543
289168728 17510569
289168728 163799874
17510569 114954539
17510569 260520084
17510569 144538423
17510569 75303510
17510569 105088620
17510569 144524619
17510569 27752121
17510569 144539121
17510569 32148287
17510569 11164126
17510569 160306947
17510569 159874602
17510569 217187721
17510569 95127022
17510569 44174590
17510569 289183145
17510569 36275543
17510569 144533781
17510569 160299069
17510569 199043819
17510569 18134843
17510569 54245195
17510569 20512812
17510569 114398865
17510569 383534603
17510569 144539619
17510569 144531166
17510569 163799874
17510569 289168728
54245195 114954539
54245195 260520084
54245195 144538423
54245195 75303510
54245195 105088620
54245195 144524619
54245195 225419382
54245195 144546320
54245195 27752121
54245195 144539121
54245195 32148287
54245195 144548356
54245195 11164126
54245195 160306947
54245195 159874602
54245195 217187721
54245195 203627139
54245195 95127022
54245195 44174590
54245195 36275543
54245195 144533597
54245195 144533781
54245195 160299069
54245195 17510569
54245195 199043819
54245195 18134843
54245195 20512812
54245195 289198932
54245195 114398865
54245195 383534603
54245195 50637279
54245195 144539619
54245195 144531166
54245195 224911558
54245195 163799874
159796192 260520084
159796192 144538423
159796192 144524619
159796192 27752121
159796192 144539121
159796192 44174590
159796192 67593690
159796192 36275543
159796192 289198932
18134843 260520084
18134843 144538423
18134843 105088620
18134843 144524619
18134843 144546320
18134843 32148287
18134843 144548356
18134843 11164126
18134843 95127022
18134843 67593690
18134843 289183145
18134843 144533781
18134843 160299069
18134843 17510569
18134843 54245195
18134843 20512812
18134843 114398865
18134843 144539619
18134843 144531166
18134843 163799874
224911558 144538423
224911558 105088620
224911558 27752121
224911558 32148287
224911558 160306947
224911558 159874602
224911558 144530694
224911558 36275543
224911558 144533597
224911558 144533781
224911558 160299069
224911558 199043819
224911558 54245195
224911558 20512812
224911558 289198932
224911558 50637279
224911558 144539619
224911558 69695570
224911558 75303510
224911558 217187721
224911558 82387979
224911558 95127022
224911558 163799874
144533781 260520084
144533781 144538423
144533781 75303510
144533781 105088620
144533781 225419382
144533781 144546320
144533781 27752121
144533781 144539121
144533781 32148287
144533781 11164126
144533781 160306947
144533781 681872887
144533781 159874602
144533781 217187721
144533781 95127022
144533781 225428578
144533781 289183145
144533781 36275543
144533781 144533597
144533781 160299069
144533781 17510569
144533781 199043819
144533781 18134843
144533781 54245195
144533781 20512812
144533781 289198932
144533781 114398865
144533781 383534603
144533781 50637279
144533781 144539619
144533781 144531166
144533781 224911558
144533781 163799874
144533781 144524619
160473596 260520084
160473596 225419382
160473596 144546320
160473596 217187721
20512812 144538423
20512812 75303510
20512812 105088620
20512812 144524619
20512812 225419382
20512812 27752121
20512812 144539121
20512812 32148287
20512812 144548356
20512812 11164126
20512812 160306947
20512812 159874602
20512812 217187721
20512812 95127022
20512812 44174590
20512812 225428578
20512812 36275543
20512812 144533597
20512812 144533781
20512812 160299069
20512812 17510569
20512812 18134843
20512812 54245195
20512812 289198932
20512812 833957283
20512812 114398865
20512812 144533815
20512812 50637279
20512812 82387979
20512812 144539619
20512812 144531166
20512812 224911558
20512812 163799874
20512812 30013298
260520084 114954539
260520084 160473596
260520084 75303510
260520084 225419382
260520084 144546320
260520084 289203176
260520084 144539121
260520084 32148287
260520084 159796192
260520084 11164126
260520084 160306947
260520084 159874602
260520084 217187721
260520084 95127022
260520084 144530694
260520084 289183145
260520084 36275543
260520084 144533597
260520084 144533781
260520084 160299069
260520084 17510569
260520084 199043819
260520084 18134843
260520084 54245195
260520084 289198932
260520084 114398865
260520084 383534603
260520084 690016067
260520084 50637279
260520084 144539619
260520084 144531166
144533815 160473596
144533815 144538423
144533815 144524619
144533815 159874602
144533815 36275543
144533815 54245195
144533815 20512812
144533815 144531166
144533815 144539619
59663434 144524619
59663434 144546320
59663434 36275543
59663434 144533781
160306947 260520084
160306947 144538423
160306947 75303510
160306947 144524619
160306947 144546320
160306947 27752121
160306947 32148287
160306947 11164126
160306947 159874602
160306947 217187721
160306947 95127022
160306947 36275543
160306947 144533597
160306947 144533781
160306947 160299069
160306947 17510569
160306947 199043819
160306947 18134843
160306947 54245195
160306947 20512812
160306947 114398865
160306947 383534603
160306947 144539619
160306947 144531166
160306947 224911558
160306947 163799874
160306947 30013298
191973745 36275543
191973745 144533781
191973745 144531166
225428578 144538423
225428578 144524619
225428578 27752121
225428578 32148287
225428578 67593690
225428578 36275543
225428578 144533597
225428578 144533781
225428578 20512812
225428578 289198932
225428578 144539619
225428578 144531166
225428578 75303510
105088620 144538423
105088620 75303510
105088620 144524619
105088620 225419382
105088620 144546320
105088620 27752121
105088620 144539121
105088620 32148287
105088620 144548356
105088620 11164126
105088620 159874602
105088620 217187721
105088620 95127022
105088620 36275543
105088620 144533597
105088620 144533781
105088620 160299069
105088620 17510569
105088620 199043819
105088620 18134843
105088620 54245195
105088620 225290598
105088620 20512812
105088620 114398865
105088620 383534603
105088620 50637279
105088620 144539619
105088620 144531166
105088620 224911558
105088620 163799874
32148287 260520084
32148287 144538423
32148287 75303510
32148287 105088620
32148287 144524619
32148287 144546320
32148287 27752121
32148287 579063359
32148287 11164126
32148287 160306947
32148287 159874602
32148287 217187721
32148287 95127022
32148287 225428578
32148287 36275543
32148287 144533597
32148287 144533781
32148287 160299069
32148287 17510569
32148287 18134843
32148287 54245195
32148287 20512812
32148287 114398865
32148287 383534603
32148287 50637279
32148287 144539619
32148287 144531166
32148287 224911558
32148287 163799874
32148287 69695570
67593690 144538423
67593690 156140303
67593690 144524619
67593690 289203176
67593690 225428578
67593690 144530694
67593690 36275543
67593690 18134843
67593690 136605339
11164126 260520084
11164126 144538423
11164126 75303510
11164126 105088620
11164126 144524619
11164126 144546320
11164126 27752121
11164126 144539121
11164126 32148287
11164126 144548356
11164126 159874602
11164126 217187721
11164126 307055469
11164126 95127022
11164126 36275543
11164126 144533781
11164126 160299069
11164126 17510569
11164126 199043819
11164126 18134843
11164126 54245195
11164126 225290598
11164126 20512812
11164126 114398865
11164126 383534603
11164126 203318747
11164126 50637279
11164126 144539619
11164126 144531166
11164126 163799874
11164126 30013298
674369274 144531166
199043819 260520084
199043819 144538423
199043819 75303510
199043819 105088620
199043819 144524619
199043819 144546320
199043819 27752121
199043819 144539121
199043819 11164126
199043819 159874602
199043819 217187721
199043819 95127022
199043819 144533597
199043819 144533781
199043819 160299069
199043819 17510569
199043819 54245195
199043819 164501496
199043819 114398865
199043819 50637279
199043819 144539619
199043819 144531166
199043819 224911558
199043819 163799874
144530694 260520084
144530694 144538423
144530694 144524619
144530694 67593690
144530694 36275543
144530694 224911558
144530694 54245195
144548356 75303510
144548356 156140303
144548356 105088620
144548356 144546320
144548356 11164126
144548356 95127022
144548356 36275543
144548356 160299069
144548356 18134843
144548356 54245195
144548356 20512812
144548356 114398865
144548356 383534603
144548356 144539619
144548356 144531166
144548356 30013298
44174590 144538423
44174590 75303510
44174590 156140303
44174590 225419382
44174590 159796192
44174590 289183145
44174590 144533597
44174590 17510569
44174590 54245195
44174590 20512812
44174590 383534603
44174590 82387979
44174590 144539619
44174590 144531166
44174590 30013298
37909137 105088620
37909137 579063359
37909137 144524619
144533597 144538423
144533597 75303510
144533597 105088620
144533597 144524619
144533597 225419382
144533597 144546320
144533597 27752121
144533597 144539121
144533597 32148287
144533597 11164126
144533597 159874602
144533597 217187721
144533597 95127022
144533597 44174590
144533597 36275543
144533597 144533781
144533597 160299069
144533597 199043819
144533597 54245195
144533597 20512812
144533597 114398865
144533597 383534603
144533597 50637279
144533597 144539619
144533597 144531166
144533597 224911558
144533597 163799874
50729694 36275543
50729694 54245195
50729694 383534603
50729694 144531166
50729694 144524619
50729694 217187721
114398865 260520084
114398865 144538423
114398865 75303510
114398865 105088620
114398865 144524619
114398865 289203176
114398865 27752121
114398865 32148287
114398865 144548356
114398865 11164126
114398865 160306947
114398865 159874602
114398865 217187721
114398865 95127022
114398865 289183145
114398865 36275543
114398865 144533597
114398865 144533781
114398865 160299069
114398865 17510569
114398865 199043819
114398865 18134843
114398865 54245195
114398865 20512812
114398865 289198932
114398865 383534603
114398865 50637279
114398865 144539619
114398865 144531166
114398865 224911558
114398865 163799874
114398865 69695570
546913937 144524619
216097704 217133608
216097704 30013298
69695570 144546320
69695570 32148287
69695570 114398865
69695570 144539619
69695570 224911558
225419382 160473596
225419382 260520084
225419382 105088620
225419382 144539121
225419382 95127022
225419382 144533597
225419382 144533781
225419382 20512812
225419382 54245195
57452734 144524619
57452734 144546320
57452734 95127022
57452734 36275543
57452734 144533781
57452734 144531166
166650496 144524619
166650496 95127022
166650496 36275543
166650496 199043819
166650496 144531166
301256107 105088620
301256107 82387979
144546320 160473596
144546320 260520084
144546320 144538423
144546320 75303510
144546320 105088620
144546320 144524619
144546320 27752121
144546320 144539121
144546320 32148287
144546320 144548356
144546320 11164126
144546320 160306947
144546320 159874602
144546320 217187721
144546320 36275543
144546320 144533597
144546320 144533781
144546320 160299069
144546320 199043819
144546320 18134843
144546320 54245195
144546320 383534603
144546320 57452734
144546320 82387979
144546320 163799874
144546320 69695570
690016067 260520084
307358117 144538423
307358117 163799874
307358117 144531166
307358117 144533781
307358117 36275543
307358117 95127022
307358117 11164126
203318747 144524619
203318747 11164126
203318747 159874602
203318747 95127022
217187721 114954539
217187721 160473596
217187721 260520084
217187721 105088620
217187721 144524619
217187721 144546320
217187721 27752121
217187721 144539121
217187721 32148287
217187721 11164126
217187721 160306947
217187721 159874602
217187721 289183145
217187721 36275543
217187721 144533597
217187721 144533781
217187721 160299069
217187721 17510569
217187721 199043819
217187721 54245195
217187721 20512812
217187721 289198932
217187721 114398865
217187721 383534603
217187721 50637279
217187721 144539619
217187721 144531166
217187721 75303510
217187721 95127022
217187721 224911558
217187721 50729694
217187721 163799874
36275543 260520084
36275543 144538423
36275543 156140303
36275543 105088620
36275543 144524619
36275543 144546320
36275543 27752121
36275543 32148287
36275543 144548356
36275543 11164126
36275543 160306947
36275543 159874602
36275543 217187721
36275543 95127022
36275543 67593690
36275543 144533597
36275543 144533781
36275543 160299069
36275543 54245195
36275543 225290598
36275543 20512812
36275543 289198932
36275543 114398865
36275543 383534603
36275543 144533494
36275543 50637279
36275543 82387979
36275543 144539619
36275543 144531166
36275543 224911558
36275543 163799874
36275543 30013298
289203176 260520084
289203176 144524619
289203176 27752121
289203176 144539121
289203176 159874602
289203176 67593690
289203176 36275543
289203176 114398865
131320467 159874602
131320467 82387979
32804475 144524619
32804475 27752121
32804475 144533781
32804475 144531166
155962681 159874602
155962681 82387979
579063359 32148287
579063359 54245195
579063359 36275543
579063359 67593690
75303510 260520084
75303510 105088620
75303510 144524619
75303510 144546320
75303510 27752121
75303510 32148287
75303510 144548356
75303510 11164126
75303510 160306947
75303510 44174590
75303510 144533597
75303510 144533781
75303510 17510569
75303510 199043819
75303510 54245195
75303510 20512812
75303510 114398865
75303510 383534603
75303510 50637279
75303510 144539619
75303510 144531166
75303510 217187721
75303510 95127022
75303510 224911558
75303510 163799874
75303510 225428578
82387979 131320467
82387979 144546320
82387979 301256107
82387979 44174590
82387979 36275543
82387979 20512812
82387979 89947349
82387979 224911558
383534603 260520084
383534603 144538423
383534603 75303510
383534603 156140303
383534603 105088620
383534603 50729694
383534603 144546320
383534603 32148287
383534603 144548356
383534603 11164126
383534603 160306947
383534603 159874602
383534603 217187721
383534603 95127022
383534603 44174590
383534603 36275543
383534603 217133608
383534603 144533597
383534603 144533781
383534603 160299069
383534603 18134843
383534603 54245195
383534603 289198932
383534603 114398865
383534603 144539619
383534603 144531166
383534603 224911558
144531166 260520084
144531166 144538423
144531166 75303510
144531166 105088620
144531166 144524619
144531166 225419382
144531166 144546320
144531166 27752121
144531166 144539121
144531166 32148287
144531166 144548356
144531166 11164126
144531166 160306947
144531166 159874602
144531166 217187721
144531166 95127022
144531166 44174590
144531166 36275543
144531166 144533597
144531166 144533781
144531166 160299069
144531166 17510569
144531166 199043819
144531166 18134843
144531166 54245195
144531166 20512812
144531166 289198932
144531166 114398865
144531166 383534603
144531166 50637279
144531166 144539619
144531166 224911558
144531166 163799874
164501496 199043819
307055469 144524619
307055469 144546320
307055469 11164126
307055469 224911558
307055469 144531166
307055469 144533781
307055469 36275543
307055469 95127022
