114746776 14066551
152691732 14066551
32313266 85904386
32313266 14066551
85904386 32313266
85904386 607240342
85904386 298856457
85904386 14066551
85904386 73198614
57644385 152432088
57644385 57647773
57644385 34771823
57644385 115741321
22170653 14066551
73198614 298856457
73198614 85904386
156930893 57602221
34771823 57644385
34771823 57647773
34771823 57653089
14066551 22170653
14066551 152691732
14066551 114746776
57602221 156930893
298856457 73198614
310758372 14066551
152912495 73198614
680427248 285382232
299175090 73198614
115741321 298856457
152432088 57644385
57647773 57644385
57647773 34771823
