516102118 82724334
133686444 210228252
305910390 82724334
65735911 82724334
71316623 82724334
71316623 57847516
213537543 36070366
258013688 82724334
801323203 57847516
687036303 82724334
123445252 82724334
162877700 82724334
162877700 83126251
28737411 82724334
28737411 57847516
107424350 82724334
833348517 519798666
90811877 82724334
519798666 57404112
519798666 833348517
169530520 82724334
73199162 82724334
210228252 82724334
210228252 133686444
44498073 82724334
36070366 12812667
604084544 82724334
52608615 82724334
179585464 82724334
43130509 57847516
200003019 82724334
200003019 57847516
52523012 82724334
6043373 6366696
581030941 82724334
136239230 82724334
96469042 82724334
33661285 82724334
57404112 6366696
57404112 83126251
57404112 45062458
57404112 82724334
57404112 30831623
57404112 519798666
836614146 82724334
92064005 82724334
167813372 82724334
299521344 82724334
48066037 36070366
72062336 82724334
349564511 82724334
12812667 36070366
45026306 57847516
49482655 82724334
83126251 82724334
83126251 299571733
83126251 36070366
83126251 44498073
83126251 162877700
83126251 57847516
83126251 57404112
130171867 36070366
20595536 57847516
20595536 82724334
30373694 23751682
178030682 82724334
200017779 57847516
30831623 57404112
82115969 57847516
5668428 82724334
6366696 82724334
6366696 36070366
6366696 6043373
6366696 57404112
312057873 82724334
128978945 36070366
45062458 123445252
45062458 57404112
54682594 213537543
54682594 130171867
54682594 36070366
299571733 83126251
299571733 57847516
4909385 82724334
