28153605 130211761
28153605 48753066
28153605 133198529
28153605 57319411
28153605 48743291
28153605 128965965
28153605 58019359
28153605 129122447
138544958 130211761
58019359 130211761
58019359 48753066
58019359 57319411
58019359 48743291
58019359 28153605
58019359 129122447
23695139 39212404
23695139 21603523
133198529 129122447
133198529 58019359
133198529 130211761
130959792 39212404
34160971 130211761
34160971 39212404
34160971 38831273
128965965 130211761
128965965 58019359
128965965 48743291
38831273 35969295
38831273 24151557
38831273 34160971
57319411 58019359
57319411 28153605
57319411 48743291
57319411 130211761
618527156 34160971
129122447 130211761
129122447 133198529
129122447 58019359
130211761 171400209
130211761 48753066
130211761 133198529
130211761 57319411
130211761 48743291
130211761 28153605
130211761 58019359
130211761 34160971
39212404 130959792
39212404 34160971
171400209 130211761
74956374 24151557
36264937 130211761
36264937 48743291
48753066 58019359
48753066 28153605
48753066 48743291
48753066 130211761
207069988 130211761
207069988 48743291
57650568 38831273
57650568 36264937
21603523 23695139
48743291 130211761
48743291 48753066
48743291 57319411
48743291 58019359
48743291 35969295
48743291 128965965
48743291 28153605
24151557 130211761
24151557 74956374
24151557 38831273
35969295 130211761
35969295 48743291
35969295 38831273
35969295 58019359
