58331019 58130041
58331019 58042499
58331019 12573574
58331019 7392077
58331019 205891050
692813917 69025094
692813917 58275340
692813917 20280624
835802898 20280624
644060994 20280624
69025094 692813917
69025094 58130041
69025094 52511399
69025094 58042499
69025094 12573574
69025094 7392077
69025094 49835115
69025094 55897583
69025094 58275340
69025094 64801645
69025094 16052685
69025094 20280624
69025094 71950148
38463131 20873267
38463131 20280624
38463131 2264373
38463131 3651689
22825002 20280624
58275340 69025094
58275340 58130041
58275340 12573574
58275340 58396148
58275340 64801645
58275340 328367532
633988058 362983588
58262738 16052685
20873267 54438411
20873267 38463131
12573574 58331019
12573574 69025094
12573574 58130041
12573574 58042499
12573574 7392077
12573574 49835115
12573574 58275340
12573574 52578712
12573574 541453112
12573574 58396148
12573574 6125076
12573574 64801645
12573574 16052685
12573574 128777674
12573574 21560337
12573574 20280624
12573574 81968494
12573574 71950148
12573574 3651689
7392077 62293974
7392077 58331019
7392077 16714049
7392077 69025094
7392077 58130041
7392077 12573574
7392077 541459206
7392077 152817832
7392077 52578712
7392077 36022114
7392077 16052685
7392077 128777674
7392077 58396148
7392077 2349724
7392077 20280624
7392077 81968494
7392077 57994032
421456348 20280624
328367532 58275340
55991532 39456216
55991532 20280624
136322855 49835115
52080742 20280624
152817832 7392077
6125076 12573574
6125076 20280624
541453112 12573574
541453112 20280624
58042499 58331019
58042499 69025094
58042499 12573574
58042499 58275340
58042499 20280624
58042499 362983588
2268749 20280624
54438411 20873267
16052685 58331019
16052685 69025094
16052685 12573574
16052685 7392077
16052685 49835115
16052685 20280624
16975966 12573574
81968494 16052685
81968494 7392077
81968494 20280624
81968494 535755206
81968494 2349724
81968494 64801645
81968494 55897583
81968494 58005796
81968494 71950148
81968494 3651689
834123301 58130041
3651689 12573574
3651689 20280624
16714049 7392077
71950148 12573574
71950148 20280624
71950148 49835115
71950148 58005796
71950148 81968494
71950148 58331019
71950148 58396148
71950148 39456216
71950148 69025094
71950148 58130041
71950148 16052685
71950148 3651689
2264373 20280624
2264373 38463131
57994032 7392077
52578712 12573574
52578712 7392077
52578712 20280624
20280624 6125076
20280624 58053267
20280624 16052685
20280624 58042499
20280624 2268749
20280624 129071476
20280624 69025094
20280624 644060994
20280624 12573574
20280624 2264373
20280624 3651689
52511399 69025094
52511399 12573574
52511399 20280624
39456216 55991532
39456216 49835115
39456216 71950148
39456216 3651689
299526037 20280624
49835115 2349724
49835115 69025094
49835115 12573574
49835115 65369386
49835115 58396148
49835115 39456216
49835115 16052685
49835115 58005796
62293974 7392077
62293974 20280624
2349724 7392077
2349724 64801645
58136340 20280624
148092575 20280624
205891050 58331019
55897583 69025094
55897583 12573574
55897583 49835115
55897583 58130041
55897583 20280624
55897583 81968494
604632938 128777674
64801645 69025094
64801645 12573574
64801645 58275340
64801645 2349724
64801645 58130041
64801645 20280624
64801645 81968494
129071476 20280624
58409205 20280624
45339798 20280624
58053267 20280624
541459206 12573574
541459206 7392077
541459206 20280624
541459206 55897583
58130041 58331019
58130041 69025094
58130041 12573574
58130041 7392077
58130041 58275340
58130041 834123301
58130041 58396148
58130041 55897583
58130041 64801645
58130041 71950148
65369386 49835115
58396148 12573574
58396148 49835115
58396148 58275340
58396148 7392077
58396148 58130041
58396148 20280624
58396148 71950148
362983588 633988058
128777674 7392077
36022114 7392077
