134291996 112201667
134291996 23390229
674570140 23390229
33241607 23390229
7982799 16911706
7982799 23390229
450118527 23390229
154711159 23390229
166519295 23390229
176090111 121370537
176090111 23390229
156084325 23390229
156084325 39471663
18747821 39471663
18747821 23390229
155642704 23390229
39471663 156084325
121370537 176090111
121370537 23390229
155625058 23390229
571809400 23390229
456849586 23390229
480175335 23390229
26099430 23390229
26099430 112201667
308602954 23390229
155724728 48445763
155724728 23390229
155700223 23390229
289192675 160305930
289192675 23390229
552373976 160305930
552373976 23390229
16911706 7982799
23250886 160305930
23250886 23390229
511288197 23390229
234630316 23390229
160305930 552373976
160305930 23390229
160305930 289192675
160305930 23250886
17000171 23390229
33504214 23390229
83466825 23390229
23390229 156084325
23390229 511288197
23390229 234630316
23390229 134291996
23390229 155724728
23390229 33504214
23390229 86204893
23390229 18747821
23390229 112201667
23390229 33241607
23390229 289201468
23390229 23250886
289201468 23390229
112201667 134291996
112201667 23390229
112201667 26099430
86204893 23390229
138022361 23390229
17344091 23390229
48445763 155724728
