602534786 665984579
57068288 57069330
186829073 127172938
401735907 57069114
57070571 401833257
57069114 57069330
57069114 401735907
57069114 57171573
57069114 54636854
57070499 57069330
57070499 54636854
57070499 500945803
57070499 127172938
57070499 57171573
57070499 401481500
57070499 602535681
57070499 206714163
57070812 127172938
57070812 747192248
57070812 401481500
57070812 206714163
57070812 57069330
54685602 57069330
54685602 57069188
54685602 381968470
54685602 602535681
401841036 57069330
401833257 57069330
401833257 57070571
59203690 127172938
983885 127172938
299110918 127172938
57068523 57171573
602568970 57069330
602568970 57171573
602568970 362959288
57069188 57069330
57069188 54685602
57069188 127172938
57069188 57171573
500934978 57069330
602565786 57069330
57069330 410981697
57069330 401833257
57069330 401735907
57069330 57068288
57069330 602565786
57069330 57069188
57069330 600601021
57069330 57070499
57069330 500934978
57069330 54685602
57069330 57069114
57069330 127172938
57069330 602535681
57069330 206714163
57069330 57070812
57069330 500945803
57069330 54636854
57069330 57171573
665984579 602534786
602535681 57069330
602535681 54636854
602535681 57070499
602535681 54685602
602535681 500945803
602535681 665984579
602535681 57171573
602535681 747192248
602535681 401481500
602535681 206714163
54230204 127172938
747192248 57069330
747192248 54636854
747192248 57070812
747192248 602535681
299635641 127172938
410981697 54636854
401481500 57069330
401481500 54636854
401481500 57070499
401481500 57070812
401481500 602535681
57171573 57069188
57171573 57070499
57171573 57069114
57171573 57068523
57171573 665984579
57171573 602568970
57171573 602535681
57171573 57069330
57171573 500945803
500945803 57070499
500945803 602535681
500945803 206714163
500945803 57069330
500945803 57171573
500945803 54636854
53672662 127172938
602511281 57069330
602511281 57070499
600601021 57069330
600601021 666019269
600601021 836612391
600601021 127172938
57069525 747192248
570281226 57069330
54636854 57070499
54636854 747152366
54636854 665984579
54636854 602535681
54636854 57069330
371376997 127172938
48732189 127172938
