173339321 127166583
26051361 127166583
26051361 836613105
26051361 28448128
836611969 371356646
836611969 701154981
836611969 836613105
836611969 735919012
560784965 28448128
560784965 127166583
460669727 371356646
460669727 127166583
460669727 14686262
371167717 28448128
371167717 127166583
26565472 28448128
26565472 127166583
26565472 692279569
505169819 127166583
231741466 127166583
166529538 28448128
166529538 836613105
166529538 127166583
295133313 28448128
295133313 127166583
136530159 127166583
136530159 179689534
136530159 98631005
136530159 309544625
740770858 127166583
635433573 201617234
635433573 28448128
635433573 127166583
635433573 836612440
130168543 28448128
130168543 127166583
178843757 127166583
48060943 127166583
540986063 28448128
540986063 127166583
172757330 127166583
99887416 127166583
172676951 28448128
172676951 127166583
735919012 371356646
735919012 127166583
735919012 10869364
735919012 836613105
735919012 130167731
735919012 365508274
735919012 14686262
579625809 28448128
579625809 127166583
309544625 28448128
309544625 98631005
309544625 136530159
309544625 130167731
309544625 127166583
552624977 127166583
836612440 656834975
836612440 635433573
836612541 28448128
836612541 127166583
836612541 836613105
28448128 127166583
166818985 127166583
166818985 67732936
166818985 28448128
701154981 28448128
701154981 371356646
701154981 460669727
701154981 836613012
701154981 14686262
701154981 836611969
701154981 365508274
701154981 130167731
701154981 836613105
701154981 10869364
701154981 127166583
144766329 28448128
144766329 692279569
144766329 127166583
144766329 58002058
582414203 28448128
582414203 127166583
9159175 28448128
18016131 23334704
371356646 28448128
371356646 460669727
371356646 836613012
371356646 98631005
371356646 605176193
371356646 14686262
371356646 735919012
371356646 218044224
371356646 231741466
371356646 836611969
371356646 365508274
371356646 836612908
371356646 130167731
371356646 836613105
371356646 127166583
371356646 701154981
836613105 28448128
836613105 656834975
836613105 371356646
836613105 701154981
836613105 127166583
836613105 10869364
836613105 26051361
836613105 836613012
836613105 605176193
836613105 14686262
836613105 735919012
836613105 179689534
836613105 836611969
836613105 166529538
836613105 836612541
58002058 127166583
58002058 692279569
58002058 144766329
58002058 28448128
218044224 28448128
218044224 371356646
218044224 127166583
218044224 10869364
218044224 130167731
218044224 14686262
179689534 28448128
179689534 560784965
179689534 127166583
179689534 836613105
179689534 130167731
179689534 136530159
179689534 309544625
210196771 127166583
656834975 28448128
656834975 127166583
656834975 10869364
656834975 836613105
656834975 692279569
656834975 98631005
29839380 28448128
472257800 28448128
472257800 127166583
154486371 127166583
1977391 28448128
1977391 127166583
552138070 127166583
552138070 28448128
469186031 28448128
469186031 128663987
469186031 127166583
469186031 605176193
469186031 14686262
469186031 540986063
54215624 28448128
54215624 127166583
137027251 28448128
137027251 127166583
836610673 127166583
836610673 28448128
18146118 28448128
18146118 127166583
723781339 28448128
723781339 127166583
171471803 127166583
171471803 28448128
67732936 127166583
67732936 166818985
67732936 692279569
67732936 98631005
836612908 127166583
692279569 28448128
692279569 144766329
10869364 201617234
10869364 28448128
10869364 656834975
10869364 371356646
10869364 701154981
10869364 127166583
10869364 836613105
10869364 130167731
10869364 836612908
10869364 692279569
10869364 218044224
10869364 23334704
10869364 540986063
10869364 735919012
10869364 14686262
10869364 605176193
10869364 98631005
10869364 130168543
54235110 127166583
54235110 28448128
812877185 28448128
812877185 127166583
812877185 605176193
103099888 28448128
524337936 28448128
524337936 127166583
836614808 28448128
836614808 127166583
128663987 28448128
128663987 127166583
128663987 130168543
128663987 469186031
17557018 28448128
477912448 28448128
477912448 127166583
44888435 28448128
44888435 127166583
23334704 127166583
23334704 28448128
23334704 9159175
23334704 18016131
23334704 365508274
23334704 692279569
23334704 179689534
23334704 58002058
98631005 201617234
98631005 127166583
98631005 10869364
98631005 166818985
98631005 836610673
98631005 692279569
98631005 179689534
98631005 136530159
98631005 309544625
98631005 67732936
98631005 836612440
784390991 28448128
784390991 127166583
283983360 28448128
283983360 127166583
166695580 127166583
166695580 28448128
305008804 127166583
14686262 371356646
14686262 701154981
14686262 127166583
14686262 10869364
14686262 836613105
14686262 218044224
14686262 469186031
14686262 735919012
14686262 605176193
14686262 460669727
14686262 130168543
14686262 28448128
14686262 836610673
836613012 28448128
836613012 371356646
836613012 701154981
836613012 127166583
836613012 836613105
836613012 605176193
836612587 127166583
127166583 28448128
48603887 28448128
48603887 692279569
48603887 127166583
459350758 28448128
459350758 127166583
133666324 28448128
133666324 127166583
201617234 28448128
201617234 127166583
201617234 635433573
123546174 28448128
123546174 127166583
130167731 28448128
130167731 127166583
605176193 28448128
605176193 371356646
605176193 127166583
605176193 10869364
605176193 836613105
605176193 130167731
605176193 469186031
605176193 735919012
605176193 14686262
605176193 812877185
605176193 836613012
166669373 127166583
44954584 28448128
365508274 371356646
365508274 701154981
365508274 127166583
365508274 735919012
365508274 28448128
