130237191 127166025
210273895 130009574
210273895 127166025
812867969 127166025
26622104 127166025
26622104 92328634
833359547 127166025
179886984 127166025
60982881 127166025
152817590 57649521
152817590 127166025
152817590 31415083
152817590 67242970
57609669 127166025
92328634 144702440
92328634 127166025
69192484 127166025
58149328 127166025
58149328 144702440
58149328 31415083
58149328 50839225
58149328 57650050
143013657 127166025
728466451 31415083
728466451 833658470
728466451 127166025
836613293 127166025
18094061 144702440
18094061 127166025
57643661 144702440
57643661 58488829
57643661 57649521
57643661 57645764
57643661 127166025
57643661 31415083
57643661 67242970
836613374 127166025
836612054 127166025
67242970 57643661
67242970 152817590
67242970 127166025
582358803 127166025
582182609 127166025
581967341 127166025
152601578 152927711
152601578 127166025
152601578 215756443
155827724 144702440
155827724 127166025
152934164 127166025
152689094 57653123
152689094 127166025
152689094 31415083
581211452 127166025
676750292 127166025
83370597 127166025
349614021 127166025
132715551 127166025
813372176 127166025
96469042 127166025
536276008 127166025
536276008 31415083
58488829 127166025
58488829 144702440
58488829 92328634
58488829 31415083
58488829 57653123
50839225 127166025
130009574 210273895
130009574 57649521
130009574 127166025
130009574 57645764
298835889 57649521
298835889 127166025
19145708 127166025
836613027 127166025
5471707 101699171
5471707 127166025
5471707 31415083
152447584 127166025
107495942 127166025
588190935 127166025
57649521 130009574
57649521 144702440
57649521 57653123
57649521 298835889
57649521 459515077
57649521 57643661
57649521 152817590
57649521 127166025
57649521 31415083
57649521 152629302
44973874 127166025
298857225 127166025
836613526 127166025
835132827 31415083
226837077 127166025
130071969 127166025
459515077 57649521
459515077 127166025
152574909 57653123
152574909 127166025
152574909 31415083
581050212 127166025
833658470 536276008
833658470 31415083
582365145 127166025
582371951 127166025
152629302 127166025
152629302 57649521
152629302 31415083
163259536 127166025
31415083 130009574
31415083 210273895
31415083 5471707
31415083 728466451
31415083 536276008
31415083 152672899
31415083 57653123
31415083 152574909
31415083 152927711
31415083 835132827
31415083 152689094
31415083 57650050
31415083 57643661
31415083 152817590
31415083 57649521
31415083 127166025
31415083 833658470
31415083 152629302
31415083 58488829
298855745 127166025
601813206 127166025
680925772 127166025
33909017 127166025
451198480 127166025
101699171 5471707
101699171 127166025
230926775 127166025
233445818 127166025
421512054 127166025
57645764 130009574
57645764 144702440
57645764 92328634
57645764 57650050
57645764 57643661
57645764 127166025
581653239 127166025
624300368 127166025
57650050 144702440
57650050 92328634
57650050 26622104
57650050 57645764
57650050 127166025
57650050 31415083
57650050 58149328
836613101 127166025
633950968 127166025
138989294 127166025
210208269 127166025
215756443 152672899
215756443 57653123
215756443 127166025
215756443 152601578
152927711 152601578
152927711 127166025
152927711 31415083
57653123 57649521
57653123 152574909
57653123 127166025
57653123 215756443
57653123 31415083
57653123 152689094
57653123 58488829
65399307 127166025
18663734 127166025
756848331 127166025
144702440 57650050
144702440 57649521
144702440 155827724
144702440 18094061
144702440 127166025
144702440 57645764
144702440 57643661
144702440 92328634
144702440 58149328
144702440 58488829
33922007 127166025
152672899 127166025
