13430503 37338060
13430503 45067145
13430503 12834586
13430503 130658531
13430503 130229383
13430503 56885781
13430503 9484257
13430503 146963221
13430503 208468757
13430503 56386147
13430503 56606797
13430503 76820548
13430503 40600320
13430503 133243917
13430503 57483045
13430503 50899428
13430503 55250036
13430503 540061466
13430503 56379139
13430503 131049666
13430503 264230546
13430503 191862597
13430503 55120956
13430503 55240598
13430503 231983306
13430503 85839540
13430503 154985173
13430503 83237449
13430503 30982074
13430503 580666015
13430503 26411169
13430503 28047598
13430503 215737862
13430503 14113668
13430503 28480581
13430503 83237558
13430503 20361130
13430503 65404490
13430503 56148919
13430503 23989005
13430503 74608016
13430503 12567276
13430503 91081644
13430503 3993693
13430503 80134085
13430503 78238421
13430503 40618660
13430503 298852705
13430503 57338144
13430503 56379111
13430503 208419526
13430503 78510742
13430503 155014726
74608016 26411169
74608016 56386147
74608016 133243917
74608016 85839540
74608016 37338060
74608016 83237558
74608016 130658531
74608016 13430503
74608016 12834586
74608016 40600320
74608016 55240598
74608016 50899428
74608016 146963221
74608016 131049666
74608016 28480581
74608016 65404490
74608016 56606797
74608016 12567276
74608016 3993693
74608016 80134085
74608016 57338144
74608016 89064773
74608016 78510742
50868923 133243917
50868923 146963221
50868923 14113668
50868923 13430503
50868923 85839540
50868923 55240598
50868923 12834586
50868923 56148919
50868923 56386147
50868923 50899428
50868923 56885781
50868923 79675351
50868923 154985173
50868923 604539437
50868923 130658531
50868923 37338060
50868923 683325729
50868923 20611666
50868923 12567276
50868923 3993693
50868923 298852705
50868923 605795896
50868923 89064773
50868923 78510742
50868923 155014726
37338060 76820548
37338060 130229383
37338060 56386147
37338060 40600320
37338060 12834586
37338060 146963221
37338060 9484257
37338060 56606797
37338060 130658531
37338060 13430503
37338060 133243917
37338060 50899428
37338060 131049666
37338060 55240598
37338060 154985173
37338060 83237449
37338060 580666015
37338060 26411169
37338060 14113668
37338060 20361130
37338060 23989005
37338060 231008820
37338060 74608016
37338060 12567276
37338060 3993693
37338060 80134085
37338060 40618660
37338060 89064773
37338060 155014726
50899428 56386147
50899428 37338060
50899428 76820548
50899428 17853691
50899428 12834586
50899428 133243917
50899428 45067145
50899428 146963221
50899428 130229383
50899428 13430503
50899428 9484257
50899428 56885781
50899428 56606797
50899428 264230546
50899428 55120956
50899428 55240598
50899428 83237449
50899428 30982074
50899428 26411169
50899428 28047598
50899428 14113668
50899428 28480581
50899428 65404490
50899428 200908771
50899428 74608016
50899428 12567276
50899428 3993693
50899428 80134085
50899428 89064773
50899428 78510742
27156814 55120956
27156814 683325729
56379111 37338060
56379111 13430503
56379111 133243917
56379111 12834586
56379111 231983306
56379111 89064773
300608247 199757192
300608247 604539437
300608247 55120956
300608247 12834586
300608247 130658531
300608247 130229383
300608247 155014726
300608247 80134085
58078775 55120956
580666015 45067145
580666015 37338060
580666015 13430503
580666015 76820548
580666015 12834586
580666015 65404490
91081644 13430503
146963221 40600320
146963221 37338060
146963221 9484257
146963221 56606797
146963221 13430503
146963221 133243917
146963221 50899428
146963221 55250036
146963221 540061466
146963221 199757192
146963221 55240598
146963221 85839540
146963221 26411169
146963221 28047598
146963221 83237558
146963221 65404490
146963221 23989005
146963221 50868923
146963221 74608016
146963221 12567276
146963221 3993693
146963221 78510742
146963221 89064773
80134085 76820548
80134085 12834586
80134085 74608016
80134085 133243917
80134085 26411169
80134085 37338060
80134085 20611666
80134085 56386147
80134085 12567276
80134085 23989005
80134085 28047598
80134085 55240598
80134085 130658531
80134085 83237558
80134085 9484257
80134085 13430503
80134085 264230546
80134085 56606797
80134085 200908771
80134085 199757192
80134085 40600320
80134085 30982074
80134085 55120956
80134085 40618660
80134085 89064773
78510742 540061466
78510742 85839540
78510742 74608016
78510742 130658531
78510742 146963221
78510742 298852705
78510742 50899428
78510742 12834586
78510742 20611666
78510742 13430503
78510742 56386147
78510742 80134085
78510742 200908771
78510742 133243917
78510742 37338060
78510742 155014726
264230546 13430503
264230546 133243917
264230546 50899428
264230546 55240598
264230546 80134085
264230546 89064773
208419526 55240598
208419526 13430503
208419526 133243917
208419526 55120956
540576548 133243917
540576548 89064773
56606797 146963221
56606797 40600320
56606797 13430503
56606797 133243917
56606797 50899428
56606797 56379139
56606797 55240598
56606797 83237558
56606797 23989005
56606797 80134085
56606797 40618660
56606797 89064773
130658531 37338060
130658531 56386147
130658531 12834586
130658531 56885781
130658531 515366681
130658531 13430503
130658531 133243917
130658531 55250036
130658531 55120956
130658531 199757192
130658531 55240598
130658531 604243374
130658531 85839540
130658531 83237558
130658531 56148919
130658531 300608247
130658531 50868923
130658531 74608016
130658531 12567276
130658531 80134085
130658531 40618660
130658531 298852705
130658531 208419526
130658531 89064773
130658531 78510742
89064773 133243917
89064773 23989005
89064773 37338060
89064773 50899428
89064773 76820548
89064773 57483045
89064773 26411169
89064773 56379111
89064773 264230546
89064773 28480581
89064773 298852705
89064773 208468757
89064773 231983306
89064773 3993693
89064773 56386147
89064773 515366681
89064773 83237558
89064773 540576548
89064773 65404490
89064773 14113668
89064773 20361130
89064773 154985173
89064773 30982074
89064773 56606797
89064773 131049666
89064773 55240598
89064773 604830171
89064773 12834586
89064773 17853691
89064773 40600320
89064773 40618660
89064773 130658531
89064773 80134085
89064773 604243374
89064773 85839540
89064773 74608016
89064773 155014726
23989005 12834586
23989005 13430503
23989005 17853691
23989005 56606797
23989005 133243917
23989005 37338060
23989005 28047598
23989005 146963221
23989005 55240598
23989005 80134085
23989005 89064773
12567276 45067145
12567276 37338060
12567276 146963221
12567276 9484257
12567276 50899428
12567276 133243917
12567276 20611666
12567276 85839540
12567276 74608016
12567276 76820548
12567276 30982074
12567276 13430503
12567276 12834586
12567276 55240598
12567276 28480581
12567276 130658531
12567276 56379139
12567276 26411169
12567276 130229383
12567276 57483045
12567276 83237558
12567276 56148919
12567276 56386147
12567276 154985173
12567276 3993693
12567276 80134085
12567276 57338144
12567276 155014726
723217303 37338060
723217303 13430503
14113668 55240598
14113668 131049666
14113668 130229383
14113668 133243917
14113668 12834586
14113668 37338060
14113668 34647725
14113668 13430503
14113668 56606797
14113668 56386147
14113668 683325729
14113668 154985173
14113668 55120956
14113668 50899428
14113668 28480581
14113668 83237558
14113668 74608016
14113668 12567276
14113668 80134085
14113668 57338144
14113668 89064773
14113668 155014726
56379139 13430503
56379139 133243917
56379139 12834586
56379139 55240598
56379139 12567276
56379139 80134085
231983306 13430503
231983306 155014726
231983306 89064773
231983306 56379111
231983306 74608016
55240598 13430503
55240598 12834586
55240598 50899428
55240598 40600320
55240598 146963221
55240598 264230546
55240598 37338060
55240598 133243917
55240598 56606797
55240598 55120956
55240598 20611666
55240598 199757192
55240598 219810929
55240598 56386147
55240598 130658531
55240598 55250036
55240598 604539437
55240598 683325729
55240598 684203398
55240598 56379139
55240598 154985173
55240598 14113668
55240598 28480581
55240598 83237558
55240598 65404490
55240598 23989005
55240598 200908771
55240598 50868923
55240598 74608016
55240598 12567276
55240598 3993693
55240598 80134085
55240598 40618660
55240598 298852705
55240598 605795896
55240598 57338144
55240598 89064773
55240598 155014726
78238421 13430503
78238421 83237558
78238421 55120956
78238421 80134085
78238421 56386147
78238421 133243917
78238421 56148919
78238421 76820548
55120956 133243917
55120956 12834586
55120956 50899428
55120956 13430503
55120956 130229383
55120956 56379139
55120956 27156814
55120956 604539437
55120956 56386147
55120956 130658531
55120956 478812476
55120956 131049666
55120956 55253542
55120956 683325729
55120956 55240598
55120956 604243374
55120956 231983306
55120956 34647725
55120956 85839540
55120956 154985173
55120956 28047598
55120956 14113668
55120956 56148919
55120956 231008820
55120956 74608016
55120956 12567276
55120956 3993693
55120956 80134085
55120956 78238421
55120956 298852705
55120956 502953332
55120956 58078775
55120956 57338144
55120956 45070728
55120956 208419526
55120956 155014726
604830171 89064773
497201073 26411169
497201073 154985173
605795896 55120956
129596402 12834586
130229383 12834586
130229383 13430503
130229383 133243917
130229383 26411169
30982074 55120956
30982074 13430503
30982074 133243917
30982074 604539437
30982074 12834586
30982074 85839540
30982074 76820548
30982074 50899428
30982074 12567276
30982074 80134085
30982074 40618660
30982074 57338144
298852705 13430503
298852705 130658531
298852705 133243917
298852705 55240598
298852705 12834586
298852705 56386147
298852705 55120956
298852705 40600320
298852705 40618660
298852705 83237449
298852705 50868923
298852705 57338144
298852705 78510742
298852705 89064773
76820548 17853691
76820548 37338060
76820548 130229383
76820548 45067145
76820548 56386147
76820548 9484257
76820548 13430503
76820548 133243917
76820548 50899428
76820548 55240598
76820548 85839540
76820548 83237449
76820548 30982074
76820548 580666015
76820548 26411169
76820548 83237558
76820548 74608016
76820548 12567276
76820548 80134085
76820548 78238421
76820548 155014726
76820548 89064773
85839540 12834586
85839540 13430503
85839540 76820548
85839540 55120956
85839540 130658531
85839540 146963221
85839540 30982074
85839540 50868923
85839540 74608016
85839540 12567276
85839540 89064773
85839540 78510742
231008820 37338060
231008820 55120956
231008820 40618660
9484257 76820548
9484257 37338060
9484257 146963221
9484257 56386147
9484257 12834586
9484257 13430503
9484257 133243917
9484257 50899428
9484257 12567276
9484257 80134085
9484257 78510742
12834586 37338060
12834586 130229383
12834586 129596402
12834586 40600320
12834586 17853691
12834586 604539437
12834586 20611666
12834586 9484257
12834586 130658531
12834586 13430503
12834586 133243917
12834586 50899428
12834586 55250036
12834586 56379139
12834586 55120956
12834586 55253542
12834586 199757192
12834586 55240598
12834586 34647725
12834586 85839540
12834586 154985173
12834586 30982074
12834586 580666015
12834586 26411169
12834586 28047598
12834586 14113668
12834586 20361130
12834586 65404490
12834586 23989005
12834586 74608016
12834586 12567276
12834586 3993693
12834586 80134085
12834586 40618660
12834586 298852705
12834586 56379111
12834586 89064773
12834586 78510742
12834586 155014726
131049666 37338060
131049666 13430503
131049666 133243917
131049666 55120956
131049666 55240598
131049666 26411169
131049666 14113668
131049666 28480581
131049666 74608016
131049666 80134085
131049666 89064773
56148919 55120956
56148919 57483045
56148919 56386147
56148919 130658531
56148919 540061466
56148919 13430503
56148919 55250036
56148919 133243917
56148919 155014726
56148919 12567276
45070728 55120956
45070728 13430503
45070728 208419526
55253542 12834586
55253542 13430503
55253542 55120956
55253542 55240598
133243917 56386147
133243917 12834586
133243917 130658531
133243917 37338060
133243917 130229383
133243917 9484257
133243917 146963221
133243917 208468757
133243917 13430503
133243917 20611666
133243917 40600320
133243917 604539437
133243917 17853691
133243917 76820548
133243917 45067145
133243917 56606797
133243917 50899428
133243917 684203398
133243917 56379139
133243917 131049666
133243917 264230546
133243917 79675351
133243917 55120956
133243917 55253542
133243917 540576548
133243917 199757192
133243917 683325729
133243917 55240598
133243917 154985173
133243917 30982074
133243917 26411169
133243917 28047598
133243917 14113668
133243917 28480581
133243917 723217303
133243917 83237558
133243917 65404490
133243917 56148919
133243917 23989005
133243917 200908771
133243917 50868923
133243917 74608016
133243917 12567276
133243917 80134085
133243917 78238421
133243917 40618660
133243917 298852705
133243917 605795896
133243917 57338144
133243917 56379111
133243917 208419526
133243917 89064773
133243917 78510742
133243917 155014726
65404490 56606797
65404490 12834586
65404490 55240598
65404490 13430503
65404490 133243917
65404490 146963221
65404490 50899428
65404490 580666015
65404490 154985173
65404490 130229383
65404490 74608016
65404490 12567276
65404490 3993693
65404490 80134085
65404490 89064773
17853691 76820548
17853691 20611666
17853691 12834586
17853691 133243917
17853691 50899428
17853691 23989005
17853691 89064773
155014726 55240598
155014726 50899428
155014726 37338060
155014726 40600320
155014726 56606797
155014726 40618660
155014726 14113668
155014726 28480581
155014726 89064773
155014726 133243917
155014726 12567276
155014726 13430503
155014726 12834586
155014726 56148919
155014726 76820548
28047598 133243917
28047598 13430503
28047598 50899428
28047598 146963221
28047598 12834586
28047598 55120956
28047598 55250036
28047598 23989005
28047598 80134085
28047598 40618660
604243374 55120956
604243374 130658531
604243374 89064773
20361130 13430503
20361130 45067145
20361130 12834586
20361130 37338060
20361130 540061466
20361130 89064773
20361130 12567276
20361130 74608016
40618660 130229383
40618660 30982074
40618660 56148919
40618660 13430503
40618660 129596402
40618660 55240598
40618660 28047598
40618660 55120956
40618660 56606797
40618660 56386147
40618660 80134085
40618660 200908771
40618660 28480581
40618660 133243917
40618660 130658531
40618660 684203398
40618660 20611666
40618660 56379139
40618660 12834586
40618660 55250036
40618660 37338060
40618660 231008820
40618660 298852705
40618660 605795896
40618660 502953332
40618660 58078775
40618660 208419526
40618660 89064773
40618660 155014726
502953332 154985173
502953332 55120956
502953332 40618660
219810929 74608016
20611666 17853691
20611666 12834586
20611666 55240598
20611666 12567276
200908771 40600320
200908771 130658531
200908771 89064773
200908771 40618660
200908771 80134085
28480581 57483045
28480581 50899428
28480581 55120956
28480581 133243917
28480581 131049666
28480581 13430503
28480581 231983306
28480581 14113668
28480581 55240598
28480581 12567276
28480581 40618660
28480581 89064773
28480581 155014726
3993693 13430503
3993693 50868923
3993693 146963221
3993693 12834586
3993693 37338060
3993693 56386147
3993693 540061466
3993693 55120956
3993693 55240598
3993693 74608016
3993693 65404490
3993693 26411169
3993693 12567276
3993693 89064773
34647725 55120956
34647725 14113668
604539437 76820548
604539437 14113668
604539437 154985173
604539437 604243374
604539437 55240598
604539437 55120956
604539437 133243917
604539437 13430503
604539437 12834586
604539437 40600320
215737862 13430503
215737862 28480581
540061466 146963221
540061466 13430503
540061466 3993693
540061466 56148919
40600320 37338060
40600320 604539437
40600320 12834586
40600320 146963221
40600320 56606797
40600320 13430503
40600320 133243917
40600320 478812476
40600320 154985173
40600320 14113668
40600320 200908771
40600320 74608016
40600320 12567276
40600320 80134085
40600320 298852705
40600320 155014726
40600320 78510742
40600320 89064773
55250036 13430503
55250036 76820548
55250036 604539437
55250036 146963221
55250036 20611666
55250036 130658531
55250036 12834586
55250036 133243917
55250036 55120956
55250036 199757192
55250036 55240598
55250036 580666015
55250036 28047598
55250036 28480581
55250036 56148919
55250036 74608016
55250036 12567276
55250036 40618660
199757192 130658531
199757192 146963221
199757192 12834586
199757192 56386147
199757192 133243917
199757192 80134085
199757192 55240598
478812476 40600320
478812476 55120956
83237449 13430503
83237449 50899428
83237449 76820548
83237449 605795896
83237449 298852705
154985173 37338060
154985173 13430503
154985173 12834586
154985173 89064773
154985173 12567276
57483045 13430503
57483045 515366681
57483045 26411169
57483045 28480581
57483045 12567276
57483045 80134085
57483045 89064773
45067145 76820548
45067145 12567276
45067145 580666015
45067145 50899428
45067145 133243917
45067145 13430503
56386147 37338060
56386147 20611666
56386147 56885781
56386147 12834586
56386147 9484257
56386147 130658531
56386147 13430503
56386147 133243917
56386147 50899428
56386147 684203398
56386147 55120956
56386147 199757192
56386147 55240598
56386147 154985173
56386147 26411169
56386147 14113668
56386147 28480581
56386147 83237558
56386147 65404490
56386147 56148919
56386147 50868923
56386147 74608016
56386147 12567276
56386147 3993693
56386147 80134085
56386147 78238421
56386147 40618660
56386147 298852705
56386147 208419526
56386147 89064773
56386147 78510742
56386147 155014726
683325729 55120956
57338144 13430503
57338144 55240598
57338144 26411169
57338144 30982074
57338144 14113668
57338144 55120956
57338144 12567276
57338144 298852705
57338144 74608016
57338144 89064773
208468757 56885781
208468757 89064773
208468757 133243917
208468757 13430503
208468757 130658531
208468757 56606797
26411169 13430503
26411169 12834586
26411169 146963221
26411169 50899428
26411169 57483045
26411169 37338060
26411169 133243917
26411169 131049666
26411169 55240598
26411169 130229383
26411169 56386147
26411169 76820548
26411169 74608016
26411169 12567276
26411169 3993693
26411169 80134085
26411169 57338144
26411169 89064773
515366681 89064773
515366681 57483045
515366681 130658531
56885781 56386147
56885781 130658531
56885781 13430503
56885781 3993693
83237558 76820548
83237558 14113668
83237558 133243917
83237558 146963221
83237558 79675351
83237558 56606797
83237558 17853691
83237558 56386147
83237558 28047598
83237558 12834586
83237558 130658531
83237558 13430503
83237558 200908771
83237558 74608016
83237558 12567276
83237558 80134085
83237558 78238421
83237558 57338144
83237558 89064773
