777195391 633951138
777195391 27423065
777195391 534751090
777195391 268987480
777195391 128732503
777195391 833314360
777195391 58090272
777195391 316242769
777195391 49217872
777195391 219709186
777195391 58431863
777195391 833345008
711287447 307588127
711287447 152579690
711287447 49217872
711287447 534758263
711287447 127275924
711287447 58431863
833314360 711287447
833314360 534751090
833314360 834307289
833314360 58090272
833314360 49217872
833314360 833535683
833314360 777195391
833314360 219709186
833314360 534758263
833314360 58369812
833314360 534762550
833314360 127275924
833314360 152816212
833314360 316242769
833314360 14259022
833314360 581275477
833314360 224334493
833314360 833345008
58090272 14259022
58090272 152816212
58090272 268987480
58090272 833314360
58090272 49217872
58090272 127275924
58090272 322809426
14259022 175157727
14259022 451386982
14259022 58090272
14259022 49217872
14259022 90021647
14259022 161353481
14259022 164498718
14259022 58369812
14259022 127275924
14259022 833314360
14259022 52229863
14259022 58431863
322809426 451386982
322809426 58090272
322809426 219709186
322809426 58369812
175157727 14259022
175157727 534751090
175157727 152816355
175157727 152816212
175157727 49217872
175157727 152955231
175157727 161353481
175157727 164498718
175157727 152601658
175157727 58369812
175157727 224334493
175157727 58431863
58369812 175157727
58369812 58011046
58369812 14259022
58369812 58090272
58369812 58024652
58369812 164498718
58369812 322809426
497350936 711287447
497350936 581275477
497350936 164498718
497350936 127275924
497350936 52229863
497350936 316242769
497350936 833314360
497350936 58431863
497350936 833345008
501461234 127275924
833345008 833314360
833345008 127275924
833345008 268987480
833345008 316242769
833345008 777195391
633951138 806256065
633951138 305575529
633951138 49217872
633951138 777195391
633951138 127275924
806170803 49217872
806170803 58431863
451386982 14259022
451386982 322809426
25286561 127275924
152601658 175157727
152601658 268987480
152601658 164498718
152601658 127275924
152601658 58431863
357391662 127275924
152595818 58431863
305575529 633951138
305575529 58431863
305575529 127275924
305575529 49217872
530112568 127275924
457405253 535214355
534751090 175157727
534751090 58431863
534751090 49217872
534751090 833535683
534751090 777195391
534751090 58474168
534751090 219709186
534751090 127275924
534751090 152879510
268987480 534751090
268987480 57440954
268987480 128732503
268987480 58090272
268987480 49217872
268987480 777195391
268987480 219709186
268987480 534758263
268987480 52229863
268987480 833345008
268987480 58431863
152935337 127275924
167442985 127275924
834500924 127275924
152879510 534751090
152879510 49217872
152879510 127275924
90021647 14259022
90021647 49217872
90021647 219709186
90021647 127275924
316242769 534751090
316242769 49217872
316242769 777195391
316242769 219709186
316242769 127275924
316242769 497350936
316242769 58431863
316242769 833345008
486760256 49217872
604389580 127275924
833535683 127275924
52229863 307588127
52229863 497350936
52229863 268987480
52229863 834307289
52229863 58090272
52229863 49217872
52229863 219709186
52229863 161353481
52229863 127275924
52229863 14259022
52229863 833314360
52229863 58431863
634754465 58011046
634754465 127275924
152955231 175157727
152955231 58431863
534762550 833314360
534762550 127275924
307588127 711287447
307588127 14259022
307588127 152816212
307588127 833314360
307588127 58090272
307588127 49217872
307588127 52229863
307588127 127275924
601625595 127275924
58011046 634754465
836612756 127275924
224334493 152955231
224334493 127275924
224334493 164498718
224334493 833314360
224334493 161353481
224334493 175157727
224334493 49217872
224334493 58431863
219709186 534751090
219709186 268987480
219709186 833314360
219709186 316242769
219709186 90021647
219709186 52229863
219709186 322809426
534758263 711287447
534758263 268987480
534758263 833314360
534758263 49217872
534758263 833535683
534758263 152955231
534758263 127275924
534758263 58431863
152816212 175157727
152816212 130067080
152816212 58090272
152816212 49217872
152816212 127275924
152816212 833314360
152816212 58431863
57440954 268987480
324446551 127275924
534960044 127275924
90870636 127275924
52573194 58090272
52573194 49217872
52573194 127275924
52573194 322809426
174073461 127275924
161353481 175157727
161353481 14259022
161353481 219709186
161353481 52229863
161353481 58431863
812493417 219709186
812493417 127275924
812493417 58431863
9846548 49217872
534764631 49217872
806256065 633951138
806256065 49217872
806256065 152879510
806256065 127275924
58474168 127275924
58474168 49217872
152816355 175157727
152816355 128732503
152816355 219709186
152816355 127275924
152816355 58431863
834307289 833314360
834307289 49217872
834307289 52229863
152579690 711287447
152579690 49217872
152579690 58431863
152579690 127275924
164498718 175157727
164498718 14259022
164498718 486760256
164498718 127275924
164498718 58431863
49217872 9846548
49217872 711287447
49217872 175157727
49217872 633951138
49217872 307588127
49217872 806256065
49217872 14259022
49217872 534751090
49217872 52573194
49217872 152816355
49217872 152579690
49217872 199363112
49217872 152816212
49217872 268987480
49217872 534764631
49217872 128732503
49217872 305575529
49217872 581275477
49217872 834307289
49217872 152657404
49217872 833314360
49217872 58090272
49217872 316242769
49217872 90021647
49217872 777195391
49217872 58474168
49217872 486760256
49217872 534758263
49217872 806170803
49217872 52229863
49217872 152879510
49217872 224334493
49217872 58431863
49217872 833345008
58024652 58431863
58024652 127275924
58024652 58369812
199363112 152816355
199363112 49217872
199363112 534923524
199363112 127275924
199363112 58431863
581275477 497350936
581275477 49217872
581275477 806256703
581275477 58369812
581275477 127275924
581275477 833314360
581275477 58431863
58431863 751446473
58431863 14259022
58431863 127275924
58431863 58090272
58431863 58024652
58431863 224334493
58431863 175157727
58431863 49217872
58431863 161353481
58431863 152816355
58431863 534751090
58431863 164498718
58431863 268987480
58431863 777195391
58431863 219709186
58431863 806170803
58431863 711287447
58431863 534758263
58431863 199363112
535214355 457405253
152657404 49217872
