178657860 223826834
178657860 36732765
178657860 224451546
36732765 224451546
36732765 178657860
36732765 17212193
152713317 304925588
152713317 54391140
152713317 806285214
152713317 421489800
224451546 36732765
224451546 81379009
224451546 223826834
224451546 178657860
54391140 152713317
28363979 33016721
28363979 81379009
223826834 224451546
223826834 178657860
14930209 81379009
14930209 28014923
16011071 81379009
421489800 152713317
58383786 81379009
36515721 28363979
36515721 33016721
806285214 152713317
33016721 28363979
33016721 36515721
33016721 97137345
299346439 81379009
299346439 152713317
28014923 14930209
36949398 81379009
36949398 97137345
304925588 152713317
17212193 36732765
