132405832 33286729
127895816 33286729
112637709 33286729
44207850 33286729
17761153 33286729
16138005 20518716
16138005 33286729
4419344 4789836
6173668 22783824
20518716 25902133
20518716 162500803
20518716 33286729
515936040 515936041
515936040 532178741
131467838 16401444
25902133 16401444
25902133 20518716
25902133 33286729
127168405 33286729
84209804 44649014
532178741 185017645
532178741 515936040
58278895 16401444
57181073 57455050
57181073 127617216
57181073 16401444
57181073 33286729
58057452 14773868
58057452 127617216
357313362 33286729
4789836 4419344
185017645 532178741
48752925 33286729
479473719 33286729
39162762 33547768
175167647 20518716
33547768 14773868
33547768 154825165
33547768 127617216
33547768 20518716
33547768 28556549
33547768 39162762
128107704 16988746
292208043 33286729
44649014 84209804
73512519 115552044
73512519 33286729
49465954 16401444
66952526 127168405
66952526 16401444
66952526 20518716
66952526 33286729
22783824 6173668
22783824 33286729
127195259 33286729
564391142 199998449
14773868 127617216
14773868 58057452
14773868 33547768
16988746 33286729
154825165 33286729
28556549 33286729
28556549 33547768
77774753 16401444
77774753 33286729
33907274 33286729
45017945 16401444
57455050 127617216
57455050 57181073
38023413 16401444
38023413 20518716
38023413 33286729
64953029 33286729
162500803 20518716
515936041 515936040
127617216 14773868
129639775 20518716
115552044 33286729
128656526 33286729
446040572 16401444
33671588 25902133
58056681 16401444
33286729 127617216
33286729 127617038
33286729 25902133
33286729 16401444
33286729 20518716
199998449 564391142
163887084 77774753
163887084 16401444
163887084 12999029
16401444 77774753
16401444 33286729
45036098 33286729
130187193 16401444
49733113 20518716
49733113 33286729
