49086501 127185309
683978148 127185309
52456669 127185309
833361176 127185309
58150317 127185309
53909672 127185309
53909672 31415083
582407077 127185309
435219678 127185309
69238038 127185309
57648789 127185309
57648789 17523085
57648789 152926283
152913550 127185309
152913550 789747797
152913550 31415083
152913550 152629302
152913550 152890931
152668495 127185309
101696428 127185309
298833393 127185309
298833393 10669486
298833393 130775714
57648049 127185309
57648049 75762992
57648049 57647891
57648049 31415083
836614898 127185309
152687256 127185309
298850818 31415083
128732265 127185309
145456552 83262302
145456552 57650713
145456552 31415083
44758931 127185309
44758931 152734663
44758931 44753213
75762992 57648049
75762992 127185309
75762992 80892499
75762992 138022312
75762992 10669486
75762992 57648789
75762992 152926283
75762992 17818141
75762992 27019571
175164262 17818141
634139861 127185309
83262302 145456552
83262302 97087018
83262302 31415083
152926283 127185309
152926283 138022312
477847206 127185309
57647891 57648049
57647891 127185309
80892499 127185309
80892499 75762992
80892499 210191779
80892499 27019571
581155961 127185309
42163405 127185309
130462586 127185309
22715402 127185309
22715402 152890931
48080525 127185309
34061894 127185309
276755684 210191779
276755684 152629302
90366582 127185309
322936457 127185309
210200159 127185309
210200159 789747797
210200159 152913550
210200159 31415083
210200159 27019571
148115046 127185309
834036384 127185309
831039334 127185309
570388569 127185309
21946924 127185309
789747797 127185309
789747797 210200159
789747797 152913550
210191779 127185309
210191779 80892499
210191779 44753213
210191779 130775714
210191779 276755684
54249535 127185309
422233225 127185309
130775714 127185309
130775714 17523085
130775714 298833393
130775714 210191779
130775714 31415083
130775714 27019571
812467037 127185309
17523085 127185309
17523085 57648789
728511807 127185309
100668054 127185309
601610864 127185309
17818141 127185309
17818141 75762992
17818141 138022312
17818141 175164262
17818141 152926283
17818141 101696428
17818141 152668495
152629302 276755684
152629302 31415083
152629302 152913550
152629302 127185309
152629302 152890931
31415083 57648049
31415083 127185309
31415083 53909672
31415083 130775714
31415083 49086501
31415083 145456552
31415083 57648789
31415083 152913550
31415083 83262302
31415083 298850818
31415083 97087018
31415083 152629302
152734663 127185309
152734663 44758931
152734663 31415083
152833195 127185309
6432431 127185309
806242754 127185309
74691038 127185309
138022312 127185309
138022312 152913550
138022312 152926283
44753213 127185309
44753213 210191779
44753213 152668495
97087018 83262302
97087018 31415083
130236649 127185309
10669486 127185309
10669486 75762992
10669486 298833393
57650713 127185309
57650713 145456552
152890931 127185309
152890931 152913550
152623305 127185309
634038871 127185309
581577295 127185309
27019571 75762992
27019571 127185309
27019571 80892499
