50903202 57847055
50903202 78365422
50903202 127427067
50903202 58425181
38782812 127427067
38782812 5730580
38782812 58425181
152735249 127427067
68934883 127427067
581158563 127427067
169922624 127427067
152957664 127427067
152957664 58425181
13660874 127427067
13660874 58425181
152703394 78365422
152703394 127427067
152703394 58425181
581550160 127427067
58425181 57847055
58425181 57648205
58425181 17083833
58425181 13660874
58425181 85978971
58425181 152434899
58425181 74966428
58425181 78365422
58425181 127427067
58425181 152957664
58425181 50903202
58425181 152912093
58425181 5730580
58425181 12925661
58425181 152703394
58425181 152955857
58425181 298858765
58425181 152933840
58425181 73513084
58425181 38782812
58425181 85703672
58425181 152899705
58425181 58041324
152933107 85978971
152933107 127427067
152933107 152899705
154861513 57648205
154861513 127427067
154861513 12925661
57847055 85978971
57847055 78365422
57847055 127427067
57847055 58425181
57847055 50903202
57847055 152912093
57847055 73513084
57847055 2156726
7123648 127427067
152933840 127427067
152595170 127427067
58417465 127427067
58417465 581263520
58417465 58041324
152564824 127427067
152941696 127427067
599514599 127427067
152434899 58425181
152434899 12925661
152955857 127427067
152955857 58425181
152955857 12925661
2156726 127427067
2156726 13660874
48621661 127427067
74966428 127427067
74966428 58425181
85703672 127427067
85703672 58425181
164378866 127427067
168511823 57648205
500945900 127427067
23719406 127427067
23719406 12925661
82792393 127427067
747148931 127427067
581263520 127427067
581263520 58417465
210187613 85978971
210187613 78365422
210187613 127427067
836613024 127427067
152821165 127427067
78365422 57847055
78365422 57648205
78365422 13660874
78365422 127427067
78365422 58425181
78365422 50903202
78365422 58105791
78365422 152912093
78365422 223766885
78365422 210187613
78365422 152703394
78365422 58041324
78365422 152670944
215709008 127427067
44754988 127427067
152620481 127427067
5730580 127427067
5730580 534757261
5730580 58425181
5730580 38782812
58105791 127427067
58105791 58417465
58441639 127427067
152899705 127427067
152899705 12925661
152899705 58425181
608301835 127427067
581381669 127427067
152670944 78365422
582155801 127427067
349502202 127427067
58041324 152941696
58041324 78365422
58041324 298858765
58041324 127427067
58041324 58425181
298858765 127427067
298858765 58425181
298858765 58041324
152595427 127427067
152595427 223766885
41164741 127427067
85978971 57847055
85978971 57648205
85978971 127427067
85978971 58425181
85978971 210187613
85978971 152673858
85978971 152933107
17083833 57648205
17083833 127427067
17083833 58425181
302566699 127427067
836613092 127427067
163564945 127427067
210187277 127427067
582190855 127427067
638099077 127427067
152673858 85978971
152673858 127427067
152713016 127427067
298849905 127427067
581022218 127427067
223766885 78365422
223766885 127427067
223766885 58441639
54478884 127427067
582438719 127427067
534757261 5730580
57648205 17083833
57648205 85978971
57648205 78365422
57648205 127427067
57648205 58425181
57648205 154861513
57648205 152912093
57648205 168511823
747099360 127427067
152815257 127427067
58086973 127427067
152912093 57847055
152912093 57648205
152912093 78365422
152912093 127427067
152912093 58425181
34757394 127427067
73513084 57847055
73513084 58425181
152818481 127427067
581781539 127427067
12925661 152434899
12925661 127427067
12925661 58425181
12925661 154861513
12925661 152955857
12925661 152899705
