111572805 181214027
126211679 78625089
580835714 181214027
67885144 500427173
294926185 364101572
294926185 404371401
128897425 127414876
50869352 33444365
562480972 181214027
253898646 181214027
33444365 50869352
181214027 123251282
181214027 562480972
181214027 253898646
181214027 137608610
181214027 580835714
181214027 547153130
181214027 111572805
78625089 294926185
78625089 126211679
123251282 181214027
49279982 127414876
404371401 364101572
364101572 294926185
364101572 404371401
500427173 67885144
137608610 181214027
547153130 181214027
127414876 49279982
