70100018 58396054
70100018 58519792
70100018 61609760
152796480 58519792
152796480 57645607
152796480 16387366
131034964 58519792
131034964 31415083
806258758 58519792
830237174 58519792
676774354 58519792
519911235 58519792
88587511 42160934
88587511 44750365
88587511 58519792
88587511 123996253
88587511 57645607
806300136 58519792
78329774 58519792
823926739 58519792
152938991 58519792
342956619 58519792
155855481 123996253
155855481 58337082
155855481 58519792
42160934 58519792
42160934 88587511
42160934 31415083
42160934 61609760
421469072 58519792
152900022 58519792
152900022 44750365
57645607 85052222
57645607 152655578
57645607 35481846
57645607 44750365
57645607 155858292
57645607 152575720
57645607 152851411
57645607 155821651
57645607 151097374
57645607 210197567
57645607 57649095
57645607 210185744
57645607 54912254
57645607 152796480
57645607 58519792
57645607 123996253
57645607 582843554
57645607 58337082
57645607 31415083
57645607 88587511
57645607 16387366
57645607 50867419
57645607 580891574
57645607 61609760
175151818 58519792
601640833 58519792
61609760 70100018
61609760 58519792
61609760 155869241
61609760 57645607
61609760 58396054
54912254 58519792
54912254 58337082
54912254 31415083
54912254 57645607
54912254 152514932
54912254 57649095
580891574 58519792
580891574 57645607
580891574 57649095
45042784 58519792
45042784 493827703
580918838 421469072
580918838 58519792
728413932 58519792
123996253 155855481
123996253 44750365
123996253 58519792
123996253 57645607
123996253 88587511
123996253 50867419
175151715 155858292
175151715 806229312
175151715 57652978
175151715 58519792
175151715 50867419
582414780 58519792
582414780 58148091
58050266 152723294
58050266 16387366
58148091 582414780
58148091 58519792
58148091 155869241
58148091 155858292
833233689 58519792
131958591 58519792
534771952 58519792
581085698 58519792
155869241 58148091
155869241 58519792
147858600 58519792
581332937 58519792
58100228 58519792
155858292 58337082
155858292 175151715
155858292 58519792
155858292 57645607
155858292 44750365
155858292 58148091
155858292 57649095
155858292 16387366
152929472 58519792
581268701 58519792
210185744 58519792
210185744 57645607
541258053 54912254
541258053 58519792
152729385 58519792
152729385 501147866
582843554 58519792
582843554 57645607
152851411 58519792
152851411 57645607
152851411 50867419
57649095 58519792
57649095 57645607
57649095 152514932
57649095 44750365
57649095 155858292
57649095 57652978
57649095 31415083
57649095 16387366
57649095 54912254
57649095 580891574
57649095 501147866
50867419 58519792
50867419 123996253
50867419 57645607
601881400 58519792
836614229 58519792
758043882 58519792
833658470 31415083
151097374 58519792
151097374 57645607
151097374 155858292
151097374 210197567
151097374 31415083
31415083 42160934
31415083 85052222
31415083 152655578
31415083 44750365
31415083 152575720
31415083 45042784
31415083 271184948
31415083 151097374
31415083 131034964
31415083 210197567
31415083 57649095
31415083 54912254
31415083 582923330
31415083 58519792
31415083 58337082
31415083 833658470
31415083 57645607
31415083 152514932
31415083 16387366
31415083 501147866
44750365 123996253
44750365 85052222
44750365 54912254
44750365 57645607
44750365 152900022
44750365 155858292
44750365 88587511
44750365 57649095
44750365 31415083
44750365 16387366
57652978 57649095
57652978 54912254
57652978 582923330
57652978 175151715
57652978 58519792
121564383 58519792
252998020 58519792
155821651 58519792
582923330 54912254
582923330 57652978
582923330 58519792
582923330 31415083
35481846 58519792
35481846 57645607
35481846 298833298
152575720 58519792
152575720 57645607
152575720 152796480
152575720 31415083
501147866 58519792
501147866 57649095
501147866 31415083
501147866 152729385
298833298 58519792
48642147 58519792
47220442 58519792
152623393 812463346
152623393 58519792
58396054 58519792
58396054 139729108
58396054 70100018
152723294 58050266
152723294 58519792
271184948 58519792
271184948 31415083
210197567 152655578
210197567 57645607
210197567 151097374
210197567 31415083
152514932 57649095
152514932 54912254
152514932 58519792
152594667 58519792
85052222 58519792
85052222 57645607
85052222 44750365
85052222 31415083
629319605 58519792
139729108 58396054
493827703 58519792
530346706 58337082
530346706 58519792
530346706 31415083
806229312 175151715
806229312 58519792
806229312 31415083
806229312 61609760
152655578 58519792
152655578 57645607
152655578 210197567
152655578 31415083
152655578 16387366
16387366 58050266
16387366 152655578
16387366 44750365
16387366 155858292
16387366 57649095
16387366 152796480
16387366 58519792
16387366 58337082
16387366 31415083
16387366 57645607
812463346 152623393
812463346 58519792
58337082 582414780
58337082 155855481
58337082 155858292
58337082 530346706
58337082 54912254
58337082 58519792
58337082 31415083
58337082 57645607
58337082 16387366
