20515490 11579186
20515490 124010082
581316221 11579186
81882198 11579186
81882198 59162757
661547357 301967195
59162757 81377624
59162757 9406253
59162757 199844310
59162757 81882198
59162757 51964797
59162757 52074572
40184346 9406253
40184346 71348798
40184346 9590333
40184346 57426336
40184346 31905609
40184346 52024843
40184346 67855652
83554824 11579186
83554824 57426336
83554824 52024843
49820310 11579186
60079511 44909271
60079511 3660393
86106754 9406253
3660393 60079511
16247917 11579186
54435028 11579186
299122129 11579186
33929909 11579186
45362836 83554824
31905609 57426336
31905609 40184346
31905609 52024843
45137198 11579186
52055192 11579186
9590333 9406253
9590333 57426336
9590333 40184346
9590333 52024843
52074572 9406253
52074572 11579186
52074572 59162757
735926007 11579186
40755599 11579186
300018662 11579186
41058867 11579186
71348798 11579186
208521956 836613515
299565241 11579186
36482991 11579186
72146503 301967195
72146503 11579186
836613515 208521956
301967195 72146503
301967195 661547357
52024843 11579186
52024843 9590333
52024843 57426336
52024843 40184346
52024843 31905609
52024843 83554824
86092060 11579186
718704768 11579186
69910258 11579186
269602010 11579186
44909271 11579186
44909271 60079511
178094860 11579186
124010082 20515490
54366312 11579186
67855652 83554824
67855652 29077870
67855652 212942491
67855652 52024843
67855652 11579186
67855652 40184346
9406253 81377624
9406253 86106754
9406253 9590333
9406253 40184346
9406253 59162757
509025187 11579186
81377624 9406253
81377624 59162757
57426336 11579186
57426336 83554824
57426336 40184346
57426336 31905609
57426336 52024843
215642810 11579186
29077870 67855652
