21642350 56956866
21642350 127176196
57491562 127176196
368369227 56956866
368369227 127176196
368369227 43748598
161450082 56956866
161450082 43748598
161450082 127176196
237873529 112964513
237873529 127176196
5568132 127176196
32337757 127176196
417442188 127176196
150236786 127176196
78136048 127176196
82412321 112964513
82412321 127176196
578011913 127176196
6959423 127176196
131680329 127176196
82398518 127176196
146945145 127176196
73607145 127176196
260814372 127176196
55892966 127176196
19396982 127176196
57353410 127176196
163578604 127176196
819620449 54609785
423473117 127176196
37643382 127176196
231557033 127176196
57633790 127176196
659202940 127176196
701397689 54609785
701397689 127176196
508110893 127176196
54609785 819620449
54609785 127176196
54609785 82398518
599755752 127176196
52556060 127176196
635243925 127176196
56956866 261464727
56956866 21642350
56956866 368369227
56956866 161450082
56956866 812666320
56956866 54313738
56956866 43748598
56956866 127176196
54313738 812666320
54313738 127176196
52072672 127176196
75143152 127176196
72462446 127176196
95894123 127176196
13795214 127176196
19976044 127176196
77033535 127176196
696950801 127176196
539135240 127176196
120425972 127176196
44575726 127176196
148013929 127176196
55426169 127176196
76027552 127176196
451764957 127176196
333639903 127176196
69237813 127176196
41267857 127176196
60283679 127176196
115377693 127176196
22177403 43748598
22177403 127176196
33297399 127176196
8220235 127176196
118075488 127176196
67444940 127176196
66899362 127176196
84049176 127176196
244286707 127176196
199858763 127176196
49272179 127176196
261464727 127176196
255432249 127176196
118327289 127176196
5552659 127176196
43748598 368369227
43748598 56956866
43748598 161450082
43748598 22177403
43748598 127176196
20309857 127176196
17803367 127176196
9756089 127176196
112964513 127176196
814834416 127176196
56725104 127176196
812666320 127176196
680073050 127176196
714669815 127176196
24345228 127176196
311749721 127176196
81473674 127176196
191851319 127176196
