142562307 57312238
142562307 152797379
172510532 49271366
172510532 357486030
172510532 601696760
172510532 23518497
152797379 357486030
152797379 142562307
152797379 23518497
357486030 22124080
357486030 172510532
357486030 23518497
163257943 130578925
575625835 58069605
575625835 23518497
152730624 23518497
29771329 65452933
29771329 56811093
29771329 53065431
29771329 2331219
79407654 23518497
56904109 357486030
130578925 128933058
130578925 163257943
152883119 23518497
216415189 57461766
328353449 23518497
22124080 357486030
22124080 23518497
2331219 29771329
2331219 56811093
2331219 23518497
8532259 152517385
175152437 57607149
175152437 23518497
152906562 357486030
152906562 23518497
65452933 29771329
375828914 123483584
375828914 130440566
24341186 357486030
29103364 34235421
29103364 23518497
53065431 29771329
64670487 23518497
476582242 165039117
34235421 23518497
34235421 29103364
141231531 586892974
32915206 58338764
32915206 23518497
58455473 23518497
57312238 142562307
152582251 57607149
152582251 23518497
49271366 172510532
49271366 357486030
49271366 23518497
130996094 23518497
58338764 32915206
58338764 23518497
152517385 172510532
152517385 23518497
58069605 23518497
58069605 575625835
56811093 650619056
56811093 29771329
56811093 57312238
56811093 2331219
316343377 357486030
316343377 23518497
152620958 23518497
152728721 23518497
52450086 23518497
320582203 34235421
586892974 141231531
634026533 357486030
128933058 130578925
27311397 357486030
27311397 23518497
152619272 23518497
173056059 23518497
57461766 216415189
601696760 172510532
601696760 23518497
25447833 23518497
152572838 23518497
650619056 56811093
23518497 22124080
23518497 175152437
23518497 601696760
23518497 27311397
23518497 357486030
23518497 131064331
23518497 173056059
23518497 79407654
23518497 2331219
23518497 64670487
23518497 152906562
23518497 152883119
23518497 32915206
23518497 58338764
23518497 49271366
23518497 172510532
23518497 328353449
23518497 152620958
23518497 152797379
23518497 57607149
23518497 152728721
23518497 130996094
23518497 152619272
23518497 152730624
23518497 152582251
23518497 316343377
23518497 53065431
23518497 29103364
23518497 634026533
23518497 152517385
23518497 58069605
23518497 152572838
23518497 27992331
23518497 25447833
23518497 575625835
23518497 52450086
23518497 34235421
23518497 58455473
165039117 476582242
123483584 375828914
27992331 23518497
134170239 106131092
57607149 175152437
57607149 152582251
57607149 23518497
131064331 23518497
