370199802 127167017
689841829 127167017
27251462 127167017
49242549 127167017
836612613 127167017
364839781 127167017
132448752 127167017
308120064 127167017
601152016 127167017
23086292 127167017
236086346 127167017
303657184 303549665
836614916 127167017
75379164 29159508
75379164 127167017
336183386 127167017
744416480 127167017
49703710 127167017
49703710 10487685
757018401 127167017
89248481 29159508
142299339 127167017
160480716 10487685
178022896 127167017
29159508 89248481
29159508 127167017
29159508 30271695
346399292 127167017
193610439 127167017
155922473 10487685
692582069 127167017
104471494 127167017
104471494 10487685
65195815 127167017
688257665 127167017
14889847 127167017
14889847 10487685
836613771 127167017
30271695 29159508
30271695 10487685
82767693 127167017
349477703 127167017
103047187 127167017
155549834 127167017
830901236 127167017
170420162 127167017
220958284 127167017
303549665 303657184
307388523 127167017
20773672 127167017
20773672 10487685
279091706 127167017
751539430 127167017
751539430 10487685
480137880 127167017
715964540 127167017
836614867 127167017
836613845 127167017
674548595 127167017
181896881 127167017
102281118 127167017
300679183 127167017
76771420 127167017
45049742 127167017
263247874 127167017
836613415 127167017
263518658 127167017
199684281 127167017
612174163 127167017
835306334 127167017
13378218 127167017
13378218 10487685
782207552 127167017
9468231 127167017
55025626 127167017
