152571782 57847265
152571782 57652422
152571782 57646888
152571782 152893039
58369187 152819421
58369187 57652422
58369187 152893039
152819421 7492972
152819421 57652422
152819421 57643426
152819421 152893039
152819421 58369187
152685839 152893039
152876992 152893039
57583888 152893039
57643426 57847265
57643426 58305488
57643426 152819421
57643426 86116943
57643426 152893039
152628919 57652422
152628919 152600864
152628919 152566188
152628919 86116943
152628919 152893039
152931174 86116943
152931174 152893039
57607529 57847265
57607529 152893039
57652422 152628919
57652422 7492972
57652422 152600864
57652422 152571782
57652422 57646888
57652422 58305488
57652422 152819421
57652422 4362574
57652422 152893039
57652422 58369187
57608056 152893039
65401855 86116943
65401855 152893039
65401855 152934159
152930953 57847265
152601238 581198036
152601238 152893039
152893039 57847265
152893039 7492972
152893039 57646888
152893039 58401745
152601544 152893039
152601544 152566188
152688969 152893039
152688969 152566188
26977390 152893039
86116943 57643426
86116943 152931174
86116943 152893039
86116943 152934159
152479559 57847265
152479559 4362574
152620177 152893039
57847265 26977390
57847265 57652422
57847265 152812653
57847265 57646888
57847265 57643426
57847265 152479559
57847265 152819421
57847265 4362574
57847265 178135435
57847265 152930953
57847265 635105198
57847265 152893039
152812653 57847265
152812653 4362574
152812653 152893039
152595477 152893039
58288956 152732494
58288956 581198036
58288956 152893039
152600864 57652422
152600864 152628919
152600864 152893039
129596883 152893039
152566188 152479559
152566188 152620290
152566188 152893039
4362574 152479559
4362574 57847265
4362574 57652422
4362574 152812653
4362574 152893039
152620290 152566188
635105198 57847265
58305488 57652422
58305488 26977390
58305488 57643426
58305488 152819421
58305488 152893039
152603899 152893039
7492972 57652422
7492972 152819421
7492972 152893039
581198036 152893039
581198036 58288956
152732494 57847265
152732494 152566188
152732494 152893039
152732494 58288956
152934159 152893039
57646888 57847265
57646888 57652422
57646888 152571782
57646888 178135435
57646888 152893039
49336025 152620290
49336025 152732494
49336025 152893039
580916618 152893039
580916618 152500495
178135435 152812653
178135435 57646888
178135435 57847265
178135435 152893039
178135435 58288956
152728042 152893039
58401745 152893039
152693892 152893039
152939629 152893039
152897238 152893039
