210207907 61639213
97489435 61639213
97489435 49395640
152855067 61639213
58272409 61639213
185182980 61639213
57377463 61639213
299373747 61639213
129369093 61639213
581147129 61639213
58159677 61639213
834034716 61639213
505455668 61639213
75213937 61639213
60328953 61639213
625113838 61639213
67885144 130237296
147971928 97489435
147971928 61639213
74541987 130237296
74541987 61639213
582845942 61639213
582380756 61639213
56569923 61639213
563146275 61639213
691385522 61639213
23165845 61639213
97088855 61639213
64763169 61639213
64763169 97489435
364777194 61639213
75614125 61639213
58149544 61639213
155881312 61639213
601834968 97489435
601834968 61639213
581287671 61639213
72458012 61639213
734416637 61639213
299564238 61639213
537097421 61639213
298830301 581053625
58159609 61639213
166576168 61639213
57467823 130237296
57467823 61639213
57467823 74541987
78825418 61639213
58148894 61639213
29873556 61639213
581411919 61639213
459466452 61639213
120034113 61639213
34673745 61639213
58005796 61639213
17847055 61639213
49395640 61639213
49395640 97489435
32490539 61639213
130237296 61639213
130237296 74541987
155886065 61639213
75732693 61639213
92366315 61639213
58275169 61639213
581053625 298830301
155874481 61639213
58026278 61639213
