33915497 15989793
33915497 39939417
33915497 64605624
33915497 49065096
33915497 82637044
33915497 66986781
7549066 34858511
128470143 66986781
746000243 66986781
156581758 66986781
35221935 34858511
35221935 67730849
35221935 66986781
67730849 39939417
67730849 49065096
67730849 18885881
67730849 66986781
67730849 35221935
18885881 57346076
18885881 64605624
18885881 34858511
18885881 67730849
18885881 66986781
39939417 64605624
39939417 33915497
39939417 49065096
39939417 67730849
39939417 68948265
39939417 66986781
48712661 66986781
64605624 61254844
64605624 39939417
64605624 49067297
64605624 33915497
64605624 18885881
64605624 66986781
64605624 35221935
44931146 66986781
44754308 66986781
44754308 44711438
44303824 66986781
49055842 34858511
49055842 66986781
15989793 34858511
15989793 33915497
15989793 66986781
16534164 66986781
49067297 64605624
49067297 49065096
86437806 66986781
34858511 7549066
34858511 66986781
163078921 34858511
68555234 66986781
81593736 66986781
44218744 66986781
68948265 39939417
68948265 82637044
68948265 66986781
44339839 57346076
44339839 66986781
57346076 44339839
57346076 18885881
57346076 66986781
82637044 68948265
82637044 33915497
82637044 66986781
44711438 44754308
44711438 66986781
302883790 66986781
61254844 64605624
61254844 66986781
84206822 66986781
44966106 66986781
55228902 66986781
34186413 34858511
34186413 66986781
156587907 66986781
43913587 66986781
49064642 34858511
49064642 66986781
49065096 39939417
49065096 34858511
49065096 49067297
49065096 33915497
49065096 67730849
49065096 66986781
