17979712 57646668
17979712 58104605
17979712 57644405
17979712 61639213
301890106 61639213
158343814 158343629
158343814 158343026
158343814 723848005
158343814 516171741
158343814 678339427
158343814 648069344
158343814 648070581
152655198 61639213
152655198 57644405
152655198 58159722
49325717 61639213
58478348 61639213
7078986 61639213
7078986 225639876
7078986 57644405
21508774 133003609
21508774 61639213
133023492 61639213
57467873 58159722
57467873 20967430
74414137 101699923
38352525 61639213
38352525 58159722
834035724 61639213
57848988 57646668
516171741 158343629
516171741 158343026
516171741 723848005
516171741 678339427
516171741 648070581
516171741 648069344
516171741 158343814
581619948 61639213
58167274 61639213
152953895 61639213
648070581 158343629
648070581 158343026
648070581 723848005
648070581 516171741
648070581 678339427
648070581 158343814
648070581 648069344
637053618 61639213
836612594 61639213
130029726 61639213
32264344 61639213
804090279 61639213
58268554 61639213
58159722 61639213
58159722 152812088
58159722 58019473
58159722 38200406
58159722 57644405
58159722 57646668
58159722 58107411
581883644 61639213
319190431 61639213
58104605 57644405
58104605 61639213
58104605 20967430
58104605 17979712
39502005 57644405
58107411 61639213
58107411 58159722
133003609 61639213
133003609 57644405
133003609 101699923
82399574 61639213
57609942 20967430
57609942 82641029
57609942 17979712
57609942 61639213
160418699 61639213
58019473 61639213
58019473 58159722
20967430 58104605
20967430 61639213
20967430 57467873
20967430 57609942
57646668 61639213
57646668 17979712
57646668 57848988
57646668 57644405
57646668 58159722
58008306 61639213
57994045 57644405
57994045 61639213
57994045 58159722
61639213 10812824
82641029 61639213
82641029 57609942
223860025 61639213
136814520 61639213
648069344 158343629
648069344 158343026
648069344 723848005
648069344 516171741
648069344 158343814
648069344 648070581
648069344 678339427
69248226 61639213
22672039 61639213
158343026 158343629
158343026 158343814
158343026 648069344
158343026 648070581
158343026 678339427
158343026 516171741
158343026 723848005
678339427 158343629
678339427 158343026
678339427 723848005
678339427 158343814
678339427 648069344
678339427 648070581
678339427 516171741
101699923 133003609
29927806 69248226
29927806 61639213
29927806 32264344
298830777 58159722
582199281 57644405
582199281 61639213
38200406 57644405
38200406 58159722
581259519 61639213
127218542 61639213
58094071 58159722
58094071 61639213
152812088 61639213
152812088 58159722
298831768 61639213
164122252 61639213
32490539 61639213
152692278 61639213
723848005 158343629
723848005 158343026
723848005 158343814
723848005 648069344
723848005 648070581
723848005 678339427
723848005 516171741
57644405 582199281
57644405 39502005
57644405 58104605
57644405 61639213
57644405 17979712
57644405 57994045
57644405 38200406
57644405 133003609
57644405 152655198
57644405 57646668
57644405 58159722
57644405 7078986
3953329 61639213
10812824 61639213
225639876 7078986
836614236 61639213
158343629 158343814
158343629 648069344
158343629 648070581
158343629 678339427
158343629 516171741
158343629 723848005
158343629 158343026
