57402768 137109049
152928189 127166025
152928189 112941324
152928189 833325497
152928189 105768279
303194822 127166025
156534729 127166025
100102054 127166025
757757398 127166025
108106852 642505720
108106852 137109049
144955720 127166025
833461226 730401872
152891570 127166025
642505720 580437245
642505720 504807919
642505720 127166025
642505720 621417579
642505720 68491641
642505720 137109049
134430767 836614655
134430767 127454834
137109049 127166025
137109049 137001518
137109049 621417579
137109049 68491641
137109049 642505720
836614670 127166025
58301609 127166025
836614541 26489146
169582148 127166025
580437245 137001518
580437245 68491641
580437245 642505720
580437245 137109049
152681015 127166025
836612798 127166025
836612798 756496178
152541439 127166025
152541439 138573066
112941324 497731425
112941324 459536111
112941324 105768279
112941324 127166025
112941324 152928189
112941324 138573066
12125907 152541491
12125907 127166025
836614655 134430767
836614655 111883015
836614655 681743904
834116725 127166025
815163937 127166025
152541383 127166025
127454834 68491641
127454834 134430767
137001518 580437245
137001518 504807919
137001518 127166025
137001518 68491641
137001518 642505720
137001518 137109049
634600270 580417952
634600270 836612898
806233903 127166025
67435854 127166025
132667904 127166025
730401872 26489146
730401872 833461226
134110221 580437245
134110221 68491641
459536111 112941324
459536111 127166025
138573066 127166025
138573066 105768279
138573066 112941324
68491641 580437245
68491641 504807919
68491641 137001518
68491641 127454834
68491641 621417579
68491641 642505720
68491641 137109049
681743904 730401941
681743904 836614655
369026535 127166025
369026535 152541491
58107906 127166025
730401963 68491641
730401963 137109049
26489146 836614541
26489146 730401872
26489146 137109049
836612898 127166025
836612898 634600270
836612898 580417952
105768279 369026535
105768279 112941324
105768279 127166025
105768279 152928189
105768279 138573066
364330640 127454834
760612016 127166025
760612016 68491641
192454001 68491641
152684405 127166025
140507464 127166025
497731425 112941324
65304298 127166025
730401941 681743904
756496178 836612798
756496178 152541491
152722356 833325497
152722356 152541491
152722356 127166025
219833925 127166025
111883015 836614655
152541491 127166025
152541491 138573066
424608512 127166025
424608512 68491641
152565542 112941324
152565542 127166025
621417579 68491641
621417579 642505720
621417579 137109049
504807919 137001518
504807919 68491641
504807919 642505720
833325497 112941324
214226738 127166025
806228998 127166025
806228998 138573066
833330695 127166025
580417952 634600270
580417952 836612898
