46113727 46112138
46113727 104974769
46113727 52346461
46113727 30362544
46113727 46113768
46113727 102115590
46113727 132512642
46113727 7032395
46113727 36150755
167297296 52346461
167297296 132512642
167297296 36150755
14620621 9882067
14620621 9430247
14620621 46113727
14620621 104974769
14620621 11497251
14620621 30362544
14620621 36150755
14027463 9882067
14027463 46113727
14027463 104974769
14027463 30362544
14027463 102115590
14027463 7032395
46112138 9882067
46112138 46113727
46112138 104974769
46112138 52346461
46112138 30362544
46112138 26209224
46112138 38199488
46112138 130845104
46112138 102115590
46112138 31683524
46112138 132512642
46112138 7032395
46112138 36150755
104974769 46112554
104974769 46112138
104974769 36150755
104974769 7032395
104974769 132512642
104974769 46104969
104974769 102115590
104974769 130845104
104974769 38199488
104974769 26209224
104974769 30362544
104974769 11497251
104974769 52346461
9882067 14620621
9882067 30362544
46104969 104974769
46104969 52346461
46104969 30362544
46104969 26209224
46104969 130845104
46104969 102115590
46104969 31683524
46104969 132512642
46104969 7032395
31683524 9882067
31683524 46112138
31683524 104974769
31683524 52346461
31683524 30362544
31683524 26209224
31683524 102115590
31683524 46104969
31683524 132512642
31683524 7032395
52346461 46113727
52346461 46112138
52346461 104974769
52346461 36150755
52346461 7032395
52346461 132512642
52346461 102115590
52346461 130845104
52346461 38199488
52346461 26209224
52346461 128388818
26209224 46112138
26209224 104974769
26209224 52346461
26209224 30362544
26209224 46113768
26209224 38199488
26209224 130845104
26209224 102115590
26209224 31683524
26209224 46104969
26209224 132512642
26209224 7032395
26209224 36150755
132512642 46113727
132512642 46112138
132512642 52346461
132512642 30362544
132512642 128388818
132512642 26209224
132512642 38199488
132512642 130845104
132512642 102115590
132512642 167297296
132512642 7032395
132512642 36150755
38199488 46112554
38199488 104974769
38199488 11497251
38199488 128388818
38199488 130845104
9430247 46112554
9430247 9882067
9430247 14620621
9430247 11497251
9430247 38199488
46113768 104974769
46113768 52346461
46113768 30362544
46113768 128388818
46113768 26209224
46113768 38199488
46113768 130845104
46113768 102115590
46112554 9430247
46112554 104974769
46112554 52346461
46112554 11497251
46112554 128388818
46112554 38199488
46112554 102115590
46112554 36150755
128388818 36150755
128388818 38199488
36150755 14620621
36150755 9882067
36150755 46112138
36150755 38199488
36150755 128388818
36150755 104974769
36150755 7032395
36150755 167297296
36150755 52346461
36150755 46113727
36150755 132512642
130845104 9882067
130845104 104974769
130845104 52346461
130845104 11497251
130845104 30362544
130845104 38199488
130845104 102115590
130845104 132512642
130845104 7032395
11497251 46112554
11497251 9882067
11497251 9430247
11497251 104974769
11497251 52346461
11497251 14620621
11497251 30362544
11497251 128388818
11497251 38199488
11497251 130845104
11497251 102115590
11497251 132512642
11497251 7032395
11497251 36150755
7032395 31683524
7032395 52346461
7032395 11497251
7032395 104974769
7032395 132512642
7032395 46112138
7032395 36150755
7032395 38199488
7032395 30362544
7032395 128388818
30362544 9882067
30362544 14027463
30362544 104974769
30362544 52346461
30362544 128388818
30362544 38199488
30362544 130845104
30362544 102115590
30362544 31683524
30362544 46104969
30362544 36150755
102115590 46113727
102115590 104974769
102115590 52346461
102115590 7032395
102115590 30362544
102115590 38199488
102115590 130845104
