164685241 155558687
164685241 140485217
123725085 67720931
110938663 92287257
163986260 134235088
695430915 391208933
90033289 98422694
98422694 90033289
98422694 212609900
140485217 164685241
140485217 155558687
836402798 754672536
60912456 139782800
754672536 836402798
391208933 695430915
391208933 593171069
836399453 528146219
134235088 163986260
134444098 212609900
212609900 134444098
212609900 98422694
92287257 110938663
155558687 140485217
155558687 164685241
836611108 836610841
593171069 391208933
139782800 60912456
67720931 123725085
528146219 836399453
