57070223 30515201
57070223 602510958
57070223 21311094
57070223 39042103
57070223 15412776
57070223 60079786
6887071 21311094
6887071 60079786
9970738 39042103
5735624 127435472
5735624 60079786
15412776 30515201
15412776 90811877
15412776 666022162
15412776 57070223
45015444 60079786
57070360 30515201
57070360 127435472
57070360 39042103
90811877 15412776
90811877 60079786
602510958 30515201
602510958 57070223
602510958 39042103
35221935 60079786
131467838 39042103
57436669 127435472
57436669 60079786
54306744 30515201
30515201 49227368
30515201 57225646
30515201 602510958
30515201 21602680
30515201 666022162
30515201 21311094
30515201 57070223
30515201 39716986
30515201 54306744
30515201 39042103
30515201 60079786
30515201 15412776
30515201 800830893
30515201 57183211
607451458 60079786
32834433 39716986
144177096 127435472
144177096 58316312
36334839 127435472
36334839 60079786
58316312 144177096
39042103 30515201
39042103 21311094
39042103 60079786
43816958 39716986
199998276 60079786
199998276 39042103
199998276 21311094
800830893 37143584
800830893 60079786
800830893 30515201
57408943 60079786
26481118 60079786
558629518 60079786
72468828 60079786
72468828 127435472
84687372 35221935
29661626 69549582
29661626 39716986
29661626 127435472
29661626 60079786
127435472 69549582
127435472 60079786
21602680 30515201
21602680 21311094
298831428 21311094
298831428 60079786
44724715 60079786
163885862 21311094
163885862 127435472
163885862 37143584
163885862 60079786
75359319 60079786
98768702 21311094
98768702 60079786
39716986 30515201
39716986 20502551
39716986 32834433
39716986 29661626
39716986 43816958
49227368 30515201
49227368 21311094
57183211 127435472
57183211 30515201
436167717 60079786
36371364 127435472
36371364 60079786
69549582 21311094
69549582 127435472
69549582 60079786
57225646 21311094
57225646 127435472
57225646 39042103
57225646 60079786
605032076 21311094
32863295 127435472
32863295 60079786
21311094 30515201
21311094 127435472
21311094 39042103
21311094 60079786
37143584 127435472
37143584 60079786
60079786 69549582
60079786 21311094
60079786 127435472
60079786 39042103
60079786 26481118
666022162 30515201
666022162 15412776
666022162 39042103
