37473155 127175818
17424717 127175818
54398248 52028677
54398248 127175818
65296554 127175818
26085904 127175818
178019665 127175818
57837265 127175818
111225025 52028677
67942727 127175818
56972143 127175818
127637214 127175818
10743156 127175818
52028677 10769409
52028677 299450571
52028677 634070245
234495773 127175818
56936255 127175818
299240324 127175818
18670140 52028677
18670140 127175818
51964797 127637214
56804738 127175818
18606207 127175818
634070245 52028677
116342475 127175818
17184857 10769409
160632896 127175818
10769409 17184857
10769409 127175818
36187912 127175818
299450571 52028677
299450571 127175818
18657652 127175818
299090777 127175818
225424669 127175818
25440041 52028677
25440041 127175818
289210427 127175818
44441283 127175818
302076766 127175818
447937857 127175818
