58492816 18700769
16786659 18700769
16786659 58515100
38682376 18700769
6568449 58515100
8713768 18700769
67315458 16786659
30169529 58515100
57067799 18700769
4556922 199261250
4556922 18700769
52075495 58515100
52075495 199261250
52075495 16786659
58042076 58515100
200029522 58515100
44958525 58515100
44958525 199261250
39403080 155447753
745905098 60278812
38251410 58515100
38251410 38769668
38251410 18700769
38251410 5621536
26986454 18700769
38769668 38251410
27966973 18700769
50644105 155447753
4999335 58515100
423206053 26986454
423206053 18700769
58515100 224641678
58515100 155447753
58515100 199261250
26399686 60278812
26399686 58515100
26399686 199261250
26399686 18700769
52608536 38251410
52608536 50900900
52608536 18700769
52608536 5621536
199956116 58515100
199956116 18700769
60278812 18700769
129959126 58515100
132321310 18700769
50900900 5621536
50900900 18700769
199261250 58515100
199261250 26399686
199261250 155447753
199261250 18700769
199261250 17644534
175528275 58515100
34099936 50900900
34099936 18700769
34099936 5621536
54678912 58515100
54678912 18700769
24294973 58515100
57709332 18700769
155447753 58515100
155447753 199261250
18700769 34099936
18700769 5621536
5621536 26986454
5621536 34099936
5621536 50900900
5621536 18700769
9161014 58515100
9161014 18700769
181900505 18700769
57068519 18700769
225308359 58515100
155837533 58515100
155837533 18700769
32863295 58515100
17644534 58515100
17644534 199261250
113562152 18700769
15656450 18700769
