152595299 127395835
155864907 127395835
152655122 127395835
152655122 57644049
152655122 542176532
152655122 56758669
542176532 127395835
542176532 56758669
605021893 127395835
155841095 127395835
93633965 553123624
58023933 127395835
58023933 177100811
58023933 58334238
85053040 21720198
85053040 127395835
85053040 106493649
85053040 25975245
65396167 127395835
65396167 113654134
65396167 25975245
833311089 65487865
553123624 93633965
58048252 127395835
33266338 21720198
33266338 25975245
57647318 57643380
57647318 177100811
57647318 57644049
57647318 65487865
57647318 25975245
266320925 57643380
266320925 127395835
266320925 58111897
266320925 25975245
57644049 57647318
57644049 127395835
57644049 152655122
57644049 58111897
57644049 25975245
155825160 127395835
152818456 152686421
152818456 25975245
152818456 105464839
152818456 152929890
582057287 127395835
57643380 57647318
57643380 266320925
57643380 152524499
58303792 127395835
58111897 21720198
58111897 127395835
58111897 57644049
58111897 25975245
58111897 266320925
152686421 127395835
152686421 25975245
152686421 152818456
178193064 127395835
178193064 65487865
177100811 57647318
177100811 127395835
177100811 25975245
298832858 127395835
54181908 210191540
54181908 127395835
54181908 106493649
54181908 152631327
560215585 127395835
582821069 127395835
582667675 127395835
177477390 127395835
177477390 152818456
581812884 127395835
562116200 127395835
120646054 21720198
120646054 127395835
120646054 25975245
3655462 127395835
128947961 21720198
128947961 127395835
582187702 127395835
225644832 127395835
25975245 103060453
25975245 65396167
25975245 85053594
25975245 21720198
25975245 85053040
25975245 229041637
25975245 57647318
25975245 127395835
25975245 152686421
25975245 120646054
25975245 44755117
25975245 58111897
25975245 65487865
25975245 56758669
25975245 266320925
25975245 177100811
25975245 33266338
25975245 57644049
25975245 152565365
25975245 152818456
106493649 21720198
106493649 85053040
106493649 127395835
581755298 127395835
152631229 127395835
152524499 57643380
152524499 127395835
128502432 127395835
210191540 54181908
210191540 127395835
299232650 127395835
561940176 127395835
113654134 65396167
113654134 127395835
113654134 582722625
105464839 127395835
105464839 152818456
152929890 127395835
152929890 152818456
26197563 127395835
58088020 127395835
58088020 152472935
58088020 65487865
229041637 127395835
229041637 25975245
582352470 127395835
96277607 127395835
85053594 103060453
85053594 25975245
312464501 127395835
152631327 54181908
65487865 103060453
65487865 57647318
65487865 58139588
65487865 178193064
65487865 58088020
65487865 833311089
65487865 25975245
601616579 127395835
91561834 127395835
309561219 127395835
103060453 85053594
103060453 65487865
103060453 25975245
56758669 127395835
56758669 152655122
56758669 25975245
58139588 65487865
152565365 127395835
152565365 152582025
152565365 25975245
69248721 127395835
152472935 127395835
582722625 113654134
582722625 127395835
21720198 85053040
21720198 127395835
21720198 128947961
21720198 106493649
21720198 120646054
21720198 44755117
21720198 58111897
21720198 33266338
21720198 25975245
58334238 58023933
