48806963 77401745
48806963 82738718
48806963 127959307
130026298 82738718
130026298 127959307
64760834 127959307
160374472 834638089
2225101 127959307
127779669 127959307
69366821 127959307
54680194 127959307
100492297 127959307
65478746 127959307
45508315 127959307
45508315 160374472
82738718 127959307
836613441 160374472
134697761 127959307
444873443 127959307
444873443 160374472
44936822 127959307
77401745 130026298
86538508 127959307
128036164 127959307
834638089 160374472
25277479 127959307
128774154 127959307
29725930 127959307
25392447 127959307
163093437 127959307
138987020 127959307
59799971 127959307
162789804 160374472
