9785042 69302428
58033294 58381575
58033294 108197319
58033294 18094592
58033294 69302428
58033294 8815756
58033294 57410693
58033294 58386382
58033294 58479766
58033294 131665230
57410693 58381575
57410693 108197319
57410693 69302428
57410693 8815756
57410693 131665230
57410693 58033294
15065839 69302428
8815756 108197319
8815756 69302428
8815756 58479766
350581653 108197319
350581653 69302428
350581653 8815756
131665230 58381575
131665230 108197319
131665230 268508608
131665230 69302428
131665230 8815756
131665230 58479766
131665230 58033294
131665230 58386382
131665230 57410693
224320190 8815756
92267958 69302428
65464224 108197319
65464224 69302428
65464224 8815756
58479766 58381575
58479766 108197319
58479766 69302428
58479766 58386382
58479766 58033294
58479766 131665230
58479766 8815756
7933426 8815756
7933426 69302428
18094592 69302428
18094592 8815756
18094592 69239839
18094592 58033294
37007891 108197319
37007891 69302428
37007891 8815756
108197319 58381575
108197319 57410693
108197319 96483127
108197319 58386382
108197319 58033294
108197319 58479766
108197319 131665230
108197319 69239839
108197319 8815756
108197319 69302428
572189472 69302428
572189472 8815756
268508608 8815756
627469782 69302428
627469782 8815756
69239839 108197319
69239839 18094592
69239839 69302428
69239839 8815756
24514968 69302428
24514968 8815756
69302428 108197319
69302428 8815756
69302428 57410693
510074457 69302428
510074457 8815756
58381575 108197319
58381575 57410693
58381575 58386382
58381575 8815756
58381575 69302428
130009638 69302428
130009638 8815756
96483127 108197319
96483127 69302428
96483127 8815756
58308516 108197319
58308516 268508608
58308516 69302428
58308516 8815756
292380111 69302428
292380111 8815756
20681946 69302428
20681946 8815756
20228650 108197319
20228650 69302428
20228650 8815756
58386382 58381575
58386382 108197319
58386382 69302428
58386382 8815756
58386382 131665230
58386382 58479766
58386382 58033294
58386382 57410693
