54432346 23774377
56971376 23774377
44245162 52745462
44245162 23774377
35408299 23774377
200070141 23774377
22312659 23774377
652720405 23774377
484719036 23774377
69603231 23774377
312146162 23774377
30935438 23774377
19889562 28293193
57486193 23774377
140116835 23774377
602885232 23774377
555239947 23774377
317442387 23774377
107661171 129162097
130053930 129162097
28293193 23774377
28293193 57473448
28293193 231503717
28293193 19889562
384409402 323008717
741208386 129162097
224568744 129162097
224568744 23774377
540894441 23774377
833331846 54432346
457401811 23774377
49015124 129162097
49015124 23774377
383133150 23774377
231503717 28293193
352525870 23774377
199924105 129162097
199924105 23774377
731251994 23774377
4526226 23774377
52543905 23774377
539411894 23774377
199822973 23774377
27816725 23774377
49019297 23774377
48837192 23774377
129162097 23774377
52745462 44245162
52745462 23774377
52586023 23774377
111170073 23774377
93459143 23774377
536053502 23774377
95650007 23774377
47378056 23774377
525718136 23774377
323008717 384409402
24669741 23774377
57473448 28293193
