298856219 15577131
581052120 15577131
3422521 27786194
3422521 19273812
3422521 15577131
3422521 228959330
152693595 15577131
582393326 15577131
228959330 19273812
228959330 15577131
228959330 3422521
298830478 15577131
298852650 68998375
298852650 58182914
152907228 15577131
152907228 3422521
58182914 68998375
58182914 210216169
58182914 298852650
58182914 19423841
58182914 15577131
58182914 27786194
58182914 212448435
58182914 3422521
58182914 53841964
17448615 15577131
244904711 15577131
58117471 15577131
264058710 15577131
601635846 15577131
298862642 15577131
27786194 68998375
27786194 57643310
27786194 15577131
27786194 58182914
27786194 3422521
14637675 49462917
14637675 15577131
30340414 19423841
100296616 15577131
210192251 15577131
27436986 15577131
60268031 15577131
214958099 15577131
19273812 68998375
19273812 228959330
19273812 65322729
19273812 19423841
19273812 15577131
19273812 3422521
57643310 27786194
57643310 57649432
57643310 210216169
57643310 65322729
57643310 19423841
57643310 15577131
57643310 130021364
517674896 15577131
581901421 15577131
130021364 15577131
130021364 57643310
130021364 19423841
130021364 228959330
601789727 15577131
582187735 15577131
152957368 15577131
155827085 15577131
52375136 15577131
65322729 57649432
65322729 19273812
65322729 57643310
53841964 58182914
49462917 582242426
49462917 15577131
212448435 15577131
212448435 58182914
581150093 15577131
50660623 15577131
530375062 15577131
152500979 15577131
152933907 19273812
152933907 15577131
19423841 19273812
19423841 57643310
19423841 58182914
19423841 30340414
19423841 130021364
68998375 27786194
68998375 19273812
68998375 298852650
68998375 58182914
68998375 15577131
57649432 57643310
57649432 65322729
57649432 15577131
152818737 15577131
526379302 15577131
831102918 15577131
58085742 15577131
161154736 15577131
210216169 57643310
210216169 58182914
219813989 15577131
