58133883 43726041
58133883 52576621
58133883 50628082
3305157 50628082
25780635 62293489
25780635 50628082
25780635 6876133
25780635 52576621
25780635 36706902
677952604 58078680
26285280 50628082
26285280 14881679
86228893 128732432
86228893 50628082
58329804 78633177
58329804 58078680
58329804 59790421
58329804 58136519
58329804 302279814
58329804 45163523
58329804 5461189
58329804 34538789
58329804 34138055
58329804 50628082
58329804 8342439
58329804 57645397
58329804 45161845
58329804 54365650
58329804 205885036
58329804 6876133
58329804 52576621
58329804 36706902
36706902 756612576
36706902 50628082
36706902 54365650
36706902 25780635
36706902 52575667
36706902 52576621
36706902 73383223
36706902 58043176
36706902 58329804
36706902 8342439
36706902 5461189
36706902 6876133
36706902 57645397
36706902 45462823
36706902 58059099
36706902 57608010
36706902 692806143
36706902 72469277
36706902 128732432
36706902 59790421
36706902 298849666
172510872 50628082
172510872 128732432
172510872 57645397
172510872 52576621
57636011 50628082
54398248 93720825
54398248 50628082
205885036 50628082
205885036 128732432
205885036 58329804
52576621 25780635
52576621 58078680
52576621 172510872
52576621 57645397
52576621 34538789
52576621 58329804
52576621 50628082
52576621 756612576
52576621 45161845
52576621 58043176
52576621 58133883
52576621 36706902
52576621 73383223
52583007 57645397
58357605 50628082
58357605 43726041
120656192 50628082
120656192 73383223
34138055 205891077
34138055 58136519
34138055 50628082
34138055 58329804
34138055 756612576
34138055 5223497
34138055 205885289
34138055 6876133
58272857 50628082
58272857 43726041
14881679 43726041
14881679 34538789
14881679 50628082
14881679 26285280
58043176 58078680
58043176 58087499
58043176 34538789
58043176 50628082
58043176 128732432
58043176 8342439
58043176 54365650
58043176 6876133
58043176 52576621
58043176 36706902
73383223 52576621
73383223 120656192
73383223 54365650
73383223 50628082
73383223 45161845
73383223 23393433
73383223 5461189
73383223 36706902
6876133 12672190
6876133 54365650
6876133 58043176
6876133 57636011
6876133 5461189
6876133 50628082
6876133 45161845
6876133 58329804
6876133 25780635
6876133 8342439
6876133 45462823
6876133 756612576
6876133 43726041
6876133 45163523
6876133 36706902
58078680 58335460
58078680 58043176
58078680 62043432
58078680 677952604
58078680 59790421
58078680 43726041
58078680 34538789
58078680 50628082
58078680 25780635
58078680 58329804
58078680 128732432
58078680 57645397
58078680 45161845
58078680 54362560
58078680 6876133
58078680 52576621
1838205 58043176
1838205 34138055
1838205 50628082
65298134 50628082
56522387 50628082
58335460 50628082
58335460 34138055
58335460 58078680
58087499 58043176
58087499 50628082
54362560 58078680
54362560 50628082
54362560 45462823
50628082 65298134
50628082 58335460
50628082 86228893
50628082 56522387
50628082 78633177
50628082 58043176
50628082 62043432
50628082 56087160
50628082 58078680
50628082 59790421
50628082 58087499
50628082 68534164
50628082 62293489
50628082 58136519
50628082 302279814
50628082 93720825
50628082 163809651
50628082 52575667
50628082 5461189
50628082 34538789
50628082 34138055
50628082 298857567
50628082 58021944
50628082 768021361
50628082 58133883
50628082 172510872
50628082 1838205
50628082 69224810
50628082 58381984
50628082 25780635
50628082 58329804
50628082 12672190
50628082 54398248
50628082 756612576
50628082 128732432
50628082 14881679
50628082 216765172
50628082 57636011
50628082 298849666
50628082 5223497
50628082 205885289
50628082 834211699
50628082 8342439
50628082 23393433
50628082 9750148
50628082 3305157
50628082 57645397
50628082 120656192
50628082 52574935
50628082 54365650
50628082 58357605
50628082 205885036
50628082 57602221
50628082 167840892
50628082 57608010
50628082 54362560
50628082 6876133
50628082 52576621
50628082 26285280
50628082 73383223
50628082 36706902
9750148 34138055
9750148 50628082
9750148 12672190
9750148 37785265
9750148 3305157
69224810 50628082
57645397 205891077
57645397 78633177
57645397 58078680
57645397 59790421
57645397 58136519
57645397 5461189
57645397 43726041
57645397 50628082
57645397 172510872
57645397 58329804
57645397 45462823
57645397 756612576
57645397 128732432
57645397 205885289
57645397 8342439
57645397 23393433
57645397 52583007
57645397 45161845
57645397 54365650
57645397 52576621
57645397 36706902
58381984 50628082
57608010 50628082
57608010 36706902
58021944 50628082
58021944 34538789
205891077 34138055
205891077 57645397
5461189 50628082
5461189 58329804
5461189 756612576
5461189 57645397
5461189 54365650
5461189 6876133
5461189 36706902
5461189 73383223
52575667 50628082
52575667 36706902
756612576 78633177
756612576 59790421
756612576 163809651
756612576 5461189
756612576 34138055
756612576 50628082
756612576 8342439
756612576 57645397
756612576 6876133
756612576 52576621
45462823 692806143
45462823 59790421
45462823 43726041
45462823 8342439
45462823 57645397
45462823 45161845
45462823 54362560
45462823 6876133
45462823 36706902
58136519 58078680
58136519 58059099
58136519 34138055
58136519 50628082
58136519 58329804
58136519 8342439
58136519 57645397
58136519 45161845
58059099 58136519
58059099 43726041
58059099 36706902
5223497 34138055
5223497 50628082
5223497 128732432
5223497 54365650
5223497 167840892
54365650 58043176
54365650 52574935
54365650 25780635
54365650 5461189
54365650 34538789
54365650 57645397
54365650 5223497
54365650 43726041
54365650 59790421
54365650 45161845
54365650 50628082
54365650 58329804
54365650 6876133
54365650 73383223
54365650 36706902
45161845 58078680
45161845 58136519
45161845 58329804
45161845 45462823
45161845 128732432
45161845 298849666
45161845 57645397
45161845 54365650
45161845 167840892
45161845 6876133
45161845 52576621
45161845 73383223
57602221 50628082
167840892 43726041
167840892 5223497
167840892 34538789
167840892 45161845
298849666 50628082
298849666 45161845
45163523 50628082
45163523 25780635
45163523 58329804
45163523 6876133
302279814 58329804
302279814 50628082
34538789 58043176
34538789 58078680
34538789 50628082
34538789 58021944
34538789 58329804
34538789 14881679
34538789 54365650
34538789 167840892
34538789 52576621
692806143 43726041
692806143 45462823
692806143 36706902
59790421 58043176
59790421 58078680
59790421 43726041
59790421 50628082
59790421 58329804
59790421 45462823
59790421 756612576
59790421 8342439
59790421 57645397
59790421 54365650
59790421 36706902
43726041 692806143
43726041 58043176
43726041 58078680
43726041 59790421
43726041 58059099
43726041 163809651
43726041 45462823
43726041 128732432
43726041 14881679
43726041 205885289
43726041 57645397
43726041 54365650
43726041 58357605
43726041 167840892
43726041 54362560
43726041 6876133
43726041 26285280
52574935 50628082
93720825 50628082
93720825 54398248
57834276 12682421
205885289 58043176
205885289 43726041
205885289 50628082
205885289 8342439
205885289 57645397
8342439 58043176
8342439 59790421
8342439 58136519
8342439 50628082
8342439 58329804
8342439 45462823
8342439 756612576
8342439 205885289
8342439 834211699
8342439 57645397
8342439 6876133
8342439 36706902
62043432 58078680
62043432 50628082
12672190 50628082
12672190 9750148
12672190 6876133
23393433 50628082
23393433 57645397
23393433 73383223
163809651 50628082
163809651 756612576
78633177 57645397
78633177 756612576
78633177 58329804
78633177 50628082
68534164 50628082
834211699 58043176
834211699 45163523
834211699 8342439
834211699 50628082
128732432 86228893
128732432 58078680
128732432 62293489
128732432 172510872
128732432 5223497
128732432 57645397
128732432 45161845
128732432 205885036
128732432 54362560
128732432 36706902
37785265 9750148
72469277 36706902
56087160 50628082
