15469731 57645133
15469731 57645600
15469731 59188063
15469731 57644267
15469731 127641796
15469731 57646215
15469731 57647981
15469731 57645345
15469731 57651475
15469731 58111897
15469731 57648448
15469731 57852830
15469731 57652301
15469731 57643680
15469731 57651645
15469731 57652548
15469731 310648502
15469731 57647058
15469731 57849027
15469731 82643223
93776227 59188063
93776227 57644267
93776227 57646215
93776227 57645345
93776227 57649175
93776227 57645654
93776227 161463842
93776227 57653263
93776227 25089714
93776227 57652548
93776227 57645133
93776227 57644657
93776227 57645600
93776227 57648448
93776227 210268886
93776227 57643680
93776227 152693521
93776227 67557071
93776227 31182412
93776227 57849027
93776227 82643223
57645345 152787815
57645345 14066949
57645345 57645133
57645345 57645600
57645345 59188063
57645345 82553811
57645345 57647670
57645345 57644934
57645345 57589864
57645345 57644267
57645345 127641796
57645345 113654167
57645345 152662180
57645345 152955070
57645345 93776227
57645345 581149127
57645345 210185695
57645345 57652144
57645345 210268886
57645345 12240066
57645345 67557071
57645345 152531472
57645345 57646215
57645345 57646890
57645345 210192136
57645345 57648353
57645345 57647981
57645345 152631122
57645345 210196479
57645345 152581194
57645345 152693521
57645345 152808312
57645345 57649175
57645345 152733863
57645345 295333049
57645345 57651475
57645345 57645654
57645345 58111897
57645345 833483405
57645345 15469731
57645345 57644657
57645345 57643719
57645345 28006764
57645345 57648448
57645345 193655851
57645345 582283607
57645345 175151808
57645345 57852830
57645345 210187914
57645345 57653263
57645345 57652301
57645345 57643680
57645345 25089714
57645345 57651645
57645345 57652548
57645345 57645346
57645345 52581294
57645345 132145724
57645345 31182412
57645345 57647058
57645345 57651459
57645345 21450189
57645345 57849027
57645345 82643223
113654167 57645600
113654167 127641796
113654167 57646215
113654167 57645345
113654167 57644657
113654167 31182412
113654167 57849027
679063816 57645133
679063816 57644267
679063816 127641796
679063816 57646215
679063816 152581194
679063816 57649175
679063816 57648448
679063816 193655851
679063816 57652548
679063816 57651459
581602518 21450189
310648502 57645133
310648502 82553811
310648502 57589864
310648502 57644267
310648502 152662180
310648502 57646215
310648502 57648353
310648502 57647981
310648502 152581194
310648502 152693521
310648502 57649175
310648502 57651475
310648502 57645654
310648502 58111897
310648502 833483405
310648502 15469731
310648502 57644657
310648502 582283607
310648502 57653263
310648502 57643680
310648502 57652548
310648502 31182412
310648502 57651459
310648502 82643223
310648502 21450189
57651459 210268886
57651459 59188063
57651459 57645654
57651459 57644267
57651459 310648502
57651459 57643680
57651459 127641796
57651459 57647981
57651459 57645346
57651459 57646890
57651459 57645600
57651459 57644934
57651459 82553811
57651459 57644657
57651459 57648448
57651459 57646215
57651459 152693521
57651459 31182412
57651459 57645345
57651459 14066949
57651459 57645133
57651459 175151808
57651459 57653263
57651459 57649175
57651459 57652548
57651459 57852830
57651459 57648353
57651459 152581194
57651459 679063816
57651459 57651645
57651459 57647058
57651459 152733863
57651459 67557071
57651459 210185695
57651459 210196479
57651459 132145724
57651459 25089714
57651459 21450189
57651459 57849027
57651459 82643223
57645346 57645133
57645346 57645600
57645346 59188063
57645346 82553811
57645346 57647670
57645346 57644934
57645346 57589864
57645346 57644267
57645346 127641796
57645346 152955070
57645346 152735715
57645346 210268886
57645346 67557071
57645346 57646215
57645346 57648353
57645346 142799517
57645346 57647981
57645346 152724602
57645346 57645345
57645346 57649175
57645346 57651475
57645346 57645654
57645346 833483405
57645346 57644657
57645346 57643719
57645346 57648448
57645346 175151808
57645346 57852830
57645346 57653263
57645346 57643680
57645346 25089714
57645346 147930596
57645346 57652548
57645346 52581294
57645346 132145724
57645346 31182412
57645346 57647058
57645346 57651459
57645346 21450189
57645346 57849027
57645346 82643223
57644267 152787815
57644267 14066949
57644267 57645133
57644267 57566177
57644267 57645600
57644267 59188063
57644267 82553811
57644267 57644934
57644267 57589864
57644267 65404166
57644267 127641796
57644267 152662180
57644267 152955070
57644267 39481729
57644267 93776227
57644267 581149127
57644267 152735715
57644267 210185695
57644267 152812869
57644267 57652144
57644267 210268886
57644267 12240066
57644267 67557071
57644267 152531472
57644267 78668664
57644267 57646215
57644267 57646890
57644267 728867425
57644267 57648353
57644267 142799517
57644267 541258053
57644267 57647981
57644267 152581194
57644267 57645345
57644267 152693521
57644267 152808312
57644267 57649175
57644267 295333049
57644267 57651475
57644267 57645654
57644267 58111897
57644267 833483405
57644267 15469731
57644267 161463842
57644267 57644657
57644267 57643719
57644267 28006764
57644267 57648448
57644267 193655851
57644267 582283607
57644267 175151808
57644267 57852830
57644267 210187914
57644267 57652301
57644267 57643680
57644267 25089714
57644267 147930596
57644267 679063816
57644267 152581733
57644267 57651645
57644267 57652548
57644267 57645346
57644267 310648502
57644267 52581294
57644267 261681394
57644267 132145724
57644267 31182412
57644267 57647058
57644267 57651459
57644267 21450189
57644267 57849027
57644267 82643223
210185695 57645133
210185695 57645600
210185695 59188063
210185695 82553811
210185695 57644267
210185695 127641796
210185695 152735715
210185695 57646215
210185695 132145724
210185695 57645345
210185695 57645654
210185695 833483405
210185695 57644657
210185695 57648448
210185695 57653263
210185695 57643680
210185695 679063816
210185695 57651645
210185695 57652548
210185695 31182412
210185695 82643223
210185695 57849027
210185695 21450189
210185695 57651459
210185695 57647058
582456260 59188063
582456260 21450189
82643223 582283607
82643223 14066949
82643223 57643719
82643223 78668664
82643223 57852830
82643223 58111897
82643223 57645654
82643223 210268886
82643223 57644934
82643223 57647670
82643223 57651475
82643223 310648502
82643223 132145724
82643223 57646890
82643223 57645133
82643223 57647058
82643223 57645345
82643223 57645600
82643223 152787815
82643223 261681394
82643223 57653263
82643223 57645346
82643223 57644657
82643223 52581294
82643223 57648353
82643223 57646215
82643223 50784597
82643223 57647981
82643223 67557071
82643223 57649175
82643223 152693521
82643223 15469731
82643223 57849027
82643223 31182412
82643223 57643680
82643223 57651459
82643223 152581733
82643223 82553811
82643223 57652301
82643223 210196479
82643223 57644267
82643223 59188063
82643223 127641796
82643223 152812869
82643223 210187914
82643223 57652548
82643223 21450189
82643223 57648448
82643223 147930596
82643223 57651645
82643223 161463842
82643223 152581194
82643223 152662180
82643223 93776227
82643223 152531472
82643223 152808312
82643223 152955070
82643223 210185695
57849027 57645654
57849027 57644267
57849027 57653263
57849027 57852830
57849027 82553811
57849027 57644934
57849027 57643719
57849027 57651475
57849027 57645133
57849027 57651459
57849027 57652301
57849027 15469731
57849027 59188063
57849027 210268886
57849027 58111897
57849027 57645600
57849027 57646215
57849027 50784597
57849027 152812869
57849027 57646890
57849027 21450189
57849027 175151808
57849027 210192136
57849027 57644657
57849027 152808312
57849027 14066949
57849027 57648353
57849027 57645346
57849027 57647058
57849027 132145724
57849027 57645345
57849027 52581294
57849027 25089714
57849027 57647981
57849027 152693521
57849027 152735715
57849027 67557071
57849027 295333049
57849027 57648448
57849027 31182412
57849027 57652144
57849027 57643680
57849027 57589864
57849027 161463842
57849027 541258053
57849027 210196479
57849027 57651645
57849027 152581733
57849027 57652548
57849027 93776227
57849027 581149127
57849027 113654167
57849027 152787815
57849027 152662180
57849027 152531472
57849027 152581194
57849027 152955070
57849027 12240066
57849027 210187914
57849027 152478477
57849027 580924277
57849027 210185695
57849027 82643223
152693521 57644267
152693521 127641796
152693521 57646215
152693521 210192136
152693521 57648353
152693521 57647981
152693521 57645345
152693521 152808312
152693521 152677783
152693521 57649175
152693521 57645654
152693521 58111897
152693521 833483405
152693521 175151808
152693521 57653263
152693521 147930596
152693521 310648502
152693521 57645133
152693521 93776227
152693521 57645600
152693521 57648448
152693521 210268886
152693521 57643680
152693521 67557071
152693521 57651645
152693521 25089714
152693521 57652548
152693521 57651459
152693521 21450189
152693521 57849027
152693521 82643223
13653185 57645654
127641796 82643223
28006764 57645600
28006764 57644267
28006764 127641796
28006764 210268886
28006764 67557071
28006764 57646215
28006764 57645345
28006764 57643680
28006764 31182412
28006764 21450189
175151808 57645133
175151808 57645600
175151808 59188063
175151808 82553811
175151808 57644934
175151808 57644267
175151808 127641796
175151808 210258091
175151808 57652144
175151808 210268886
175151808 67557071
175151808 57646215
175151808 57646890
175151808 57648353
175151808 57647981
175151808 57645345
175151808 152693521
175151808 57651475
175151808 57645654
175151808 57644657
175151808 57643719
175151808 57648448
175151808 57852830
175151808 57653263
175151808 57643680
175151808 25089714
175151808 57652548
175151808 57645346
175151808 52581294
175151808 132145724
175151808 57647058
175151808 57651459
175151808 57849027
54593950 57646215
152724602 57646215
152724602 57645654
152724602 57645346
152724602 21450189
58111897 14066949
58111897 57645133
58111897 57645600
58111897 57644267
58111897 127641796
58111897 210268886
58111897 67557071
58111897 152531472
58111897 57646215
58111897 210196479
58111897 152581194
58111897 57645345
58111897 152693521
58111897 57649175
58111897 57645654
58111897 833483405
58111897 15469731
58111897 57644657
58111897 57648448
58111897 57852830
58111897 57653263
58111897 57643680
58111897 57651645
58111897 57652548
58111897 310648502
58111897 82643223
58111897 57849027
57645600 580924277
57645600 14066949
57645600 59188063
57645600 57647670
57645600 57644934
57645600 57589864
57645600 57644267
57645600 127641796
57645600 113654167
57645600 152955070
57645600 30780461
57645600 39481729
57645600 152735715
57645600 210185695
57645600 57652144
57645600 12240066
57645600 152531472
57645600 78668664
57645600 57646215
57645600 57646890
57645600 210192136
57645600 57648353
57645600 541258053
57645600 57647981
57645600 152581194
57645600 57645345
57645600 13653185
57645600 152808312
57645600 152677783
57645600 57649175
57645600 152733863
57645600 295333049
57645600 57651475
57645600 57645654
57645600 58111897
57645600 833483405
57645600 15469731
57645600 161463842
57645600 28006764
57645600 193655851
57645600 175151808
57645600 57852830
57645600 57653263
57645600 57652301
57645600 25089714
57645600 298855713
57645600 152581733
57645600 57652548
57645600 57645346
57645600 152787815
57645600 57645133
57645600 57644657
57645600 93776227
57645600 57643719
57645600 582283607
57645600 581149127
57645600 82553811
57645600 210196479
57645600 152812869
57645600 210268886
57645600 152693521
57645600 67557071
57645600 57651645
57645600 152662180
57645600 52581294
57645600 261681394
57645600 132145724
57645600 31182412
57645600 205891059
57645600 57647058
57645600 57651459
57645600 21450189
57645600 57849027
57645600 82643223
57645133 14066949
57645133 57566177
57645133 59188063
57645133 57644934
57645133 57589864
57645133 57644267
57645133 65404166
57645133 50784597
57645133 127641796
57645133 210258091
57645133 152735715
57645133 210185695
57645133 57652144
57645133 12240066
57645133 152531472
57645133 78668664
57645133 57646215
57645133 57646890
57645133 210192136
57645133 57648353
57645133 541258053
57645133 57647981
57645133 152581194
57645133 57645345
57645133 152808312
57645133 57649175
57645133 152733863
57645133 295333049
57645133 57651475
57645133 57645654
57645133 58111897
57645133 833483405
57645133 15469731
57645133 161463842
57645133 175151808
57645133 57852830
57645133 210187914
57645133 57653263
57645133 57652301
57645133 25089714
57645133 147930596
57645133 298855713
57645133 679063816
57645133 152581733
57645133 57652548
57645133 57645346
57645133 310648502
57645133 152787815
57645133 57644657
57645133 93776227
57645133 57643719
57645133 57645600
57645133 57648448
57645133 582283607
57645133 581149127
57645133 82553811
57645133 210196479
57645133 152812869
57645133 210268886
57645133 57643680
57645133 152693521
57645133 67557071
57645133 57651645
57645133 152662180
57645133 52581294
57645133 261681394
57645133 132145724
57645133 31182412
57645133 582033805
57645133 205891059
57645133 57647058
57645133 57651459
57645133 21450189
57645133 57849027
57645133 82643223
152808312 57645133
152808312 57645600
152808312 82553811
152808312 57644934
152808312 57644267
152808312 57646215
152808312 57645345
152808312 152693521
152808312 57645654
152808312 57648448
152808312 57652301
152808312 57643680
152808312 25089714
152808312 57651645
152808312 31182412
152808312 57647058
152808312 82643223
152808312 57849027
152808312 21450189
82553811 59188063
82553811 57647670
82553811 57644934
82553811 57589864
82553811 57644267
82553811 127641796
82553811 152955070
82553811 152735715
82553811 210185695
82553811 152531472
82553811 57646215
82553811 57646890
82553811 57648353
82553811 57647981
82553811 152581194
82553811 57645345
82553811 152808312
82553811 152677783
82553811 57649175
82553811 152733863
82553811 295333049
82553811 57651475
82553811 57645654
82553811 175151808
82553811 57852830
82553811 57653263
82553811 57652301
82553811 25089714
82553811 147930596
82553811 152581733
82553811 57652548
82553811 57645346
82553811 310648502
82553811 152787815
82553811 57645133
82553811 57644657
82553811 57643719
82553811 57645600
82553811 57648448
82553811 210268886
82553811 57643680
82553811 67557071
82553811 57651645
82553811 132145724
82553811 31182412
82553811 57647058
82553811 57651459
82553811 21450189
82553811 57849027
82553811 82643223
57651475 57645133
57651475 57645600
57651475 59188063
57651475 82553811
57651475 57644934
57651475 57644267
57651475 127641796
57651475 152955070
57651475 581149127
57651475 57652144
57651475 210268886
57651475 67557071
57651475 57646215
57651475 210192136
57651475 57648353
57651475 57647981
57651475 152581194
57651475 57645345
57651475 152677783
57651475 57649175
57651475 57645654
57651475 15469731
57651475 161463842
57651475 57644657
57651475 57643719
57651475 57648448
57651475 175151808
57651475 57653263
57651475 57643680
57651475 25089714
57651475 147930596
57651475 57651645
57651475 57652548
57651475 57645346
57651475 310648502
57651475 132145724
57651475 31182412
57651475 57647058
57651475 21450189
57651475 57849027
57651475 82643223
57653263 152787815
57653263 57645133
57653263 57645600
57653263 59188063
57653263 82553811
57653263 57644934
57653263 57589864
57653263 50784597
57653263 127641796
57653263 210258091
57653263 152662180
57653263 152955070
57653263 30780461
57653263 93776227
57653263 581149127
57653263 210185695
57653263 57652144
57653263 210268886
57653263 67557071
57653263 152531472
57653263 57646215
57653263 57646890
57653263 57648353
57653263 541258053
57653263 57647981
57653263 210196479
57653263 57645345
57653263 152693521
57653263 57649175
57653263 57651475
57653263 57645654
57653263 58111897
57653263 161463842
57653263 57644657
57653263 57643719
57653263 57648448
57653263 175151808
57653263 57852830
57653263 57643680
57653263 25089714
57653263 152581733
57653263 57652548
57653263 57645346
57653263 310648502
57653263 52581294
57653263 132145724
57653263 31182412
57653263 57647058
57653263 57651459
57653263 21450189
57653263 57849027
57653263 82643223
152581733 57645133
152581733 57645600
152581733 82553811
152581733 57644267
152581733 127641796
152581733 78668664
152581733 57646215
152581733 152693521
152581733 57645654
152581733 57644657
152581733 57648448
152581733 57852830
152581733 57643680
152581733 57651645
152581733 82643223
152581733 57849027
152581733 21450189
152581733 57647058
57646890 57645133
57646890 57645600
57646890 59188063
57646890 82553811
57646890 57644934
57646890 57644267
57646890 127641796
57646890 57652144
57646890 210268886
57646890 67557071
57646890 57646215
57646890 57648353
57646890 57647981
57646890 57645345
57646890 57645654
57646890 175151808
57646890 57852830
57646890 57653263
57646890 57643680
57646890 57651645
57646890 57651459
57646890 82643223
57646890 57849027
57646890 21450189
152662180 59188063
152662180 57644267
152662180 57646215
152662180 57645345
152662180 57649175
152662180 57645654
152662180 57852830
152662180 57653263
152662180 310648502
152662180 57645133
152662180 57648448
152662180 31182412
152662180 57652548
152662180 82643223
152662180 57849027
152662180 21450189
152787815 59188063
152787815 57644267
152787815 127641796
152787815 152735715
152787815 152531472
152787815 57646215
152787815 57648353
152787815 541258053
152787815 152581194
152787815 57645345
152787815 57649175
152787815 57645654
152787815 57653263
152787815 57645133
152787815 57644657
152787815 57645600
152787815 57648448
152787815 82553811
152787815 67557071
152787815 132145724
152787815 31182412
152787815 82643223
152787815 57849027
152787815 21450189
57852830 14066949
57852830 57645133
57852830 57645600
57852830 59188063
57852830 82553811
57852830 57644934
57852830 57644267
57852830 127641796
57852830 30780461
57852830 210268886
57852830 78668664
57852830 57646215
57852830 57646890
57852830 57648353
57852830 210196479
57852830 57645345
57852830 57649175
57852830 57645654
57852830 15469731
57852830 161463842
57852830 57644657
57852830 57643719
57852830 57648448
57852830 175151808
57852830 57653263
57852830 57643680
57852830 25089714
57852830 152581733
57852830 57651645
57852830 57645346
57852830 132145724
57852830 31182412
57852830 21450189
57852830 57849027
57852830 82643223
57566177 57645133
57566177 57644267
57566177 127641796
57566177 57646215
57566177 57647981
57566177 57649175
57566177 57645654
57566177 57644657
57566177 57648448
57566177 57643680
57566177 57651645
57566177 31182412
57566177 57647058
298855713 57645133
298855713 127641796
298855713 57646215
298855713 57645654
298855713 21450189
57652301 57645133
57652301 57645600
57652301 82553811
57652301 57644267
57652301 127641796
57652301 57646215
57652301 57645345
57652301 152808312
57652301 57649175
57652301 57645654
57652301 15469731
57652301 161463842
57652301 57644657
57652301 57643719
57652301 57648448
57652301 57852830
57652301 57643680
57652301 57652548
57652301 52581294
57652301 57647058
57652301 21450189
57652301 57849027
57652301 82643223
152581194 152787815
152581194 57645133
152581194 57645600
152581194 59188063
152581194 82553811
152581194 57644934
152581194 57644267
152581194 57646215
152581194 57645345
152581194 57649175
152581194 57651475
152581194 57645654
152581194 58111897
152581194 57644657
152581194 28006764
152581194 57648448
152581194 57643680
152581194 25089714
152581194 679063816
152581194 310648502
152581194 132145724
152581194 31182412
152581194 57651459
152581194 21450189
152581194 57849027
152581194 82643223
57643680 14066949
57643680 57566177
57643680 59188063
57643680 57647670
57643680 57644934
57643680 57589864
57643680 57644267
57643680 127641796
57643680 582456260
57643680 152955070
57643680 210185695
57643680 57652144
57643680 152531472
57643680 78668664
57643680 57646215
57643680 57646890
57643680 57648353
57643680 57647981
57643680 152581194
57643680 57645345
57643680 152808312
57643680 57649175
57643680 57651475
57643680 57645654
57643680 58111897
57643680 833483405
57643680 15469731
57643680 161463842
57643680 28006764
57643680 175151808
57643680 57852830
57643680 210187914
57643680 57653263
57643680 57652301
57643680 147930596
57643680 152581733
57643680 57645346
57643680 310648502
57643680 57645133
57643680 93776227
57643680 57643719
57643680 57648448
57643680 582283607
57643680 82553811
57643680 210196479
57643680 152812869
57643680 210268886
57643680 152693521
57643680 67557071
57643680 57651645
57643680 52581294
57643680 57644657
57643680 31182412
57643680 57647058
57643680 57651459
57643680 21450189
57643680 57849027
57643680 82643223
152531472 152787815
152531472 57645133
152531472 57645600
152531472 82553811
152531472 57644267
152531472 127641796
152531472 57646215
152531472 57645345
152531472 57645654
152531472 58111897
152531472 57644657
152531472 57648448
152531472 57653263
152531472 57643680
152531472 57651645
152531472 31182412
152531472 82643223
152531472 57849027
152531472 21450189
295333049 57645133
295333049 57645600
295333049 82553811
295333049 57644267
295333049 57646215
295333049 57645345
295333049 57652548
295333049 57849027
152631122 57645600
152631122 57644267
152631122 127641796
152631122 57646215
152631122 57645345
152631122 57645654
152631122 82643223
152631122 21450189
57645654 152787815
57645654 14066949
57645654 57645133
57645654 57566177
57645654 57645600
57645654 59188063
57645654 82553811
57645654 57644934
57645654 57589864
57645654 57644267
57645654 127641796
57645654 152662180
57645654 581149127
57645654 152735715
57645654 210185695
57645654 152812869
57645654 57652144
57645654 210268886
57645654 67557071
57645654 152531472
57645654 78668664
57645654 57646215
57645654 57646890
57645654 57648353
57645654 142799517
57645654 57647981
57645654 210196479
57645654 152581194
57645654 57645345
57645654 13653185
57645654 152693521
57645654 152808312
57645654 57649175
57645654 152733863
57645654 57651475
57645654 58111897
57645654 833483405
57645654 57644657
57645654 57643719
57645654 57648448
57645654 175151808
57645654 57852830
57645654 210187914
57645654 57653263
57645654 57652301
57645654 57643680
57645654 25089714
57645654 298855713
57645654 152581733
57645654 57651645
57645654 57652548
57645654 57645346
57645654 310648502
57645654 52581294
57645654 132145724
57645654 31182412
57645654 57647058
57645654 57651459
57645654 21450189
57645654 57849027
57645654 82643223
57647058 57645654
57647058 127641796
57647058 57644934
57647058 210268886
57647058 57651475
57647058 57643680
57647058 59188063
57647058 57645133
57647058 57645600
57647058 57653263
57647058 57645345
57647058 152808312
57647058 57644657
57647058 25089714
57647058 57644267
57647058 57646215
57647058 15469731
57647058 82553811
57647058 57648448
57647058 175151808
57647058 57648353
57647058 57647981
57647058 57645346
57647058 57566177
57647058 57652301
57647058 57589864
57647058 210196479
57647058 31182412
57647058 57652548
57647058 152581733
57647058 210185695
57647058 57651645
57647058 132145724
57647058 67557071
57647058 57651459
57647058 82643223
57647058 57849027
57647058 21450189
193655851 57645600
193655851 57644267
193655851 57646215
193655851 57645345
193655851 679063816
147945163 57646215
152735715 152787815
152735715 57645133
152735715 57645600
152735715 59188063
152735715 82553811
152735715 57644934
152735715 57644267
152735715 152955070
152735715 210185695
152735715 210268886
152735715 57646215
152735715 57648353
152735715 57649175
152735715 57645654
152735715 57643719
152735715 57652548
152735715 57645346
152735715 57849027
152735715 21450189
65404166 57645133
65404166 57644267
65404166 127641796
65404166 57646215
65404166 57649175
65404166 679063816
78668664 57645133
78668664 57645600
78668664 59188063
78668664 127641796
78668664 21450189
78668664 57646215
78668664 57645654
78668664 57852830
78668664 57643680
78668664 152581733
78668664 57651645
78668664 57652548
78668664 82643223
210196479 59188063
210196479 57644267
210196479 57646215
210196479 57647981
210196479 57645345
210196479 57649175
210196479 57645654
210196479 58111897
210196479 57852830
210196479 57653263
210196479 57652548
210196479 57645133
210196479 57645600
210196479 210268886
210196479 57643680
210196479 67557071
210196479 57651645
210196479 132145724
210196479 31182412
210196479 57647058
210196479 82643223
210196479 57849027
210196479 57651459
14066949 57645133
14066949 57645600
14066949 67557071
14066949 57646215
14066949 57645345
14066949 57649175
14066949 57645654
14066949 58111897
14066949 57644657
14066949 57852830
14066949 57652548
14066949 57651459
14066949 57849027
14066949 82643223
199738292 57646215
199738292 21450189
833483405 57645133
833483405 57645600
833483405 57644267
833483405 127641796
833483405 210185695
833483405 57646215
833483405 132145724
833483405 57645345
833483405 152693521
833483405 57649175
833483405 57645654
833483405 58111897
833483405 57643680
833483405 57645346
833483405 310648502
541258053 152787815
541258053 57645133
541258053 57645600
541258053 59188063
541258053 57644267
541258053 127641796
541258053 113654167
541258053 210268886
541258053 57648353
541258053 57653263
541258053 57849027
541258053 21450189
132145724 210185695
132145724 127641796
132145724 57653263
132145724 175151808
132145724 210268886
132145724 57643719
132145724 57645345
132145724 57645654
132145724 82553811
132145724 57645133
132145724 57644267
132145724 57646215
132145724 57644934
132145724 57645600
132145724 57648448
132145724 57645346
132145724 57644657
132145724 57648353
132145724 210258091
132145724 210196479
132145724 59188063
132145724 25089714
132145724 57651475
132145724 57852830
132145724 152808312
132145724 152787815
132145724 57643680
132145724 161463842
132145724 152693521
132145724 581149127
132145724 57652548
132145724 210192136
132145724 57651645
132145724 210187914
132145724 57647981
132145724 57652144
132145724 31182412
132145724 57647058
132145724 57651459
132145724 21450189
132145724 57849027
132145724 82643223
57652548 14066949
57652548 57645133
57652548 57645600
57652548 59188063
57652548 82553811
57652548 57644267
57652548 127641796
57652548 93776227
57652548 581149127
57652548 152735715
57652548 210185695
57652548 57652144
57652548 210268886
57652548 12240066
57652548 67557071
57652548 78668664
57652548 57646215
57652548 57648353
57652548 142799517
57652548 57647981
57652548 210196479
57652548 57645345
57652548 57649175
57652548 295333049
57652548 57651475
57652548 57645654
57652548 58111897
57652548 15469731
57652548 57644657
57652548 57643719
57652548 57648448
57652548 175151808
57652548 57653263
57652548 57652301
57652548 57643680
57652548 147930596
57652548 679063816
57652548 57651645
57652548 57645346
57652548 310648502
57652548 52581294
57652548 152693521
57652548 152662180
57652548 132145724
57652548 31182412
57652548 57647058
57652548 57651459
57652548 21450189
57652548 57849027
57652548 82643223
57644657 14066949
57644657 57566177
57644657 59188063
57644657 57647670
57644657 57644934
57644657 57589864
57644657 57644267
57644657 127641796
57644657 113654167
57644657 152955070
57644657 210185695
57644657 152531472
57644657 57646215
57644657 57648353
57644657 57647981
57644657 152581194
57644657 57645345
57644657 57649175
57644657 152733863
57644657 57651475
57644657 57645654
57644657 58111897
57644657 161463842
57644657 175151808
57644657 57852830
57644657 210187914
57644657 57653263
57644657 57652301
57644657 25089714
57644657 147930596
57644657 152581733
57644657 57652548
57644657 57645346
57644657 310648502
57644657 152787815
57644657 57645133
57644657 93776227
57644657 57643719
57644657 57645600
57644657 57648448
57644657 82553811
57644657 152812869
57644657 210268886
57644657 67557071
57644657 57651645
57644657 52581294
57644657 57643680
57644657 132145724
57644657 31182412
57644657 57647058
57644657 57651459
57644657 21450189
57644657 57849027
57644657 82643223
57647670 57645600
57647670 57646215
57647670 57647981
57647670 57645345
57647670 57645654
57647670 57644657
57647670 57648448
57647670 57643680
57647670 57645346
57647670 82643223
152677783 82553811
152677783 21450189
147930596 57645133
147930596 57645600
147930596 82553811
147930596 57644267
147930596 57646215
147930596 152693521
147930596 57649175
147930596 57651475
147930596 57645654
147930596 57644657
147930596 57648448
147930596 57643680
147930596 57652548
147930596 310648502
147930596 82643223
580924277 57645600
580924277 57849027
580924277 31182412
580924277 57646215
57648448 14066949
57648448 57566177
57648448 59188063
57648448 57647670
57648448 57644934
57648448 57589864
57648448 57644267
57648448 127641796
57648448 152955070
57648448 30780461
57648448 152735715
57648448 57652144
57648448 152531472
57648448 57646215
57648448 728867425
57648448 57648353
57648448 57647981
57648448 57645345
57648448 152808312
57648448 57649175
57648448 152733863
57648448 57651475
57648448 57645654
57648448 58111897
57648448 15469731
57648448 161463842
57648448 175151808
57648448 57852830
57648448 57653263
57648448 57652301
57648448 25089714
57648448 147930596
57648448 679063816
57648448 152581733
57648448 57652548
57648448 57645346
57648448 310648502
57648448 152787815
57648448 57645133
57648448 57644657
57648448 93776227
57648448 57643719
57648448 82553811
57648448 210268886
57648448 57643680
57648448 152693521
57648448 67557071
57648448 57651645
57648448 152662180
57648448 261681394
57648448 132145724
57648448 31182412
57648448 57647058
57648448 57651459
57648448 21450189
57648448 57849027
57648448 82643223
30780461 67557071
30780461 57852830
57647981 57645133
57647981 57566177
57647981 57645600
57647981 59188063
57647981 82553811
57647981 57647670
57647981 57644934
57647981 57589864
57647981 57644267
57647981 127641796
57647981 210268886
57647981 67557071
57647981 57646215
57647981 57646890
57647981 57648353
57647981 210196479
57647981 152581194
57647981 57645345
57647981 152693521
57647981 152808312
57647981 57649175
57647981 57651475
57647981 57645654
57647981 58111897
57647981 15469731
57647981 57644657
57647981 57648448
57647981 175151808
57647981 57653263
57647981 57643680
57647981 25089714
57647981 57651645
57647981 57652548
57647981 57645346
57647981 310648502
57647981 52581294
57647981 132145724
57647981 31182412
57647981 57647058
57647981 57651459
57647981 21450189
57647981 57849027
57647981 82643223
728867425 57644267
728867425 127641796
728867425 67557071
728867425 57646215
728867425 57648448
261681394 57648448
261681394 57645133
261681394 57644267
261681394 57646215
261681394 127641796
261681394 82643223
210192136 57645600
210192136 59188063
210192136 127641796
210192136 210268886
210192136 67557071
210192136 57646215
210192136 57645345
210192136 152693521
210192136 57651475
210192136 132145724
210192136 57849027
52581294 59188063
52581294 57644934
52581294 57644267
52581294 127641796
52581294 57648353
52581294 57645345
52581294 57649175
52581294 57645654
52581294 175151808
52581294 57653263
52581294 57652301
52581294 57652548
52581294 57645346
52581294 57645133
52581294 57645600
52581294 210268886
52581294 67557071
52581294 57644657
52581294 57643680
52581294 31182412
52581294 82643223
52581294 57849027
581149127 57644934
581149127 57644267
581149127 127641796
581149127 57652144
581149127 57646215
581149127 57645345
581149127 57651475
581149127 57645654
581149127 57653263
581149127 57652548
581149127 57645133
581149127 57645600
581149127 132145724
581149127 31182412
581149127 57849027
581149127 21450189
57652144 57645133
57652144 57645600
57652144 57644934
57652144 57644267
57652144 127641796
57652144 581149127
57652144 210268886
57652144 67557071
57652144 57646215
57652144 57646890
57652144 57648353
57652144 57645345
57652144 57649175
57652144 57651475
57652144 57645654
57652144 57648448
57652144 175151808
57652144 57653263
57652144 57643680
57652144 25089714
57652144 57652548
57652144 132145724
57652144 31182412
57652144 57849027
57652144 21450189
836438451 57649175
21450189 57852830
21450189 57645654
21450189 57643719
21450189 57651475
21450189 57643680
21450189 82553811
21450189 57647058
21450189 57653263
21450189 127641796
21450189 57651459
21450189 57646215
21450189 152808312
21450189 25089714
21450189 57644934
21450189 57645346
21450189 57644657
21450189 59188063
21450189 152787815
21450189 57644267
21450189 57645345
21450189 57645133
21450189 57645600
21450189 57648448
21450189 57648353
21450189 152693521
21450189 57649175
21450189 31182412
21450189 132145724
21450189 210187914
21450189 152733863
21450189 57652548
21450189 57652144
21450189 57646890
21450189 152955070
21450189 581149127
21450189 152478477
21450189 152724602
21450189 57849027
21450189 82643223
39481729 57645600
39481729 59188063
39481729 57644267
39481729 127641796
39481729 152812869
582283607 57644267
582283607 57646215
582283607 57645345
582283607 57645654
582283607 310648502
582283607 57645133
582283607 82643223
582283607 57645600
582283607 57643680
582283607 31182412
582283607 21450189
210258091 57645133
210258091 127641796
210258091 57646215
210258091 152677783
210258091 175151808
210258091 57653263
210258091 21450189
50784597 57645133
50784597 57653263
50784597 82643223
50784597 57849027
50784597 21450189
57649175 152787815
57649175 14066949
57649175 57645133
57649175 57566177
57649175 57645600
57649175 59188063
57649175 82553811
57649175 57644934
57649175 57589864
57649175 57644267
57649175 65404166
57649175 127641796
57649175 836438451
57649175 152662180
57649175 152955070
57649175 93776227
57649175 152735715
57649175 57652144
57649175 210268886
57649175 67557071
57649175 57646215
57649175 57648353
57649175 57647981
57649175 210196479
57649175 152581194
57649175 57645345
57649175 152693521
57649175 57651475
57649175 57645654
57649175 58111897
57649175 833483405
57649175 57644657
57649175 57648448
57649175 57852830
57649175 210187914
57649175 57653263
57649175 57652301
57649175 57643680
57649175 25089714
57649175 147930596
57649175 679063816
57649175 57651645
57649175 57652548
57649175 57645346
57649175 310648502
57649175 52581294
57649175 31182412
57649175 205891059
57649175 57651459
57649175 21450189
57649175 57849027
57649175 82643223
152955070 57645600
152955070 82553811
152955070 57644267
152955070 152735715
152955070 57646215
152955070 57645345
152955070 57649175
152955070 57651475
152955070 57645654
152955070 57644657
152955070 57648448
152955070 57643680
152955070 25089714
152955070 57645346
152955070 31182412
152955070 82643223
152955070 57849027
152955070 21450189
57589864 57645133
57589864 57645600
57589864 82553811
57589864 57644267
57589864 67557071
57589864 57646215
57589864 57648353
57589864 57647981
57589864 57645345
57589864 152693521
57589864 57649175
57589864 152733863
57589864 57645654
57589864 57644657
57589864 57648448
57589864 57852830
57589864 57653263
57589864 57643680
57589864 57645346
57589864 310648502
57589864 31182412
57589864 57647058
57589864 57849027
57589864 82643223
210187914 57645133
210187914 57645600
210187914 57644267
210187914 57646215
210187914 57645345
210187914 57649175
210187914 57645654
210187914 57644657
210187914 57643680
210187914 132145724
210187914 82643223
210187914 57849027
210187914 21450189
25089714 57645133
25089714 57645600
25089714 82553811
25089714 57644934
25089714 57644267
25089714 127641796
25089714 152955070
25089714 93776227
25089714 57652144
25089714 210268886
25089714 57646215
25089714 57648353
25089714 57647981
25089714 152581194
25089714 57645345
25089714 152808312
25089714 57649175
25089714 57651475
25089714 57645654
25089714 161463842
25089714 57644657
25089714 57643719
25089714 57648448
25089714 175151808
25089714 57852830
25089714 57643680
25089714 57651645
25089714 57645346
25089714 152693521
25089714 132145724
25089714 31182412
25089714 57647058
25089714 57651459
25089714 21450189
25089714 57849027
25089714 82643223
57648353 152787815
57648353 57645133
57648353 57645600
57648353 59188063
57648353 82553811
57648353 57644934
57648353 57589864
57648353 57644267
57648353 127641796
57648353 152735715
57648353 57652144
57648353 210268886
57648353 67557071
57648353 57646215
57648353 57646890
57648353 541258053
57648353 57647981
57648353 57645345
57648353 152693521
57648353 57649175
57648353 57651475
57648353 57645654
57648353 161463842
57648353 57644657
57648353 57643719
57648353 57648448
57648353 175151808
57648353 57852830
57648353 57653263
57648353 57643680
57648353 25089714
57648353 57651645
57648353 57652548
57648353 57645346
57648353 310648502
57648353 52581294
57648353 132145724
57648353 31182412
57648353 57647058
57648353 57651459
57648353 21450189
57648353 57849027
57648353 82643223
59188063 152787815
59188063 57645133
59188063 57645600
59188063 82553811
59188063 57644934
59188063 57644267
59188063 127641796
59188063 582456260
59188063 152662180
59188063 39481729
59188063 93776227
59188063 152735715
59188063 210185695
59188063 210268886
59188063 67557071
59188063 78668664
59188063 57646215
59188063 57646890
59188063 210192136
59188063 57648353
59188063 57647981
59188063 210196479
59188063 152581194
59188063 57645345
59188063 152693521
59188063 57649175
59188063 152733863
59188063 57651475
59188063 57645654
59188063 15469731
59188063 161463842
59188063 57644657
59188063 57643719
59188063 57648448
59188063 175151808
59188063 57852830
59188063 57653263
59188063 57643680
59188063 25089714
59188063 152581733
59188063 57652548
59188063 57645346
59188063 52581294
59188063 132145724
59188063 31182412
59188063 57647058
59188063 57651459
59188063 21450189
59188063 57849027
59188063 82643223
142799517 59188063
142799517 57644267
142799517 127641796
142799517 67557071
142799517 57646215
142799517 57645654
142799517 57652548
142799517 57645346
142799517 21450189
57643719 59188063
57643719 57644267
57643719 127641796
57643719 152735715
57643719 57646215
57643719 57645345
57643719 57651475
57643719 57645654
57643719 175151808
57643719 57852830
57643719 57653263
57643719 25089714
57643719 57652548
57643719 57645346
57643719 558671606
57643719 57645133
57643719 57644657
57643719 57645600
57643719 57648448
57643719 82553811
57643719 210268886
57643719 57643680
57643719 67557071
57643719 132145724
57643719 21450189
57643719 57849027
57643719 82643223
57646215 580924277
57646215 152787815
57646215 14066949
57646215 57645133
57646215 57566177
57646215 57645600
57646215 59188063
57646215 82553811
57646215 57644934
57646215 57589864
57646215 57644267
57646215 65404166
57646215 127641796
57646215 210258091
57646215 152955070
57646215 93776227
57646215 581149127
57646215 210185695
57646215 57652144
57646215 210268886
57646215 12240066
57646215 67557071
57646215 152531472
57646215 57646890
57646215 728867425
57646215 57648353
57646215 57647981
57646215 152631122
57646215 210196479
57646215 152581194
57646215 57645345
57646215 152693521
57646215 152808312
57646215 57649175
57646215 152733863
57646215 295333049
57646215 57651475
57646215 199738292
57646215 57645654
57646215 58111897
57646215 833483405
57646215 15469731
57646215 57644657
57646215 57643719
57646215 28006764
57646215 57648448
57646215 193655851
57646215 175151808
57646215 57852830
57646215 57653263
57646215 54593950
57646215 57652301
57646215 57643680
57646215 25089714
57646215 147930596
57646215 298855713
57646215 152581733
57646215 57651645
57646215 57652548
57646215 57645346
57646215 310648502
57646215 132145724
57646215 31182412
57646215 582033805
57646215 57647058
57646215 57651459
57646215 21450189
57646215 57849027
57646215 82643223
12240066 57645133
12240066 57645600
12240066 57644267
12240066 127641796
12240066 57646215
12240066 57645345
12240066 57849027
152733863 57645133
152733863 57645600
152733863 59188063
152733863 82553811
152733863 57589864
152733863 127641796
152733863 57646215
152733863 57645345
152733863 57645654
152733863 57644657
152733863 57648448
152733863 57852830
152733863 57651645
152733863 31182412
152733863 21450189
152733863 57651459
161463842 57645133
161463842 57645600
161463842 59188063
161463842 82553811
161463842 57644267
161463842 127641796
161463842 93776227
161463842 57646215
161463842 57648353
161463842 57651475
161463842 57645654
161463842 57644657
161463842 57648448
161463842 57852830
161463842 57653263
161463842 57652301
161463842 57643680
161463842 25089714
161463842 132145724
161463842 31182412
161463842 82643223
161463842 57849027
161463842 21450189
67557071 14066949
67557071 59188063
67557071 57644934
67557071 57589864
67557071 57644267
67557071 127641796
67557071 30780461
67557071 57652144
67557071 57646215
67557071 57646890
67557071 728867425
67557071 210192136
67557071 57648353
67557071 142799517
67557071 57647981
67557071 57645345
67557071 57649175
67557071 57651475
67557071 57645654
67557071 58111897
67557071 28006764
67557071 175151808
67557071 57653263
67557071 57652548
67557071 57645346
67557071 152787815
67557071 57645133
67557071 57644657
67557071 93776227
67557071 57643719
67557071 57645600
67557071 57648448
67557071 82553811
67557071 210196479
67557071 210268886
67557071 57643680
67557071 152693521
67557071 57651645
67557071 52581294
67557071 31182412
67557071 57647058
67557071 57651459
67557071 57849027
67557071 82643223
57651645 57566177
57651645 57644267
57651645 127641796
57651645 210185695
57651645 152531472
57651645 78668664
57651645 57646215
57651645 57646890
57651645 57648353
57651645 57647981
57651645 57645345
57651645 152808312
57651645 57649175
57651645 152733863
57651645 57651475
57651645 57645654
57651645 58111897
57651645 15469731
57651645 57852830
57651645 25089714
57651645 152581733
57651645 57652548
57651645 57645133
57651645 57644657
57651645 57645600
57651645 57648448
57651645 82553811
57651645 210196479
57651645 210268886
57651645 57643680
57651645 152693521
57651645 67557071
57651645 132145724
57651645 31182412
57651645 57647058
57651645 57651459
57651645 21450189
57651645 57849027
57651645 82643223
57644934 57645133
57644934 57645600
57644934 59188063
57644934 82553811
57644934 57644267
57644934 127641796
57644934 152735715
57644934 57652144
57644934 210268886
57644934 67557071
57644934 57646215
57644934 57646890
57644934 57648353
57644934 57647981
57644934 57645345
57644934 152808312
57644934 57649175
57644934 57651475
57644934 57645654
57644934 57644657
57644934 57648448
57644934 175151808
57644934 57852830
57644934 57653263
57644934 57643680
57644934 25089714
57644934 152581733
57644934 57645346
57644934 52581294
57644934 132145724
57644934 57647058
57644934 57651459
57644934 57849027
57644934 82643223
31182412 152662180
31182412 57645345
31182412 57645600
31182412 57646215
31182412 57643680
31182412 127641796
31182412 57645133
31182412 57647981
31182412 310648502
31182412 210268886
31182412 59188063
31182412 57644657
31182412 57648448
31182412 57649175
31182412 82553811
31182412 57653263
31182412 57645654
31182412 57648353
31182412 210196479
31182412 132145724
31182412 57644267
31182412 52581294
31182412 582283607
31182412 57652144
31182412 25089714
31182412 57652548
31182412 161463842
31182412 152812869
31182412 57651645
31182412 581149127
31182412 152581194
31182412 93776227
31182412 152787815
31182412 57651475
31182412 67557071
31182412 580924277
31182412 113654167
31182412 57566177
31182412 78668664
31182412 28006764
31182412 57644934
31182412 152955070
31182412 57852830
31182412 57645346
31182412 57647058
31182412 57651459
31182412 21450189
31182412 57849027
31182412 82643223
152478477 57849027
152478477 21450189
152812869 57566177
152812869 57644267
152812869 39481729
152812869 57646215
152812869 57645654
152812869 57653263
152812869 57645133
152812869 57644657
152812869 57645600
152812869 57643680
152812869 31182412
152812869 82643223
152812869 57849027
152812869 21450189
210268886 59188063
210268886 57644934
210268886 57644267
210268886 127641796
210268886 152735715
210268886 57652144
210268886 57646215
210268886 57646890
210268886 210192136
210268886 57648353
210268886 541258053
210268886 57647981
210268886 57645345
210268886 57651475
210268886 57645654
210268886 58111897
210268886 28006764
210268886 175151808
210268886 57852830
210268886 57653263
210268886 25089714
210268886 57652548
210268886 57645346
210268886 57645133
210268886 57644657
210268886 93776227
210268886 57643719
210268886 57645600
210268886 57648448
210268886 82553811
210268886 210196479
210268886 57643680
210268886 152693521
210268886 67557071
210268886 57651645
210268886 52581294
210268886 132145724
210268886 31182412
210268886 57647058
210268886 57651459
210268886 57849027
210268886 82643223
205891059 57645654
205891059 57649175
205891059 57645133
205891059 57645600
