687113212 127196848
108766623 127196848
48742509 127196848
61239451 21660308
61239451 127196848
75720352 9617476
75720352 127196848
57410551 21660308
57410551 127196848
43832960 127196848
47623380 121928528
47623380 127196848
349772127 127196848
49057098 127196848
45139110 127196848
33974015 49048327
33974015 21660308
33974015 60938897
60938897 121928528
60938897 127196848
60938897 60280737
48813361 127196848
78274710 127196848
57422556 127196848
25123928 127196848
25123928 27858014
49064500 43832960
49064500 127196848
57478359 127196848
49048570 127196848
7532281 127196848
132955715 127196848
132955715 57378558
61239870 127196848
44816707 127196848
72567232 127196848
2224275 75720352
2224275 21660308
2224275 160317094
2224275 60938897
2224275 127196848
160317120 127196848
44145518 127196848
57369094 127196848
68952131 127196848
156654947 127196848
55907905 127196848
71318979 127196848
55024940 127196848
57426850 127196848
185457763 127196848
71299388 21660308
71299388 127196848
52386953 127196848
49045896 127196848
44355541 127196848
57364525 127196848
9617476 48742509
9617476 65360026
9617476 2224275
9617476 60938897
9617476 43885037
9617476 25123928
116439999 127196848
57457196 127196848
49048327 33974015
49048327 127196848
57349818 121928528
57349818 57768516
57349818 50861202
57349818 21660308
57349818 127196848
44688569 127196848
50475406 127196848
44035078 127196848
121928528 57349818
121928528 121928526
121928528 65360026
121928528 60938897
121928528 127196848
44671017 127196848
192544386 127196848
65360026 9617476
65360026 121928528
72758709 127196848
130880091 127196848
121928526 121928528
121928526 127196848
21660308 50861202
21660308 127196848
57768516 127196848
27858014 127196848
57492394 127196848
200892626 75720352
57379297 127196848
123259257 57260077
112632355 82528997
112632355 127196848
444159901 60938897
444159901 127196848
57311624 127196848
127196848 21660308
127196848 60938897
60280737 21660308
60280737 60938897
60280737 127196848
43813320 127196848
43885037 9617476
43885037 127196848
52393038 127196848
49050129 127196848
57378558 9617476
57378558 132955715
57378558 127196848
57378558 2224275
48659561 127196848
82528997 60938897
82528997 112632355
82528997 127196848
160317094 127196848
230993219 127196848
50861202 127196848
50861202 21660308
49051813 127196848
