48720187 58441653
48720187 58441632
57747803 58441653
236344616 58441632
236344616 58441653
500930271 58441653
500930271 58441632
58441653 58441632
637472340 58441632
62306778 58441653
62306778 58441632
152735602 58441632
581126975 58441653
581126975 58441632
812544558 58441653
812544558 58441632
144731411 58441653
144731411 58441632
58441632 58441653
57069537 58441653
57069537 58441632
57070201 58441653
57070201 58441632
175152018 58441632
175152018 58441653
175152018 58488829
61731121 58441632
152684503 152807745
152684503 58441653
152684503 58441632
58488829 58441632
58488829 175152018
229313226 58441632
836194017 58441632
746989020 58441632
741288428 58441632
728427007 58441632
834026915 58441632
834026915 228951584
812661525 58441632
152807745 58441653
152807745 152684503
152807745 58441632
834277923 58441632
228951584 58441632
581457634 58441632
152817219 58441653
152817219 58441632
