173741872 36546661
173741872 127227353
173741872 128251145
173741872 85084184
173741872 19976044
36546661 12579996
36546661 85084184
36546661 19976044
69284794 128251145
128251145 19976044
128251145 85084184
128251145 173741872
128251145 127227353
133920060 127227353
19976044 128251145
19976044 127227353
19976044 36546661
12579996 128251145
12579996 19976044
12579996 127227353
12579996 36546661
127227353 128251145
127227353 85084184
85084184 19976044
85084184 128251145
85084184 173741872
85084184 127227353
85084184 36546661
67739229 19976044
67739229 85084184
67739229 128251145
67739229 127227353
