49682859 127584299
49682859 40593614
49682859 54681573
49682859 604654626
49682859 40606389
49682859 161486671
127584299 669326117
127584299 140748882
127584299 54681573
127584299 83284018
604366507 56707203
604366507 161486671
83284018 127584299
83284018 84219479
83284018 669326117
83284018 129963220
83284018 54681573
83284018 302000071
83284018 140748882
83284018 107236067
107236067 669326117
107236067 140748882
107236067 84219479
107236067 127584299
107236067 302000071
107236067 83284018
107236067 74540010
40605641 302000071
40605641 127584299
40605641 140748882
40605641 84219479
127945223 140748882
127945223 127584299
127945223 83284018
127945223 129963220
39378250 64947571
56707203 604366507
56707203 161486671
605084130 127584299
131124429 127584299
200035636 127584299
200035636 129963220
200035636 161486671
200035636 40606389
200035636 54681573
302000071 127584299
302000071 83284018
302000071 107236067
302000071 140748882
302000071 669326117
302000071 84219479
302000071 40605641
604654626 49682859
604654626 40593614
604654626 161486671
64947571 48759085
64947571 127584299
64947571 83284018
40606389 200035636
40606389 49682859
40606389 54681573
40606389 40593614
40606389 161486671
54681573 127584299
54681573 83284018
54681573 212701333
212701333 54681573
212701333 127584299
12688335 161486671
108240760 49682859
62145763 49682859
62145763 40606389
62145763 161486671
40593614 127584299
40593614 108240760
40593614 49682859
40593614 638335455
40593614 54681573
40593614 604654626
40593614 74540010
40593614 83284018
40593614 40606389
40593614 161486671
69577955 127584299
69577955 129963220
69577955 54681573
69577955 83284018
69577955 64947571
48759085 64947571
140748882 84219479
140748882 669326117
140748882 40605641
140748882 302000071
140748882 127584299
140748882 127945223
140748882 83284018
140748882 74540010
140748882 107236067
140748882 54681573
84219479 40605641
84219479 302000071
84219479 127584299
84219479 129963220
84219479 83284018
84219479 107236067
84219479 54681573
84219479 140748882
128142394 7027654
16272808 161486671
638335455 161486671
669326117 127584299
669326117 302000071
669326117 212701333
669326117 83284018
669326117 107236067
669326117 54681573
669326117 140748882
13935968 64947571
13935968 127584299
13935968 54681573
13935968 83284018
161486671 62145763
161486671 604654626
161486671 604366507
161486671 56707203
161486671 40593614
161486671 536786242
161486671 638335455
161486671 49682859
161486671 54681573
161486671 108240760
161486671 40606389
161486671 7027654
161486671 12688335
161486671 127945223
161486671 16272808
7027654 128142394
7027654 54681573
7027654 161486671
129963220 127584299
129963220 54681573
129963220 83284018
129963220 64947571
74540010 127584299
74540010 669326117
74540010 107236067
74540010 69577955
74540010 54681573
74540010 140748882
74540010 64947571
74540010 83284018
