19429974 20215243
127694346 20215243
516695340 20215243
516695340 57128939
138019777 20215243
48726152 20215243
48726152 57128939
152212941 7874927
152212941 57128939
836613133 20215243
57459160 20215243
436169812 20215243
54681897 20215243
58308148 155451577
58308148 20215243
152687058 20215243
18076375 20215243
606725117 57128939
606725117 20215243
498643358 20215243
48714173 20215243
30014798 20215243
836613640 20215243
608310662 20215243
148986007 128186033
148986397 79507047
148986397 144736710
148986397 57128939
148986397 127877776
606842447 20215243
498276413 57128939
20247730 20215243
49385521 20215243
127877776 20215243
33293144 49343706
20215243 57128939
152838509 199198067
84200481 20215243
58415545 57128939
58415545 20215243
135478893 57611473
135478893 20215243
31437056 57128939
31437056 20215243
31437056 128186033
84288410 57128939
520714877 20215243
489358277 20215243
37734625 20215243
37734625 128186033
678703594 658846490
1760398 52558630
1760398 20215243
57611473 135478893
57611473 20215243
439087734 72900714
17739865 20215243
17119028 20215243
52558630 60235989
12656839 128374190
12656839 20215243
12656839 17449250
658846490 678703594
49218841 52558630
49218841 20215243
57128939 130120642
57128939 84288410
57128939 152212941
57128939 79507047
57128939 498276413
57128939 7874927
57128939 148986397
57128939 20215243
57128939 128186033
61137971 17449250
736135100 20215243
7874927 152212941
7874927 57128939
7874927 20215243
60235989 52558630
128186033 57128939
128186033 20215243
36137803 20215243
155451577 20215243
130120642 20215243
49343706 20215243
49343706 33293144
49343706 57128939
144736710 498276413
144736710 148986397
144736710 127877776
144736710 128186033
144736710 20215243
144736710 57128939
72900714 20215243
17449250 61137971
68997871 20215243
199983929 20215243
199198067 20215243
37584634 128186033
133147527 20215243
155837533 20215243
129121033 20215243
130463933 20215243
836614002 20215243
2513905 20215243
212621683 20215243
26095147 20215243
26095147 155451577
26095147 57128939
101025210 130120642
101025210 127877776
101025210 20215243
688324533 20215243
79507047 148986397
79507047 57128939
