120030214 46991386
120030214 61721125
24496540 39291418
24496540 15176967
24496540 17385665
24496540 60939250
24496540 65389640
24496540 48745483
24496540 61721125
136234652 61721125
6491450 65441541
6491450 11912649
6491450 20486734
6491450 65488599
6491450 29095603
6491450 61721125
231179331 12538724
231179331 61721125
49043773 8643593
49043773 60890569
49043773 61721125
71679170 61721125
46991386 61721125
79325503 65389640
79325503 26146581
79325503 12686849
79325503 61721125
62025846 25392447
62025846 61721125
231528507 61721125
120858310 17385665
120858310 52157271
120858310 61721125
33444563 17385665
33444563 80543569
33444563 44251258
33444563 107186636
33444563 61721125
162827498 61721125
44737102 65441541
44737102 60890569
44737102 61721125
39042854 65266249
39042854 65488599
39042854 12686849
39042854 61721125
128557759 127572298
49225523 61721125
20486734 17385665
20486734 60939250
20486734 12538724
20486734 6491450
20486734 61721125
156631022 61721125
48434119 15176967
48434119 8643593
48434119 61721125
130045546 11912649
130045546 364552762
130045546 61721125
39291418 17385665
39291418 65441541
39291418 68950181
39291418 60939250
39291418 24496540
39291418 68947298
39291418 65389640
39291418 29095603
39291418 12538724
39291418 61721125
49521847 61721125
127260610 61721125
52157271 127260610
52157271 65441541
52157271 11912649
52157271 60890569
52157271 68947298
52157271 61721125
364552762 17385665
364552762 163901956
364552762 61721125
48478611 61721125
134131105 61721125
48752732 61721125
163901956 80543569
163901956 60890569
65389640 39291418
65389640 17385665
65389640 11912649
65389640 48752732
65389640 24496540
65389640 29095603
65389640 75378179
65389640 61721125
129052006 61721125
82528020 61721125
11912649 65441541
11912649 68950181
11912649 65409381
11912649 65389640
11912649 130045546
11912649 6491450
69075639 127260610
69075639 127572298
69075639 61721125
17385665 39291418
17385665 65441541
17385665 80543569
17385665 48752732
17385665 68950181
17385665 120858310
17385665 60939250
17385665 52663628
17385665 364552762
17385665 20486734
17385665 24496540
17385665 60890569
17385665 65389640
17385665 82528020
17385665 75378179
17385665 44251258
17385665 12538724
17385665 107186636
17385665 12686849
17385665 61721125
65266249 39042854
65266249 61721125
61721125 48434119
61721125 65409381
61721125 25392447
61721125 52663628
61721125 24496540
61721125 65488599
61721125 65389640
61721125 73602215
61721125 81420922
61721125 46991386
61721125 120858310
61721125 39625976
61721125 62025846
61721125 156631022
61721125 127260610
61721125 82528020
61721125 69075639
61721125 33444563
29095603 39291418
29095603 61721125
60939250 39291418
60939250 17385665
60939250 20486734
60939250 24496540
60939250 12538724
75378179 17385665
75378179 65389640
75378179 12538724
75378179 61721125
26146581 25392447
26146581 61721125
81517248 127260610
81517248 11912649
81517248 61721125
48687532 65389640
48687532 61721125
15176967 24496540
15176967 61721125
78011506 61721125
61239751 17385665
61239751 61721125
68950181 39291418
68950181 17385665
68950181 11912649
68950181 60890569
68950181 68947298
68950181 12538724
68950181 61721125
47975334 61721125
8643593 61721125
11146004 68947298
11146004 61721125
130361746 61721125
65441541 39291418
65441541 17385665
65441541 52157271
65441541 11912649
65441541 48752732
65441541 364552762
65441541 44737102
65441541 65409381
65441541 60890569
65441541 68947298
65441541 44251258
65441541 12538724
65441541 6491450
65441541 61721125
12538724 39291418
12538724 17385665
12538724 52157271
12538724 65441541
12538724 80543569
12538724 68950181
12538724 60939250
12538724 26146581
12538724 20486734
12538724 61239751
12538724 60890569
12538724 75378179
12538724 107186636
12538724 231179331
12538724 12686849
12538724 61721125
127572298 61721125
80543569 17385665
80543569 69075639
80543569 48752732
80543569 33444563
80543569 163901956
80543569 364552762
80543569 60890569
80543569 12538724
80543569 61721125
82267344 61721125
39625976 61721125
107186636 17385665
107186636 33444563
107186636 163901956
107186636 12538724
107186636 61721125
44251258 61721125
73602215 61721125
82527880 61721125
49048742 61721125
34793833 61721125
68947298 39291418
68947298 52157271
68947298 156631022
68947298 65441541
68947298 11146004
68947298 60890569
68947298 82528020
68947298 61721125
12686849 12538724
12686849 17385665
65409381 11912649
65409381 61721125
65488599 6491450
65488599 61721125
25392447 52663628
25392447 62025846
25392447 26146581
25392447 61721125
60890569 17385665
60890569 52157271
60890569 65441541
60890569 68950181
60890569 163901956
60890569 68947298
60890569 12538724
60890569 48745483
52663628 17385665
52663628 11912649
52663628 65409381
52663628 65488599
52663628 25392447
52663628 61721125
48733507 61721125
81420922 61721125
81553138 61721125
48745483 127260610
48745483 65441541
48745483 24496540
48745483 60890569
48745483 65389640
48745483 364552762
48745483 48752732
48745483 127572298
48745483 12538724
48745483 61721125
