152432052 580932543
152432052 152593604
152432052 33127612
152432052 482338287
152432052 175151738
152432052 25421400
152432052 38823022
152432052 21921734
152432052 128553700
152432052 44874615
152432052 57645542
152432052 65385355
152432052 64545408
152543111 21921734
152543111 101695930
152543111 64545408
581078506 128501720
581078506 64545408
210253278 210192041
210253278 82638337
210253278 581167569
210253278 6179233
210253278 57611369
210253278 21921734
210253278 581109990
210253278 79506995
210253278 57646021
210253278 16282228
210253278 93826244
57648452 101695930
57648452 64545408
298856426 21921734
298856426 79506995
298856426 101695930
298856426 57645542
298856426 64545408
134365323 58150144
134365323 97137369
134365323 152929005
134365323 6179233
134365323 114746765
134365323 21921734
134365323 128553700
134365323 152572333
134365323 57646021
134365323 101695930
134365323 93826244
134365323 57645542
134365323 298857124
134365323 58148778
134365323 64545408
152595877 64545408
152574748 57645542
152574748 152838893
152574748 152566188
152574748 64545408
136589647 82638337
136589647 33127612
136589647 75284313
136589647 21921734
136589647 128501720
136589647 79506995
136589647 57646021
136589647 101695930
136589647 35651858
136589647 64545408
152596413 64545408
152913790 21921734
152913790 64545408
58410026 64545408
502883438 64545408
152784900 21921734
152784900 101695930
152784900 57645542
210235817 21921734
210235817 101695930
210235817 64545408
152482035 101695930
152482035 210186605
152482035 21921734
152482035 64545408
58336303 97137369
58336303 21921734
58336303 152603599
58336303 210192041
58336303 128501720
58336303 64545408
152815325 44874615
152815325 101695930
152815325 64545408
581674786 57645542
210186605 64545408
210186605 101695930
97137369 58336303
97137369 21921734
97137369 128501720
97137369 101695930
97137369 64545408
580932543 486217347
580932543 581244811
580932543 57647213
580932543 210212823
580932543 64545408
22188587 101695930
22188587 64545408
581301982 64545408
152930060 175151738
152930060 134365323
152930060 21921734
152930060 79506995
152930060 101695930
152930060 57645542
152930060 64545408
155819921 33127612
155819921 21921734
155819921 64545408
582143829 64545408
581109990 210253278
581109990 21921734
581109990 152572333
581109990 64545408
29381558 6179233
29381558 833300367
29381558 57645542
29381558 64545408
82638337 210253278
82638337 58150144
82638337 75284313
82638337 21921734
82638337 136589647
82638337 79506995
82638337 101695930
82638337 93826244
82638337 57645542
82638337 64545408
210192041 210253278
210192041 21921734
210192041 128553700
210192041 64545408
16282228 21921734
16282228 101695930
16282228 152941628
16282228 210253278
16282228 57645542
16282228 152566188
16282228 64545408
101695930 82638337
101695930 58150144
101695930 33127612
101695930 22188587
101695930 23996637
101695930 76781475
101695930 97137369
101695930 152732865
101695930 152929005
101695930 75284313
101695930 6179233
101695930 134365323
101695930 25421400
101695930 38823022
101695930 210212823
101695930 57647213
101695930 62017312
101695930 114746765
101695930 21921734
101695930 136589647
101695930 128553700
101695930 210235817
101695930 152572333
101695930 152543111
101695930 298856426
101695930 44874615
101695930 210253462
101695930 128501720
101695930 152784900
101695930 79506995
101695930 57646021
101695930 210186605
101695930 44755124
101695930 57648452
101695930 152930060
101695930 57653224
101695930 16282228
101695930 152482035
101695930 93826244
101695930 57645542
101695930 152815325
101695930 65385355
101695930 152592681
101695930 58148778
101695930 64545408
210212823 21921734
210212823 101695930
210212823 580932543
210212823 64545408
65385355 101695930
65385355 601851977
65385355 64545408
152801410 64545408
25421400 152432052
25421400 21921734
25421400 101695930
25421400 64545408
425284167 64545408
58150144 82638337
58150144 134365323
58150144 21921734
58150144 101695930
58150144 93826244
58150144 57645542
58150144 64545408
152574128 57645542
152574128 64545408
581244811 580932543
581244811 33127612
581244811 64545408
58148778 57645542
58148778 57653224
58148778 833300367
58148778 101695930
58148778 21921734
58148778 64545408
152655613 57645542
152655613 64545408
57647213 580932543
57647213 6179233
57647213 64545408
57647213 152941628
57647213 57646021
57647213 101695930
152733180 64545408
152572333 134365323
152572333 581109990
152572333 101695930
152572333 93826244
152572333 64545408
57653224 101695930
57653224 21921734
57653224 58148778
57653224 64545408
58151474 64545408
152797237 21921734
152797237 57645542
152797237 64545408
114746765 134365323
114746765 21921734
114746765 79506995
114746765 101695930
114746765 93826244
114746765 64545408
38823022 152432052
38823022 62017312
38823022 21921734
38823022 79506995
38823022 101695930
38823022 64545408
482338287 64545408
128553700 210192041
128553700 6179233
128553700 152432052
128553700 21921734
128553700 57646021
128553700 101695930
128553700 64545408
128501720 21921734
128501720 136589647
128501720 101695930
128501720 75284313
128501720 33127612
128501720 64545408
152566188 57645542
152566188 152919067
152566188 64545408
581053702 64545408
21921734 210192041
21921734 82638337
21921734 210253278
21921734 58150144
21921734 33127612
21921734 152655613
21921734 155819921
21921734 23996637
21921734 76781475
21921734 97137369
21921734 152732865
21921734 152929005
21921734 75284313
21921734 6179233
21921734 58336303
21921734 175151738
21921734 152432052
21921734 134365323
21921734 25421400
21921734 38823022
21921734 210212823
21921734 114746765
21921734 136589647
21921734 128553700
21921734 210235817
21921734 152543111
21921734 298856426
21921734 44874615
21921734 128501720
21921734 581109990
21921734 152913790
21921734 152784900
21921734 79506995
21921734 57646021
21921734 101695930
21921734 35651858
21921734 152930060
21921734 57653224
21921734 16282228
21921734 152482035
21921734 152797237
21921734 93826244
21921734 57645542
21921734 152592681
21921734 58148778
21921734 64545408
33127612 155819921
33127612 23996637
33127612 581244811
33127612 21921734
33127612 136589647
33127612 57646021
33127612 101695930
33127612 44874615
33127612 128501720
33127612 152574748
33127612 64545408
57611369 210253278
57611369 44755124
57611369 64545408
35651858 21921734
35651858 136589647
35651858 57646021
210253462 62017312
210253462 101695930
210253462 64545408
152603599 58336303
152603599 152572333
152603599 44874615
152603599 64545408
581167569 210253278
581167569 64545408
152732865 21921734
152732865 101695930
152732865 57645542
152732865 64545408
23996637 33127612
23996637 21921734
23996637 44874615
23996637 79506995
23996637 101695930
23996637 64545408
152838893 57645542
152838893 64545408
6179233 210253278
6179233 134365323
6179233 57647213
6179233 21921734
6179233 128553700
6179233 57646021
6179233 101695930
6179233 29381558
6179233 76781475
6179233 57645542
6179233 64545408
57646021 210253278
57646021 33127612
57646021 6179233
57646021 134365323
57646021 57647213
57646021 21921734
57646021 136589647
57646021 128553700
57646021 44874615
57646021 79506995
57646021 101695930
57646021 35651858
57646021 57645542
57646021 64545408
152892817 64545408
540424710 64545408
152593604 64545408
152929005 134365323
152929005 21921734
152929005 44874615
152929005 101695930
152929005 57645542
152929005 64545408
152592681 101695930
152592681 21921734
152592681 64545408
79506995 82638337
79506995 210253278
79506995 23996637
79506995 38823022
79506995 114746765
79506995 21921734
79506995 136589647
79506995 298856426
79506995 44874615
79506995 57646021
79506995 101695930
79506995 152930060
79506995 57645542
79506995 64545408
298857124 64545408
62017312 38823022
62017312 44874615
62017312 210253462
62017312 101695930
62017312 64545408
44874615 23996637
44874615 62017312
44874615 21921734
44874615 298856426
44874615 152603599
44874615 79506995
44874615 57646021
44874615 101695930
44874615 210192041
44874615 33127612
44874615 75284313
44874615 57645542
44874615 152815325
44874615 65385355
44874615 64545408
582701038 64545408
76781475 101695930
76781475 6179233
76781475 57645542
76781475 64545408
580997791 64545408
44755124 57611369
44755124 101695930
44755124 64545408
581912697 64545408
75284313 82638337
75284313 21921734
75284313 136589647
75284313 101695930
75284313 128501720
75284313 44874615
75284313 64545408
152724745 64545408
175151738 21921734
175151738 152930060
175151738 64545408
93826244 114746765
93826244 101695930
93826244 21921734
93826244 152572333
93826244 134365323
93826244 82638337
93826244 58150144
93826244 210253278
93826244 57645542
93826244 64545408
57645542 101695930
57645542 298856426
57645542 6179233
57645542 57646021
57645542 79506995
57645542 44874615
57645542 93826244
57645542 152929005
57645542 134365323
57645542 152732865
57645542 82638337
57645542 152919067
57645542 21921734
57645542 152572333
57645542 152797237
57645542 152784900
57645542 581674786
57645542 152574128
57645542 16282228
57645542 152838893
57645542 58148778
57645542 152566188
57645542 64545408
152919067 152566188
152919067 57645542
50636589 64545408
152941628 57647213
152941628 152572333
152941628 29381558
152941628 16282228
152941628 64545408
84556862 76781475
84556862 64545408
