225159363 26423431
163887003 26423431
74113681 26423431
786194488 179582096
786194488 26423431
9596966 31814499
9596966 208572741
9596966 26423431
490446856 26423431
29250909 26423431
169530520 26423431
36475076 5888859
36475076 26423431
36475076 167819144
421493583 26423431
17448494 22384364
17448494 26423431
225722133 167819144
421480948 26423431
215747976 26423431
22384364 39367585
22384364 17448494
22384364 167819144
22384364 26423431
5888859 160278549
5888859 36475076
5888859 167819144
5888859 26423431
26423431 167819144
26423431 25894391
26423431 22384364
26423431 39367585
26423431 179582096
152621251 26423431
179582096 26423431
179582096 25894391
179582096 167819144
179582096 558622979
39367585 160278549
39367585 22384364
39367585 26423431
167819144 36475076
167819144 22384364
167819144 39367585
167819144 179582096
167819144 26423431
74964224 26423431
607655047 26423431
127744918 17212193
160278549 26423431
57438502 26423431
21823039 26423431
31343115 9596966
31343115 26423431
25894391 179582096
25894391 26423431
558622979 179582096
558622979 26423431
208572741 9596966
456672771 26423431
31814499 26423431
17212193 127744918
