152573968 192311617
152573968 192289767
152573968 26223017
152573968 56967761
152573968 192304779
192271273 26223017
192259055 192289767
192259055 26223017
192290023 26223017
168249241 26223017
783900013 26223017
630404144 73276002
630404144 26223017
580145665 26223017
580145665 56967761
192311617 26223017
128449561 192311617
128449561 192289767
128449561 58162635
128449561 192277919
128449561 26223017
128449561 192271286
128449561 56967761
152577798 56967761
152577798 26223017
192277919 127999598
192277919 192289767
192277919 73276002
192277919 192327674
192277919 26223017
192277919 128449561
192277919 192304779
192277919 56967761
152516797 192289767
152516797 73276002
152516797 26223017
152516797 192304779
836614500 26223017
836614773 26223017
192271286 192289767
192271286 26223017
192271286 192293332
192262980 192289767
192262980 26223017
155419745 26223017
192326070 26223017
501436600 26223017
152431296 56967761
152431296 26223017
152431296 73276002
152431296 127999598
192315470 192289767
192315470 55463222
192315470 152516797
192315470 73276002
192315470 26223017
192315470 56967761
192315470 192304779
192315470 192289735
836613277 26223017
164380908 73276002
164380908 26223017
836614080 26223017
58162635 26223017
516976148 26223017
152477619 56967761
152477619 26223017
152477619 192289767
836614248 26223017
192317255 26223017
192289767 192311617
192289767 73276002
192289767 192324056
192289767 26223017
192289767 192298421
192289767 56967761
192289767 128449561
192289767 192280470
26223017 127999598
26223017 73276002
26223017 192327674
192280470 192311617
192280470 192289767
192280470 55463222
192280470 152516797
192280470 73276002
192280470 26223017
192280470 192278496
192280470 192298421
192280470 192293332
192280470 75718886
192280470 111697667
192280470 192315470
192280470 192304779
192280470 152581657
192327674 26223017
57462707 192311617
57462707 192289767
57462707 152516797
57462707 73276002
57462707 26223017
57462707 192298421
57462707 192303939
57462707 192313437
57462707 192304779
57462707 166936750
57462707 56967761
127999598 26223017
192317252 73276002
192317252 26223017
56967761 127999598
56967761 192289767
56967761 73276002
56967761 192327674
56967761 26223017
56967761 192304779
152581657 152477619
152581657 192289767
152581657 26223017
152581657 56967761
192271129 192289767
192271129 26223017
192271129 56967761
166538084 192289767
166538084 73276002
166538084 26223017
558657476 26223017
559096035 26223017
75718886 26223017
31529764 26223017
31529764 192293332
111703098 127999598
111703098 192289767
111703098 73276002
111703098 192327674
111703098 26223017
111703098 111697667
363723257 26223017
477855551 26223017
783899687 26223017
54244347 192289767
54244347 73276002
54244347 192327674
54244347 26223017
54244347 56967761
54244347 192304779
192297158 26223017
192297158 56967761
439582555 26223017
192278496 73276002
192278496 26223017
192303939 192311617
192303939 192327674
192303939 192324056
192303939 26223017
192303939 192308407
192303939 192310932
559595035 26223017
836613641 26223017
192313911 26223017
836612463 26223017
111697667 26223017
192308407 127999598
192308407 26223017
783899758 26223017
55463222 127999598
55463222 73276002
55463222 192327674
55463222 26223017
192277072 26223017
192277072 192293332
192277072 192308618
54122081 192289767
54122081 73276002
54122081 26223017
192293332 192311617
192293332 55463222
192293332 152516797
192293332 73276002
192293332 192327674
192293332 58162635
192293332 192324056
192293332 26223017
192293332 192308407
192293332 192277072
192293332 192313911
192293332 192298421
192293332 192290023
192293332 192303939
192293332 192313437
192293332 111697667
192293332 192315470
192293332 236848705
192293332 192285314
192293332 31529764
192293332 166936750
192324056 192311617
192324056 127999598
192324056 192289767
192324056 55463222
192324056 152516797
192324056 73276002
192324056 192327674
192324056 58162635
192324056 166936750
192324056 192293332
192324056 192303939
192324056 56967761
192324056 192310932
192324056 26223017
192314301 26223017
73276002 26223017
836613131 73276002
836613131 26223017
192285314 73276002
192285314 26223017
699195980 26223017
236848705 26223017
236848705 73276002
192289735 26223017
39883216 26223017
192273077 26223017
192273077 56967761
192273077 192304779
192308618 192311617
192308618 192289767
192308618 73276002
192308618 26223017
192308618 192277072
192308618 56967761
192308618 192304779
192259347 192289767
192259347 26223017
192310932 56967761
192310932 26223017
192310932 192324056
192310932 73276002
192310932 192289767
520890793 26223017
836613418 26223017
192313437 26223017
192313437 192293332
192313437 57462707
192304779 192289767
192304779 73276002
192304779 192327674
192304779 26223017
192304779 56967761
54260510 26223017
166936750 73276002
166936750 26223017
307100697 26223017
