60012748 127176196
449733348 127176196
467510523 127176196
539960165 127176196
65533042 127176196
33929635 127176196
305906942 127176196
82080599 127176196
57171399 127176196
323683284 127176196
2762055 127176196
26625603 127176196
299135960 127176196
170321991 127176196
565285858 127176196
31916484 127176196
54313320 127176196
302463817 127176196
696950801 127176196
630636762 127176196
154951406 127176196
48545449 127176196
29893332 127176196
155425111 127176196
54605686 127176196
159566435 127176196
217136778 127176196
167378954 127176196
57488201 127176196
240128229 127176196
45038014 127176196
263706300 127176196
321165889 127176196
115862798 127176196
52561302 127176196
39780302 127176196
