44657977 2310511
44657977 23779451
85116466 18303054
77629333 127166661
21330391 23779451
836535673 23779451
804780235 127166661
804780235 23779451
47148487 127166661
231514463 23779451
129149876 127166661
129149876 23779451
94803414 127166661
44083857 23779451
48564069 127166661
35301479 23779451
49059974 23779451
119302475 127166661
163821257 23779451
58077281 127166661
49044192 127166661
49044192 23779451
662785823 23779451
6992225 127448281
6992225 23779451
82783208 127166661
82783208 23779451
129144612 82528020
129144612 23779451
689194937 127166661
543826228 127166661
5607444 23779451
50853230 127166661
50853230 23779451
84858866 127166661
84858866 23779451
57597993 127166661
302761299 23779451
80532170 127166661
129067581 127166661
129067581 23779451
75380918 127166661
44785843 127166661
44785843 23779451
48348994 127166661
48348994 128285936
389757699 127166661
127448281 23779451
54680112 127166661
54680112 23779451
82528020 129144612
138125725 127166661
620451303 127166661
758671743 127166661
322851580 127166661
23838891 127166661
50865774 127166661
50865774 23779451
57357270 23779451
54308940 127166661
54308940 23779451
143011545 127166661
143011545 23779451
129781336 127166661
23779451 49043913
23779451 836535673
23779451 662785823
23779451 85116466
23779451 804780235
23779451 231514463
23779451 143011545
23779451 127166661
23779451 82528020
23779451 127448281
23779451 44657977
23779451 129144612
23779451 49059974
23779451 5607444
23779451 84858866
23779451 129149876
23779451 50853230
23779451 44083857
23779451 54308940
23779451 72758706
23779451 50865774
23779451 54680112
23779451 129067581
23779451 49044192
23779451 83216530
23779451 57490760
23779451 163821257
23779451 82783208
23779451 231460204
23779451 6992225
23779451 283641232
23779451 121784509
23779451 18303054
23779451 302761299
23779451 302884644
23779451 44785843
23779451 21330391
23779451 48483007
23779451 57357270
23779451 52223050
18303054 127448281
18303054 127166661
18303054 85116466
18303054 23779451
44407024 127166661
44407024 23779451
163178862 127166661
115030158 127166661
57490760 23779451
44110229 127166661
132961005 127166661
114355026 127166661
121784509 127448281
121784509 82528020
121784509 23779451
72758706 127166661
72758706 23779451
128285936 127166661
531110623 127166661
48483007 23779451
83216530 127166661
83216530 23779451
28925086 127166661
48500279 127166661
2310511 127166661
2310511 44657977
283641232 23779451
78569284 127166661
52223050 127166661
52223050 23779451
43907774 127166661
302884644 127448281
49043913 127448281
49043913 127166661
49043913 23779451
231460204 23779451
