129187461 129840262
129187461 127543493
129187461 127543079
127543493 129840262
127543493 58057444
127543493 127543079
127543493 52235075
127543493 130716504
6199531 127543493
6199531 127543079
6199531 52235075
127543079 52235075
127543079 127543493
127543079 58057444
127543079 129840262
2440514 129840262
2440514 127543493
2440514 127543079
2440514 52235075
2440514 130716504
52235075 129840262
52235075 6199531
52235075 58057444
52235075 127543079
52235075 127543493
129840262 52235075
129840262 129187461
129840262 127543079
129840262 127543493
129840262 58057444
58057444 52235075
58057444 127543079
58057444 127543493
58057444 129840262
