56948459 57769603
56948459 129786103
56948459 52499336
56948459 58265013
52058626 299567474
52058626 205885289
52058626 57769603
52058626 129786103
222171829 22321809
197714195 36621319
54682240 54399594
299567474 52058626
58019674 58265013
24804809 22321809
52499336 11875775
52499336 45161236
671157019 98481631
129786103 56948459
11875775 57769603
11875775 52499336
52060339 18224533
205885289 52058626
98481631 671157019
22321809 24804809
22321809 222171829
58265013 56948459
58265013 609146566
58265013 58019674
58265013 45161236
