357564094 357564100
357564094 11847053
357564094 14794735
152480763 11847053
14794735 58017355
14794735 152480763
14794735 3760374
14794735 689269580
14794735 11847053
8647817 37656071
58293208 152921972
54439298 11847053
36026186 11847053
82647512 11847053
36789569 11847053
152564578 11847053
689269580 6325578
689269580 78282737
689269580 14794735
689269580 11847053
37656071 8647817
37656071 11847053
25715200 11847053
833270686 11847053
78282737 11847053
11847053 14794735
11847053 357564094
11847053 689269580
11847053 29869770
11847053 152480763
11847053 357564100
11847053 34342755
11847053 37656071
11847053 6325578
11847053 54320796
11847053 78282737
11847053 14779748
11847053 25715200
11847053 144967335
11847053 82647512
11847053 72475360
11847053 152564578
11847053 833270686
11847053 36026186
11847053 54439298
144967335 11847053
357564100 357564094
357564100 11847053
29869770 72475360
29869770 11847053
152921972 58017355
152921972 6325578
152921972 58293208
152921972 11847053
58017355 11847053
58017355 14794735
14779748 11847053
3760374 14794735
3760374 11847053
833310846 11847053
72475360 29869770
72475360 11847053
58374117 11847053
54320796 11847053
34342755 11847053
6325578 78282737
6325578 11847053
