8958963 127661192
48925213 127661192
42415213 69097319
42417411 103359299
107537005 90654848
363245651 127661192
86434438 75179244
224674019 75179244
5637565 28056875
5637565 127661192
352240752 127661192
40302672 127661192
90654848 75179244
90654848 127661192
28056875 75179244
28056875 127661192
179623320 75179244
121711703 28056875
127661192 16960760
127661192 75179244
127661192 28056875
127661192 85011352
127661192 80796324
16960760 127661192
148197468 127661192
57326432 127661192
57326432 28056875
72745173 49498012
357651546 75179244
357651546 127661192
75179244 127661192
75179244 28056875
85011352 127661192
57441666 28056875
49498012 75179244
69097319 42415213
132008936 545661753
190060824 75179244
45068593 127661192
327821423 28056875
58341732 75179244
545661753 132008936
663466197 75179244
663466197 127661192
19426610 28056875
7415165 127661192
103359299 42417411
80796324 127661192
