10920702 8947824
57490053 8947824
130377564 57423856
130377564 40215753
267494853 8947824
163919270 8947824
167261545 8947824
21858232 57354908
298858733 21858232
298858733 139962006
298858733 57423856
298858733 94002074
298858733 40215753
49208951 8947824
98966272 14931227
94002074 298858733
94002074 57423856
94002074 21858232
94002074 58010365
94002074 40215753
94002074 57354908
94002074 130377564
734777504 8947824
139962006 8947824
253951305 8947824
37246778 8947824
40215753 94002074
40215753 298858733
40215753 57423856
40215753 57354908
40215753 130377564
33569980 8947824
131711832 8947824
836611897 49083721
836613269 49083721
58010365 21858232
58010365 94002074
58010365 40215753
58010365 57354908
38719109 8947824
84453268 21858232
31233494 14931227
58376625 8947824
454267771 8947824
57494536 8947824
152723409 8947824
57354908 94002074
57354908 58010365
57354908 21858232
57354908 40215753
57354908 298858733
57354908 130377564
56936747 8947824
1173569 8947824
346108470 49083721
44950598 8947824
299435834 8947824
67444940 8947824
29293213 8947824
112164247 8947824
329345130 8947824
34522674 8947824
14931227 31233494
9398721 8947824
688485376 8947824
57423856 21858232
57423856 298858733
57423856 94002074
57423856 40215753
57423856 130377564
418043338 49083721
3888319 8947824
103884776 49083721
