713739063 69551599
15190136 69551599
48575431 69551599
48575431 127742373
687021827 69551599
49336496 69551599
127742373 69551599
54635286 69551599
54325172 69551599
35752555 64763726
72524748 69551599
60006870 69551599
16920627 69551599
46331001 69551599
79506659 97609109
79506659 144724529
79506659 34060368
219670038 69551599
144724529 97609109
144724529 79979800
144724529 69551599
144724529 43748598
144724529 79506659
144724529 34060368
328762551 69551599
79979800 144724529
79979800 34060368
79979800 69551599
97609109 79506659
97609109 34060368
97609109 69551599
97609109 144724529
43748598 97609109
43748598 144724529
43748598 69551599
43748598 64763726
43748598 79506659
43748598 34060368
49134373 69551599
64763726 35752555
64763726 69551599
306672833 69551599
306672833 34060368
34060368 97609109
34060368 306672833
34060368 144724529
34060368 79979800
34060368 79506659
618167032 69551599
