814940761 44920673
814940761 78137077
22717268 29607609
22717268 578724525
22717268 32367334
22717268 11793333
22717268 44920673
22717268 129214138
30711341 277986673
30711341 32367334
30711341 44920673
30711341 129214138
30711341 32647796
30711341 2254822
32647796 33331276
32647796 10773133
32647796 32367334
32647796 2254822
32647796 11793333
32647796 3535605
32647796 129214138
32647796 113610094
32647796 2255124
32647796 49071136
32647796 29607609
814941109 129214138
814941109 44920673
28962135 129214138
28962135 32367334
263693097 44920673
263693097 32647796
745801354 129214138
745801354 32367334
33078111 32367334
129214138 10773133
129214138 33331276
129214138 11793333
129214138 32367334
129214138 32647796
10773133 129214138
10773133 44920673
10773133 11793333
10773133 32367334
10773133 298857919
10773133 32647796
10773133 29607609
29607609 44920673
29607609 32367334
29607609 129214138
29607609 11793333
29607609 32647796
29607609 78137077
260602437 129214138
260602437 32647796
260602437 32367334
260602437 44920673
337745487 44920673
836006346 44920673
684893715 32367334
2254822 129214138
2254822 10773133
2254822 93059952
2254822 44920673
2254822 11793333
2254822 32367334
2254822 29607609
2254822 32647796
33331276 129214138
33331276 93059952
33331276 32367334
33331276 32647796
177523932 129214138
280961658 44920673
113171416 129214138
113171416 10773133
113171416 93059952
113171416 113610094
113171416 2254822
113171416 29607609
113171416 229636577
113171416 32647796
113171416 260602437
113171416 30711341
93059952 129214138
93059952 10773133
93059952 44920673
93059952 33331276
93059952 32367334
93059952 2254822
93059952 49071136
93059952 32647796
174270965 129214138
174270965 44920673
174270965 834915196
174270965 11793333
174270965 32367334
174270965 231832850
174270965 745801354
174270965 579029263
174270965 280961658
745783570 44920673
833341209 579043736
833341209 322785373
578866543 129214138
578866543 44920673
578866543 32367334
322785373 44920673
578753956 44920673
833699926 700825567
578828329 44920673
833559496 44920673
578900643 44920673
579135350 44920673
579135350 32367334
579135350 32647796
700825567 44920673
239062537 49071136
239062537 129214138
229636577 129214138
229636577 44920673
229636577 33331276
229636577 113610094
229636577 78137077
229636577 32367334
229636577 2255124
229636577 2254822
229636577 29607609
229636577 113171416
229636577 277986673
229636577 49071136
229636577 32647796
3535605 11793333
3535605 2254822
3535605 129214138
3535605 33331276
3535605 49071136
3535605 32367334
3535605 32647796
34174179 44920673
834915196 44920673
834915196 174270965
579043736 44920673
579043736 833341209
579043736 814940465
814942054 44920673
803155241 578743541
803155241 229636577
814959014 44920673
579029263 174270965
579029263 44920673
579029263 745919964
113610094 129214138
113610094 32647796
113610094 32367334
113610094 44920673
78137077 229636577
78137077 32367334
78137077 44920673
814949984 129214138
814949984 32367334
58613020 44920673
833341303 44920673
833341303 29607609
231877024 44920673
277986673 10773133
277986673 113610094
277986673 32367334
277986673 229636577
277986673 32647796
277986673 30711341
11793333 129214138
11793333 32367334
11793333 32647796
578743541 803155241
466691349 32647796
466691349 32367334
466691349 11793333
466691349 33331276
466691349 44920673
466691349 10773133
466691349 129214138
32367334 466691349
32367334 129214138
32367334 10773133
32367334 22717268
32367334 33331276
32367334 78137077
32367334 11793333
32367334 32647796
32367334 29607609
231832850 229636577
338038978 129214138
338038978 44920673
338038978 814939032
338038978 113610094
338038978 2254822
578724525 129214138
578724525 22717268
578724525 44920673
57652009 129214138
57652009 32367334
745919964 129214138
745919964 44920673
44920673 263693097
44920673 579043736
44920673 231877024
44920673 338509484
44920673 129214138
44920673 10773133
44920673 745919964
44920673 322785373
44920673 337745487
44920673 93059952
44920673 578866543
44920673 814941435
44920673 113610094
44920673 814949984
44920673 78137077
44920673 32367334
44920673 174270965
44920673 578900643
44920673 2255124
44920673 2254822
44920673 29607609
44920673 338038978
44920673 229636577
44920673 239062537
44920673 578828329
44920673 579029263
44920673 49071136
44920673 32647796
44920673 833357332
44920673 30711341
44920673 578724525
44920673 280961658
49071136 2254822
49071136 239062537
49071136 93059952
49071136 32367334
49071136 229636577
49071136 44920673
49071136 129214138
49071136 33331276
49071136 3535605
49071136 32647796
700848358 44920673
578768352 44920673
578768352 129214138
578768352 32367334
