104843503 29663303
123170419 48786520
30683891 7967933
26073051 2227079
170028969 2227079
7127174 9934908
686268717 302919717
48786520 123170419
112290084 130213270
7967933 30683891
7967933 104843503
7967933 160368497
29663303 104843503
160368497 14668848
14668848 160368497
7688248 127296610
133134450 160368497
140774540 147549676
55915214 14668848
2227079 26073051
2227079 170028969
169549467 81378814
38672434 9934908
302919717 686268717
80924510 14668848
130213270 112290084
100805682 127296610
9934908 7127174
9934908 38672434
93168653 160368497
55920082 170028969
140924732 14668848
