223848637 59940693
57463030 59940693
38292667 59940693
152788353 16602164
224400915 223848637
224400915 59940693
231720577 59940693
72474915 39428520
16602164 59940693
16602164 155913574
16602164 231720577
167813123 59940693
815039771 59940693
90017877 59940693
45047400 59940693
39428520 72474915
39428520 59940693
58109870 59940693
152820894 231720577
497887830 59940693
78377164 59940693
208401969 59940693
155913574 16602164
49480470 59940693
49480470 223848637
48479683 59940693
126976724 59940693
126976724 231720577
421488864 59940693
128651147 59940693
421476702 59940693
421476702 38292667
