52393100 665981557
52393100 299731773
52393100 57068302
52393100 3982364
52393100 58518119
605174603 58518119
602565974 565310272
602565974 57068893
602565974 301967187
602565974 57068841
602565974 58518119
602565974 57067799
602565974 57067888
602565974 602513971
602565974 581160999
54309322 301967187
54309322 57068841
54309322 58518119
54309322 57069205
54309322 581160999
665981557 337661656
665981557 812610919
665981557 602558715
665981557 57068302
602557152 57243453
449097922 57067797
449097922 57067888
449097922 57068841
747157874 57068946
665950450 58518119
18712131 58518119
18712131 3982364
665999523 58518119
26644640 127522585
57068893 3982364
57068893 57069515
57068893 58518119
57068893 602565974
68742379 58518119
662976399 57067797
662976399 301967187
662976399 58518119
662976399 581160999
57067799 565310272
57067799 602565974
57067799 57068302
57067799 57068841
57067799 196885792
57067799 58518119
57067799 57070306
57067799 57069205
57067799 57243453
299553481 58518119
299553481 565310272
602558715 665981557
602558715 565310272
666014986 58518119
666014986 449097922
57069571 58518119
298849641 58518119
812610919 3982364
812610919 58518119
812610919 665981557
57068302 565310272
57068302 665981557
57068302 299731773
57068302 505293399
57068302 602529879
57068302 57067797
57068302 22297452
57068302 301967187
57068302 57068328
57068302 57068441
57068302 57068841
57068302 196885792
57068302 58518119
57068302 57067799
57068302 57243453
57068302 298849641
57068302 57068519
57068302 3982364
57068302 57069205
57068302 57070306
57070306 58518119
57070306 57067799
57068441 299731773
57068441 301967187
57068441 57068328
57068441 3982364
57068441 58518119
57068441 217398877
602552232 58518119
602513971 565310272
602513971 602565974
602513971 57070306
602513971 581160999
602513971 58518119
602513971 57068841
57068328 57068302
57068328 22297452
57068328 3982364
57068328 57243453
57068328 58518119
57068328 57068441
57068946 3982364
57068946 58518119
57068841 54309322
57068841 602565974
57068841 299731773
57068841 505293399
57068841 57068946
57068841 57067797
57068841 449097922
57068841 57068302
57068841 22297452
57068841 301967187
57068841 58518119
57068841 57067799
57068841 301957976
57068841 57243453
57068841 57067888
57068841 57069515
57068841 581160999
57068841 500982089
57068841 602513971
565310272 500982089
565310272 3982364
565310272 301957976
565310272 57067799
565310272 58518119
565310272 52393100
565310272 57068302
565310272 299553481
45484653 3982364
45484653 58518119
337661656 500982089
337661656 57067888
337661656 58518119
337661656 22297452
337661656 665981557
83528908 58518119
19905043 58518119
19905043 3982364
602529879 57068302
666002677 58518119
57070530 58518119
57069205 565310272
57069205 54309322
57069205 57068302
57069205 196885792
57069205 58518119
57069205 57067799
57069205 500982089
57069205 57070306
22297452 57068302
22297452 57068328
22297452 57068841
22297452 58518119
22297452 57243453
22297452 337661656
82133696 58518119
231477301 58518119
231477301 301967187
505293399 57068841
57069515 57068909
57069515 500982089
57069515 58518119
602510963 58518119
581160999 54309322
581160999 602565974
581160999 301967187
581160999 57068841
581160999 58518119
581160999 301957976
581160999 602513971
581160999 662976399
301967187 54309322
301967187 602565974
301967187 57067797
301967187 57068302
301967187 57068441
301967187 196885792
301967187 57243453
301967187 57068519
301967187 500982089
301967187 662976399
301967187 56972375
57067888 449097922
57067888 58518119
630352649 196885792
630352649 58518119
57068519 301967187
57068519 58518119
217398877 57068328
217398877 57243453
217398877 58518119
3982364 58518119
196885792 57068302
196885792 301967187
196885792 57069205
196885792 630352649
196885792 57067799
196885792 58518119
514690041 58518119
58518119 3982364
500982089 301967187
500982089 58518119
500982089 57069515
500982089 3982364
56972375 301967187
56972375 58518119
56972375 3982364
301957976 565310272
301957976 666022162
301957976 57068841
301957976 58518119
301957976 581160999
301957976 57243453
232321579 58518119
9409685 58518119
57068909 57069515
57067797 565310272
57067797 54309322
57067797 57068946
57067797 666014986
57067797 449097922
57067797 57068302
57067797 52393100
57067797 301967187
57067797 57068841
57067797 58518119
57067797 57067888
57067797 3982364
57067797 57070306
57067797 57069205
57067797 662976399
666022162 301957976
666022162 58518119
57243453 565310272
57243453 299731773
57243453 57068946
57243453 666014986
57243453 449097922
57243453 57068302
57243453 22297452
57243453 52393100
57243453 301967187
57243453 57068328
57243453 602557152
57243453 217398877
57243453 57068841
57243453 58518119
57243453 57067799
57243453 301957976
57243453 57067888
57243453 666002677
57243453 3982364
57243453 57070306
