38463131 76805532
38463131 81379009
38463131 81377654
38463131 9023080
25225205 76805532
9023080 421491882
9023080 25225205
9023080 81379009
9023080 76805532
421491882 81379009
81377654 81379009
81377654 76805532
316536857 76805532
316536857 17907378
316536857 57609881
316536857 9023080
17907378 76805532
17907378 316536857
17907378 81379009
81379009 421491882
81379009 76805532
81379009 17907378
57609881 316536857
57609881 76805532
167441671 76805532
26749591 76805532
76805532 25225205
76805532 81377654
76805532 81379009
76805532 17907378
