7506543 129249337
7506543 83468567
436167748 129249337
834746826 129249337
225308585 129249337
31689939 129249337
199997894 129249337
44176255 127166885
44176255 49823276
83468567 634917762
83468567 11652096
30014798 129249337
156307023 48880527
156307023 129249337
156307023 58525882
156307023 19408133
23610132 129249337
23610132 58525882
634917762 83468567
16155574 129249337
99691798 129249337
605099737 129249337
127166885 129249337
127166885 44176255
19408133 836613784
19408133 129249337
19408133 58525882
127877776 129249337
306694845 129249337
306694845 83468567
306694845 19408133
767960672 129249337
832316992 129249337
832316992 58525882
34395138 129249337
836613784 19408133
48880527 129249337
608287046 129249337
129249337 48880527
129249337 19408133
21359031 129249337
52554247 83514981
52554247 129249337
52554247 58525882
50777437 129249337
73224162 83514981
73224162 83468567
34951204 129249337
489428649 129249337
15987414 129768887
15987414 11652096
401648563 129249337
531955833 129249337
531955833 83468567
665910348 129249337
128204699 129249337
468402114 129249337
52465497 129249337
58525882 129249337
58525882 83468567
37150868 129249337
199994099 129249337
199994099 83468567
218104247 129249337
41263120 129249337
54678912 129249337
15743834 83514981
15743834 129249337
15743834 58525882
97617878 129249337
27295596 129249337
56966466 129249337
56966466 58525882
56966466 83468567
49823276 129249337
49823276 44176255
685587583 129249337
129768887 15987414
129768887 58525882
57068519 129249337
25811575 129249337
352641979 19765750
11652096 83468567
11652096 15987414
11652096 25016625
11652096 127877776
11652096 58525882
57738467 129249337
9030007 801326285
9030007 129249337
299320914 129249337
58308182 129249337
54651198 129249337
83514981 58525882
83514981 129249337
