96197502 58025981
96197502 39528537
96197502 17141903
86314739 24734415
669869049 65397621
669869049 36925629
669869049 228465217
83237411 24734415
746368874 61616150
746368874 24734415
746368874 75179361
39528537 58025981
39528537 24734415
39528537 52575885
39528537 17141903
52575885 58025981
52575885 39528537
52575885 17141903
58041253 19360129
836611704 17141903
68900141 24734415
44302138 56842522
44302138 208508360
44302138 19360129
44302138 24734415
44302138 6137572
44302138 73370954
71707276 24734415
71707276 2473431
500027603 24734415
90883772 58025981
90883772 17141903
177298046 24734415
177298046 17141903
177298046 28278422
177298046 48111891
228465217 61616150
228465217 669869049
228465217 660162173
228465217 208508360
228465217 522436106
228465217 19360129
228465217 24734415
228465217 44468505
228465217 75179361
228465217 8168145
228465217 19706433
228465217 19361187
228465217 349581343
836613032 24734415
23356543 24734415
28278422 65397621
28278422 92112040
28278422 13349485
28278422 8168145
28278422 19361187
75803386 24734415
69684364 24734415
157848465 61616150
157848465 44789160
157848465 208508360
157848465 208637098
157848465 19360129
157848465 24734415
157848465 86314739
157848465 73370954
157848465 8168145
157848465 36925629
157848465 28091390
58146865 58025981
58146865 24734415
58146865 218608090
58146865 49823512
58146865 17141903
200135099 24734415
200135099 17141903
347636226 24734415
24734415 19360129
24734415 75803386
24734415 2473431
485661632 17141903
44353241 24734415
19706433 660162173
19706433 6137572
19706433 92112040
19706433 228465217
19706433 73370954
19706433 13349485
19706433 19361187
19706433 36925629
19706433 319940163
214258643 24734415
199812428 24734415
199812428 137824384
44468505 208508360
44468505 24734415
44468505 349581343
44468505 228465217
522436106 44353241
522436106 138310712
522436106 660162173
522436106 208508360
522436106 24734415
522436106 68950483
522436106 746368874
522436106 228465217
73370954 56842522
73370954 208637098
73370954 19360129
73370954 24734415
73370954 6137572
73370954 68950483
73370954 13349485
73370954 44302138
73370954 8168145
73370954 19706433
73370954 19361187
231388506 65397621
132297558 24734415
138310712 24734415
212391074 24734415
212391074 208508360
92112040 208508360
92112040 208637098
92112040 24734415
92112040 28278422
92112040 19706433
92112040 28091390
164583179 19360129
164583179 24734415
164583179 58146865
97534771 19360129
97534771 24734415
56842522 156587860
56842522 19360129
56842522 24734415
56842522 73370954
56842522 44302138
56842522 8168145
208508360 522436106
208508360 24734415
349581343 669869049
349581343 208508360
349581343 24734415
349581343 44468505
349581343 228465217
349581343 36925629
61616150 660162173
61616150 65397621
61616150 19360129
61616150 24734415
61616150 6137572
61616150 2473431
61616150 157848465
61616150 228465217
61616150 746368874
61616150 73370954
61616150 75179361
61616150 8168145
61616150 64452131
61616150 19361187
319940163 208508360
319940163 19360129
319940163 24734415
319940163 6137572
319940163 48818723
319940163 19706433
49823512 24734415
13053025 24734415
13053025 6137572
13053025 13349485
13053025 8168145
133201534 24734415
133201534 2473431
133201534 17141903
58025981 90883772
58025981 96197502
58025981 24734415
58025981 17141903
660162173 61616150
660162173 208508360
660162173 522436106
660162173 65397621
660162173 19706433
660162173 8168145
660162173 228465217
65397621 61616150
65397621 660162173
65397621 208508360
65397621 19360129
65397621 24734415
65397621 128102938
65397621 48111891
65397621 746368874
65397621 13349485
65397621 8168145
65397621 28278422
65397621 64452131
65397621 13053025
65397621 33248748
65397621 19361187
65397621 28091390
36925629 61616150
36925629 669869049
36925629 208508360
36925629 65397621
36925629 19360129
36925629 24734415
36925629 2473431
36925629 86314739
36925629 92112040
36925629 157848465
36925629 73370954
36925629 13349485
36925629 75179361
36925629 8168145
36925629 19706433
36925629 64452131
36925629 349581343
36925629 28091390
208637098 212391074
208637098 208508360
208637098 73370954
208637098 157848465
208637098 48111891
208637098 92112040
208637098 24734415
208637098 19360129
129556942 24734415
129556942 2473431
106933003 24734415
19360129 56842522
19360129 61616150
19360129 212391074
19360129 208637098
19360129 65397621
19360129 24734415
19360129 164583179
19360129 6137572
19360129 2473431
19360129 157848465
19360129 228465217
19360129 73370954
19360129 75179361
19360129 44302138
19360129 49823512
19360129 8168145
19360129 64452131
19360129 19361187
19360129 36925629
19360129 8317679
19360129 28091390
19360129 319940163
75179361 61616150
75179361 660162173
75179361 208508360
75179361 208637098
75179361 65397621
75179361 19360129
75179361 24734415
75179361 97534771
75179361 6137572
75179361 86314739
75179361 228465217
75179361 746368874
75179361 73370954
75179361 217133996
75179361 8168145
75179361 36925629
75179361 8317679
75179361 28091390
2473431 129556942
2473431 133201534
2473431 24734415
2473431 6137572
137717168 24734415
217133996 24734415
217133996 75179361
48277112 24734415
48277112 49823512
137824384 24734415
6137572 208637098
6137572 65397621
6137572 19360129
6137572 24734415
6137572 2473431
6137572 73370954
6137572 75179361
6137572 49823512
6137572 19706433
6137572 13053025
6137572 8317679
85029573 24734415
31119539 24734415
535242428 24734415
49342040 19361187
19361187 61616150
19361187 49342040
19361187 65397621
19361187 19360129
19361187 128102938
19361187 228465217
19361187 68950483
19361187 73370954
19361187 13349485
19361187 8168145
19361187 28278422
19361187 19706433
19361187 8317679
19361187 28091390
128102938 24734415
128102938 28091390
128102938 19361187
8317679 19360129
8317679 24734415
8317679 6137572
8317679 48111891
8317679 75179361
8317679 19361187
48818723 24734415
48818723 319940163
29028219 24734415
44789160 24734415
44789160 157848465
13349485 61616150
13349485 660162173
13349485 208508360
13349485 208637098
13349485 65397621
13349485 24734415
13349485 128102938
13349485 92112040
13349485 48111891
13349485 73370954
13349485 28278422
13349485 19706433
13349485 64452131
13349485 13053025
13349485 19361187
13349485 28091390
48111891 208637098
48111891 24734415
48111891 8317679
28091390 61616150
28091390 208508360
28091390 65397621
28091390 19360129
28091390 24734415
28091390 128102938
28091390 92112040
28091390 48111891
28091390 157848465
28091390 8168145
28091390 64452131
28091390 19361187
28091390 36925629
8168145 56842522
8168145 61616150
8168145 660162173
8168145 208508360
8168145 65397621
8168145 19360129
8168145 128102938
8168145 6137572
8168145 157848465
8168145 228465217
8168145 73370954
8168145 75179361
8168145 28278422
8168145 13053025
8168145 19361187
8168145 36925629
8168145 28091390
68950483 522436106
68950483 24734415
68950483 73370954
68950483 19361187
64452131 61616150
64452131 19360129
64452131 24734415
64452131 48277112
17141903 58025981
17141903 24734415
17141903 485661632
17141903 164583179
17141903 200135099
