156573129 9949183
156573129 127191967
134418290 127191967
47997397 127191967
16087157 127191967
9384868 127191967
44574994 9949183
133523123 127191967
836612513 127191967
473879813 127191967
43941962 9949183
25217866 127191967
25217866 30832559
44990537 127191967
129576233 127191967
48806708 37789236
565244227 127191967
127386457 127191967
136521589 127191967
110971355 127191967
48626416 127191967
9949183 27230472
9949183 43941962
9949183 37789236
9949183 55521498
9949183 49046992
9949183 50878762
9949183 127191967
9949183 92816447
9949183 55250070
9949183 57045949
9949183 156573129
9949183 127386457
9949183 44294202
9949183 28780833
50878762 9949183
132006375 127191967
81468196 127191967
55250070 9949183
55250070 49046992
57965346 127191967
30495321 127191967
49046992 9949183
49046992 127191967
49046992 55250070
145237557 127191967
57045949 37789236
57045949 9949183
57045949 127191967
61762036 127191967
27230472 9949183
27230472 127191967
27230472 57129828
305445185 57045949
161918127 127191967
156740440 127191967
48673670 127191967
836612483 683663403
836612483 127191967
45020340 127191967
161514825 127191967
192537344 127191967
28780833 127191967
28780833 9949183
128620139 127191967
51646472 127191967
48804770 127191967
683663403 127191967
683663403 836612483
57129828 27230472
55521498 9949183
55521498 127191967
48512080 9949183
48512080 127191967
21119491 127191967
101708028 127191967
11902379 127191967
92816447 9949183
92816447 127191967
45017077 127191967
30832559 25217866
44294202 9949183
