74659337 83644264
350234258 83644264
155317022 83644264
784628002 83644264
216090274 83644264
538175316 83644264
518324852 83644264
101142642 83644264
169383674 784628002
169383674 83644264
169383674 216095784
169383674 216091469
51384564 83644264
209027958 83644264
56884659 83644264
216091469 169383674
216091469 83644264
216091469 784628002
169390976 83644264
61428542 216095784
61428542 83644264
130860967 83644264
104455009 83644264
62372049 83644264
478221843 548532263
478221843 83644264
83644264 216095784
83644264 61428542
9057266 83644264
438505366 83644264
217309059 83644264
6999048 83644264
505672628 83644264
62370609 83644264
32630868 83644264
216091922 83644264
124475427 83644264
137927133 690525080
690525080 137927133
217522522 83644264
20995216 83644264
83550333 83644264
216095784 169383674
216095784 83644264
216095784 61428542
548532263 478221843
