58183272 152593449
58183272 73127367
58183272 215757790
58183272 252043380
152574654 113653968
152574654 152593449
152928982 57646460
152928982 152934159
113653968 142768167
113653968 122856708
113653968 152574654
113653968 152934731
113653968 57650552
398507999 215757790
37396612 122856708
37396612 152934731
152733092 152912960
152733092 152934731
152565431 215757790
65518927 58155660
65518927 215757790
58155660 65518927
58155660 215757790
152912960 152733092
152912960 152934731
127482673 215757790
252043380 29149856
252043380 152934159
252043380 580900039
252043380 244101635
252043380 215757790
252043380 58183272
215757790 401160190
215757790 58183272
215757790 252043380
73127367 401160190
73127367 58183272
73127367 215757790
58181107 57646460
44757760 57649105
44757760 152593449
44757760 57646460
44757760 29149856
44757760 152934731
44757760 152934159
44757760 298848686
44757760 57650552
57649105 122856708
57649105 57646460
57649105 44757760
57649105 57650552
19618950 215757790
167809848 215757790
142768167 113653968
142768167 152593449
142768167 57646460
57646460 122856708
57646460 152593449
57646460 58181107
57646460 142768167
57646460 57649105
57646460 152932384
57646460 44757760
57646460 152892001
57646460 29149856
57646460 152934731
57646460 152928982
298848686 44757760
298848686 137853982
298848686 215757790
149550914 215757790
152844309 215757790
14923280 139924600
364086768 215757790
401160190 73127367
401160190 215757790
31272527 215757790
152934731 152733092
152934731 113653968
152934731 37396612
152934731 29149856
152934731 57646460
152934731 152912960
152934731 44757760
152934731 57650552
130007536 129987775
130007536 215757790
244101635 215757790
244101635 252043380
152892001 57646460
833958263 215757790
152571972 215757790
580900039 252043380
152934159 152932384
152934159 215757790
152934159 252043380
57650552 57649105
57650552 44757760
57650552 122856708
57650552 152800655
57650552 113653968
57650552 152934731
152800655 57650552
83215604 215757790
29149856 44757760
29149856 57646460
29149856 215757790
29149856 152934731
29149856 252043380
29149856 57650552
152593449 122856708
152593449 142768167
152593449 152574654
152593449 57646460
152593449 44757760
152593449 58183272
152898948 215757790
29285881 215757790
139924600 14923280
6396810 35626679
152891835 215757790
122856708 37396612
122856708 113653968
122856708 57649105
122856708 152593449
122856708 57646460
122856708 57650552
35626679 6396810
152733790 152934159
152473907 215757790
152619406 401160190
122708287 215757790
