49066490 45221775
49066490 44822686
49066490 127978136
83638821 127978136
57058859 127978136
20582994 57482649
20582994 49067309
20582994 127978136
20582994 37041871
20582994 68949031
44964307 127978136
62025846 127978136
7226292 127978136
67745238 127448281
67745238 48549020
67745238 127978136
49067309 57482649
49067309 44822686
49067309 137939903
49067309 228451171
49067309 127978136
49067309 20582994
305428795 44822686
50897553 103100374
50897553 127978136
50897553 20582994
19113999 127978136
8121512 9697551
8121512 127978136
103100374 127448281
103100374 49067577
103100374 127978136
754329227 37041871
754329227 40030202
57456887 228451171
44040100 127978136
34904501 48549020
34904501 127978136
54591868 127978136
744063734 127978136
49067577 103100374
49067577 40030202
127448281 127978136
9697551 8121512
9697551 40030202
54401600 57482649
54401600 127978136
44140359 37041871
44942703 127978136
45013535 127978136
50622306 127978136
44822686 305428795
44822686 49066490
44822686 49067309
44822686 127978136
44822686 44832447
44822686 40030202
57482769 127978136
57194224 127978136
48733656 127448281
48733656 127978136
132797197 67193429
132797197 127978136
49042992 127978136
231597409 127978136
45049149 127978136
130474578 127978136
45221775 49066490
45221775 127978136
44527399 127978136
36296302 127978136
48549020 34904501
48549020 67745238
129268184 127978136
15731055 127978136
228451171 57482649
228451171 57456887
228451171 49067309
265140604 127978136
82528170 127448281
82528170 127978136
37041871 44140359
37041871 754329227
37041871 127978136
37041871 20582994
137939903 49067309
137939903 127978136
65381587 15731055
65381587 127448281
65381587 127978136
65381587 40030202
82159040 127978136
68949031 20582994
68949031 40030202
44832447 127978136
44832447 20582994
45039252 127978136
40030202 65381587
40030202 9697551
40030202 68949031
40030202 127978136
40030202 57482649
40030202 44822686
40030202 49067577
40030202 754329227
44845504 68949031
57482649 228451171
57482649 54401600
57482649 49067309
57482649 127978136
57482649 20582994
57482649 40030202
