15137914 357736026
15137914 36188381
15137914 107855872
814730357 35713968
43717600 9781958
107855872 133938860
36188381 15137914
36188381 67063774
8724222 19997877
31217481 34923482
31217481 82738286
31217481 52036847
31217481 16854896
31217481 299450571
31217481 158217007
31217481 9781958
31217481 9471484
31217481 60013637
31217481 29326652
31217481 638323402
86107184 56004537
86107184 31217481
86107184 158217007
792118842 15137914
65269096 82738286
65269096 16854896
65269096 158217007
65269096 56572917
65269096 114112286
65269096 638323402
67856854 14519423
67856854 56958955
357736026 15137914
70031433 60013637
128132117 107855872
19997877 8724222
26950649 21806315
32686861 71796759
260609730 15137914
11711411 31217481
11711411 158217007
97236417 158217007
56572917 31217481
56572917 34923482
56572917 65269096
56572917 299450571
56572917 158217007
56572917 638323402
114112286 65269096
35713968 814730357
14519423 67856854
16854896 31217481
16854896 34923482
16854896 52036847
16854896 65269096
16854896 71796759
16854896 158217007
452512558 65269096
56958955 67856854
54435039 67856854
54435039 71796759
836611075 15137914
34923482 31217481
34923482 60013637
638323402 9471484
638323402 158217007
638323402 82738286
638323402 31217481
638323402 56572917
638323402 65269096
9781958 31217481
9781958 43717600
9471484 31217481
9471484 158217007
9471484 638323402
158217007 86107184
158217007 31217481
158217007 34923482
158217007 82738286
158217007 65269096
158217007 208637148
158217007 16854896
158217007 11711411
158217007 299450571
158217007 97236417
158217007 9471484
158217007 56572917
158217007 638323402
133938860 107855872
54680941 107855872
54680941 32686861
60013637 31217481
60013637 34923482
60013637 70031433
60013637 208637148
60013637 599223460
60013637 67063774
52036847 31217481
52036847 16854896
71796759 54435039
56915724 15137914
299450571 31217481
299450571 158217007
299450571 56572917
208637148 34923482
208637148 60013637
208637148 158217007
56004537 86107184
599223460 60013637
67063774 60013637
45384511 107855872
82738286 31217481
82738286 34923482
82738286 65269096
82738286 158217007
82738286 60013637
82738286 638323402
