44958840 127188441
44958840 49276270
44958840 48725503
44958840 50877843
44958840 558657496
58368020 127188441
60933101 127188441
4942032 127188441
48725503 127188441
48725503 44958840
48725503 833363914
48725503 163446750
48725503 50877843
58256554 127188441
134795648 127188441
16450828 127188441
42273441 127188441
833363914 127188441
833363914 163446750
833363914 48725503
261986335 127188441
12484305 127188441
607451359 127188441
57611172 127188441
60191742 127188441
58283837 127188441
79139953 127188441
387258774 127188441
49021737 127188441
100319876 127188441
836611983 127188441
834021104 127188441
58407819 127188441
35550445 127188441
50900216 127188441
50900216 163446750
42080302 127188441
163446750 127188441
163446750 833363914
163446750 49276270
163446750 48725503
163446750 50900216
302331694 127188441
270586194 127188441
607453006 127188441
127378766 127188441
74887250 127188441
49215851 127188441
836614714 127188441
558657496 127188441
638320386 127188441
479368857 127188441
534114026 127188441
607452983 127188441
49276270 127188441
49276270 44958840
49276270 163446750
57478039 127188441
35892058 127188441
48681420 127188441
168855320 127188441
50877843 127188441
50877843 44958840
50877843 48725503
58252728 127188441
58303297 127188441
339126728 127188441
82128124 127188441
84165013 127188441
230151719 127188441
58036924 127188441
114025650 127188441
10889786 127188441
49262479 127188441
580986541 127188441
