97227172 80589456
581881770 19540010
268414119 19540010
152727124 19540010
121034003 19540010
582334328 19540010
14259022 175157727
14259022 19540010
175157727 175162387
175157727 14259022
175157727 19540010
175157727 359366719
175157727 11033158
175157727 60076214
175157727 37684313
44786013 57644995
44786013 19540010
33660492 19540010
20096808 19540010
152578542 19540010
133788665 19540010
133788665 11033158
152535337 19540010
36888971 152694694
36888971 19540010
58092333 19540010
99924507 19540010
99924507 12984887
99924507 44843235
435177219 1800683
435177219 19540010
220978473 19684804
44843235 19540010
44843235 99924507
602551932 19540010
148851373 19540010
50652453 19540010
11745454 19540010
16697931 19540010
57652355 58301272
57652355 19540010
152784849 57644995
152784849 1800683
152784849 19540010
98030129 19540010
152897455 57847286
152897455 19540010
30634478 57644995
30634478 19540010
128935887 19540010
42165924 19540010
19684804 807134773
19684804 81476025
19684804 220978473
472524700 19540010
601734747 19540010
359367332 19540010
57644995 19540010
57644995 152784849
57644995 30634478
57644995 152593912
57644995 57847286
57644995 44786013
152694694 19540010
152694694 36888971
601609147 19540010
833569837 175162387
207315931 58301272
207315931 19540010
12984887 19540010
12984887 99924507
12984887 84871843
11033158 175157727
11033158 133788665
11033158 19540010
54409005 19540010
54409005 99924507
80589456 19540010
80589456 97227172
1800683 435177219
1800683 19540010
534752634 175162387
534752634 19540010
534752634 833569837
758150560 19540010
5010103 19540010
57847286 57644995
57847286 152788936
57847286 210269060
57847286 19540010
57847286 152897455
175162387 175157727
175162387 19540010
58301272 207315931
58301272 84706792
58301272 19540010
58301272 57652355
210269060 57847286
359366719 175157727
60076214 175157727
60076214 19540010
84871843 677178048
84871843 19540010
84871843 12984887
58474498 19540010
679983960 19540010
13194618 19540010
57743274 19540010
229017688 19540010
45221607 19540010
60270923 19540010
152892610 19540010
677178048 84871843
152788936 57847286
152593912 57644995
152593912 152788936
152593912 19540010
37684313 175157727
37684313 19540010
84706792 58301272
84706792 19540010
51509148 19540010
81476025 19684804
807134773 19684804
80411105 19540010
836346209 19540010
