152601775 152899315
6947840 72523023
152899315 57645810
152899315 152601775
45006236 191874967
68947834 43826790
92267368 72523023
216072336 82638473
82638473 61139546
82638473 57645810
82638473 216072336
60766646 6208003
60766646 152891628
86119653 72523023
2466890 72523023
89979707 459289040
89979707 152891628
89979707 58352237
152928992 152601775
43826790 68947834
38374669 72523023
216078307 57645810
82152544 364464333
82152544 772349556
581286505 57651754
6208003 60766646
152932400 148191605
152932400 57645810
175029753 57645810
148191605 152932400
61139546 82638473
57645810 216078307
57645810 175029753
57645810 152784052
57645810 82638473
57645810 152932400
57645810 152899315
459289040 89979707
497809639 72523023
15732846 72523023
772349556 82152544
152891628 60766646
152891628 89979707
58352237 89979707
54972903 72523023
152784052 57645810
60288023 92267368
