8351428 127177057
50028909 127177057
43870262 127177057
219266277 127177057
127841491 127177057
36692806 127177057
140899313 8970325
50863364 127177057
68948180 23057022
44146962 23057022
45473526 127177057
150396710 127177057
58357141 127177057
97459196 127841491
207666139 8970325
108984886 127177057
155520431 127177057
44585132 127177057
16726767 127177057
44589233 4413778
643370193 127177057
128972122 127177057
23057022 68948180
23057022 44146962
125749202 127177057
8970325 207666139
8970325 140899313
115371785 127177057
177244890 127177057
4413778 44589233
166624562 127177057
48344935 127177057
115088637 127177057
311623171 127177057
234592658 127177057
