78541096 17635972
78541096 54379601
78541096 45162039
78541096 58492473
78541096 205885271
78541096 32109397
328282034 25436144
328282034 73103023
328282034 37983254
328282034 32109397
56941496 512565957
56941496 205885271
56941496 25436144
56941496 580914586
56941496 158179967
56941496 54379601
56941496 4985421
56941496 17635972
56941496 58185447
56941496 58492473
56941496 58091991
56941496 60077417
56941496 37983254
56941496 78541096
56941496 32109397
58185447 73103023
72046164 45163569
72046164 58492473
601950534 73103023
58164664 73103023
91809329 73103023
58029079 4985421
58029079 58492473
58029079 73103023
54423531 140492740
54423531 58492473
421483692 73103023
45162039 205885271
45162039 25436144
45162039 4985421
45162039 17635972
45162039 58492473
45162039 11754059
45162039 58167372
45162039 78541096
72523583 73103023
58492473 205885271
58492473 54423531
58492473 45162039
58492473 54379601
58492473 45163569
58492473 54380622
58492473 252136182
58492473 73103023
58492473 56941496
58492473 60077417
58492473 58029079
58492473 72046164
58492473 58326907
58492473 78541096
58492473 32109397
58167372 252136182
60077417 45163569
60077417 17635972
60077417 58492473
60077417 73103023
60077417 56941496
60077417 11754059
58340021 58010380
58340021 54379601
58340021 128699354
58474056 73103023
580914586 58099792
45163569 205885271
45163569 2268749
45163569 580914586
45163569 4985421
45163569 17635972
45163569 58492473
45163569 60077417
45163569 72046164
45163569 58167372
58099792 580914586
58099792 73103023
72523127 58091991
72523127 73103023
227569692 73103023
37983254 328282034
32109397 73103023
32109397 205885271
32109397 301652362
32109397 177623673
32109397 11754059
32109397 4985421
32109397 45162039
32109397 58091991
32109397 37497961
32109397 25436144
32109397 78541096
32109397 56941496
32109397 58492473
32109397 252136182
32109397 60077417
32109397 328282034
32109397 58360333
32109397 57065754
32109397 58374983
24829034 73103023
177623673 32109397
177623673 4985421
73103023 72523583
2268749 45163569
2268749 73103023
2268749 58326907
58082059 73103023
58091991 72523127
58091991 73103023
140492740 73103023
129101823 73103023
58036376 4985421
58036376 73103023
58036376 58403769
17635972 73103023
17635972 72523583
17635972 56941496
17635972 129101823
17635972 60077417
58320090 73103023
357277812 73103023
252136182 58492473
252136182 58167372
54379601 512565957
54379601 25436144
54379601 24829034
54379601 78541096
58402395 73103023
58326907 205885271
58326907 2268749
58326907 828447778
58326907 17635972
58326907 58492473
58326907 73103023
58326907 60077417
105335080 73103023
828447778 58326907
32825345 73103023
58105717 73103023
205885271 25436144
205885271 45162039
205885271 45163569
205885271 54380622
205885271 58492473
205885271 73103023
205885271 56941496
205885271 58326907
205885271 78541096
205885271 32109397
58374983 32109397
58374983 17635972
54380622 205885271
54380622 4985421
54380622 17635972
54380622 58492473
54380622 252136182
54380622 73103023
57065754 73103023
57065754 60077417
57065754 32109397
25436144 205885271
25436144 45162039
25436144 328282034
25436144 54379601
25436144 4985421
25436144 56941496
25436144 32109397
58010380 73103023
58010380 91809329
58010380 72523127
58010380 129101823
30005395 73103023
58077051 73103023
58403769 58036376
58403769 541463898
58403769 4985421
58403769 60077417
58360333 73103023
58360333 32109397
4985421 58063243
17447325 73103023
58063243 73103023
58063243 4985421
301652362 4985421
301652362 17635972
301652362 73103023
301652362 32109397
11754059 45162039
11754059 4985421
11754059 60077417
11754059 32109397
485390956 73103023
37497961 72523583
37497961 73103023
37497961 140492740
37497961 32109397
58400265 73103023
