129888767 61264211
647427435 61264211
42135457 61264211
210504701 129888767
52575091 61264211
836612403 833393750
580913314 61264211
56802069 61264211
41992482 61264211
56819758 61264211
310258866 61264211
304827758 61264211
447981821 61264211
122489458 129333517
130061734 701453851
531951767 61264211
78081610 61264211
85161926 61264211
10852698 61264211
74618243 61264211
701453851 61264211
52532879 61264211
54063911 129333517
54063911 61264211
54407379 6174861
54407379 61264211
6174861 61264211
6174861 52575091
14827478 299150255
35080313 61264211
145153374 61264211
327081965 61264211
299150255 14827478
55241075 61264211
57989043 61264211
555028859 61264211
727784417 129333517
833393750 836612403
19345466 61264211
529248314 61264211
831793022 61264211
357625621 61264211
123785722 82538577
49251010 61264211
836614520 61264211
115741321 61264211
82538577 123785722
