31947456 49086426
31947456 19081409
31947456 12910350
155252967 478077164
155252967 6159040
155252967 10675242
155252967 737642428
155252967 19081409
155252967 518016211
155252967 144744515
155252967 36560131
39129126 10675242
210502951 6159040
210502951 19081409
144744515 478077164
144744515 6159040
144744515 10675242
144744515 737642428
144744515 155252967
144744515 36560131
12910350 40481011
12910350 31947456
10675242 6159040
10675242 40481011
10675242 155252967
10675242 36560131
10675242 144744515
10675242 39129126
36560131 10675242
36560131 155252967
36560131 144744515
161249129 10675242
161249129 155252967
161249129 36560131
161249129 144744515
478077164 6159040
478077164 10675242
478077164 40481011
478077164 581633502
478077164 737642428
478077164 155252967
478077164 19081409
478077164 518016211
478077164 216425417
478077164 36560131
478077164 144744515
216425417 478077164
216425417 6159040
216425417 10675242
216425417 40481011
216425417 581633502
216425417 155252967
216425417 19081409
216425417 36560131
216425417 144744515
49086426 6159040
49086426 19081409
49086426 36560131
49086426 31947456
11349537 6159040
11349537 10675242
11349537 19081409
11349537 32948941
737642428 478077164
737642428 6159040
737642428 10675242
737642428 40481011
737642428 155252967
737642428 518016211
737642428 144744515
581633502 478077164
581633502 10675242
581633502 40481011
581633502 216425417
6159040 478077164
6159040 10675242
6159040 49086426
6159040 210502951
6159040 11349537
6159040 155252967
6159040 19081409
6159040 144744515
6159040 32948941
32948941 6159040
32948941 11349537
32948941 19081409
40481011 478077164
40481011 6159040
40481011 10675242
40481011 31827632
40481011 39129126
40481011 144744515
40481011 36560131
40481011 216425417
40481011 518016211
40481011 19081409
40481011 155252967
40481011 737642428
40481011 581633502
31827632 10675242
31827632 40481011
518016211 6159040
518016211 10675242
518016211 581633502
518016211 155252967
631486992 10675242
19081409 478077164
19081409 6159040
19081409 10675242
19081409 49086426
19081409 40481011
19081409 210502951
19081409 11349537
19081409 155252967
19081409 216425417
19081409 32948941
19081409 31947456
