822436617 49033908
54261931 256860241
200028248 155278409
179565364 46487055
783749767 49033908
138310120 85023925
23595102 29914057
822331415 49033908
49033908 304956596
29914057 212612668
29914057 23595102
29914057 686119171
836610855 49033908
304956596 49033908
212612668 29914057
22819816 2537797
199998276 49033908
24616845 46487055
35589141 49033908
57992686 45163539
147979505 49033908
687027741 49033908
50870819 49033908
31964681 30565623
155344818 49033908
268872154 49033908
156351139 49033908
64431484 49033908
45163539 57992686
30565623 31964681
50868778 46487055
155278409 49033908
155278409 200028248
155278409 18452390
46487055 179565364
46487055 24616845
46487055 50868778
65110959 49033908
686119171 29914057
