642369617 16819028
129491493 156575816
33178467 109353564
52571521 16819028
109353564 33178467
56939683 16819028
299516064 16819028
36211683 91744254
102200933 16819028
142759838 27772286
142759838 16819028
51691913 836613658
155311647 16819028
27772286 16819028
156575816 129491493
245230963 16819028
97210397 16819028
54378372 16819028
135018469 16819028
33823340 16819028
27430186 16819028
836612352 54361818
54361818 836612352
54361818 16819028
73674016 16819028
108215985 16819028
219299191 16819028
91744254 36211683
127459654 16819028
28054279 16819028
153877706 16819028
