50858204 77717188
50858204 21662712
133543409 27375895
133543409 86219837
29081059 310650055
29081059 152678937
29081059 44874615
29081059 128476010
29081059 77717188
29081059 57644636
29081059 44758687
29081059 27375895
29081059 86219837
103593201 77717188
152727415 39476355
231207035 175152307
231207035 77717188
152729238 175152307
152729238 77717188
6621963 152934984
6621963 21946927
6621963 128476010
6621963 175151808
6621963 77717188
6621963 101697929
6621963 57644636
6621963 175152307
6621963 27375895
6621963 21662712
6621963 86219837
836613231 77717188
580932755 9052849
580932755 77717188
581353630 77717188
152728562 65263533
152728562 77717188
152728562 57652978
152728562 49073097
21946927 310650055
21946927 175152307
21946927 6621963
21946927 39476355
21946927 152678937
21946927 163536856
21946927 175151808
21946927 57649048
21946927 77717188
21946927 101697929
21946927 57649095
21946927 57644636
21946927 44758687
21946927 21662712
298830448 128476010
298830448 86219837
27375895 77717188
27375895 29081059
27375895 67638852
27375895 17743731
27375895 44758687
27375895 44874615
27375895 175151808
27375895 152906725
27375895 6621963
27375895 152912883
27375895 39476355
27375895 152940784
27375895 152934984
27375895 582225525
27375895 57652978
27375895 133543409
27375895 57649095
27375895 21662712
27375895 86219837
298836074 77717188
298836074 57644636
582225525 77717188
582225525 27375895
175151808 6621963
175151808 152811798
175151808 21946927
175151808 57644636
175151808 27375895
175151808 21662712
175151808 210201833
175151808 52570811
50848047 77717188
58110183 77717188
163536856 21946927
163536856 77717188
163536856 57644636
601662611 77717188
73330189 77717188
831308808 77717188
601667369 77717188
128476010 298830448
128476010 601863397
128476010 6621963
128476010 29081059
128476010 57649095
128476010 57644636
128476010 21662712
135200719 77717188
135200719 101697929
7368192 77717188
580974582 77717188
21662712 175152307
21662712 27375895
21662712 57649095
21662712 21946927
21662712 175151808
21662712 310650055
21662712 65470209
21662712 77717188
21662712 50858204
21662712 128476010
21662712 9052849
21662712 57644636
21662712 216101585
21662712 152678937
21662712 44758687
21662712 57652978
21662712 6621963
21662712 57649048
21662712 52570811
21662712 86219837
52570811 77717188
52570811 21662712
52570811 175151808
52570811 57644636
298852498 77717188
93783956 77717188
93783956 86219837
152906725 77717188
152906725 44758687
152906725 27375895
44758687 153227427
44758687 152912883
44758687 21946927
44758687 29081059
44758687 77717188
44758687 57644636
44758687 175152307
44758687 152906725
44758687 27375895
44758687 21662712
581898929 77717188
123959164 57649048
123959164 77717188
123959164 86219837
152934984 601863397
152934984 6621963
152934984 77717188
152934984 57644636
152934984 27375895
152934984 86219837
57848805 77717188
115196772 128501464
115196772 77717188
128501464 115196772
128501464 77717188
128501464 101697929
128501464 57644636
581199623 77717188
39476355 77717188
39476355 27375895
581693294 77717188
833533386 77717188
152731618 77717188
152731618 210201833
602777667 77717188
131677769 77717188
111137059 77717188
111137059 57644636
49073097 601863397
49073097 77717188
49073097 152728562
582665095 77717188
57649095 310650055
57649095 21946927
57649095 128476010
57649095 57652978
57649095 175151808
57649095 77717188
57649095 57644636
57649095 580938587
57649095 27375895
57649095 21662712
57649095 210201833
65470209 21662712
101697929 128501464
101697929 175152307
101697929 152912883
101697929 6621963
101697929 135200719
101697929 21946927
101697929 77717188
101697929 57644636
65263533 152728562
65263533 77717188
152940784 77717188
152940784 27375895
58252434 77717188
86219837 77717188
86219837 29081059
86219837 57644636
86219837 152906725
86219837 152934984
86219837 6621963
86219837 27375895
86219837 298830448
86219837 21662712
34935458 77717188
210201833 77717188
210201833 175151808
210201833 152731618
210201833 57649095
210201833 580938587
175152307 231207035
175152307 21946927
175152307 152729238
175152307 101697929
175152307 57644636
175152307 152678937
175152307 6621963
175152307 44758687
175152307 21662712
658760570 77717188
57652978 57649095
57652978 57644636
57652978 152728562
57652978 27375895
57652978 21662712
152912883 101697929
152912883 44758687
152912883 27375895
580938587 77717188
580938587 57649095
580938587 210201833
153227427 44758687
77717188 34935458
77717188 21946927
581998347 77717188
152678937 310650055
152678937 21946927
152678937 29081059
152678937 175152307
152678937 67638852
152678937 21662712
229289708 77717188
601863397 49073097
601863397 128476010
601863397 77717188
152582017 77717188
298834868 77717188
67638852 9052849
67638852 77717188
67638852 54181590
67638852 152678937
67638852 27375895
67638852 86219837
44874615 29081059
44874615 57649048
44874615 77717188
44874615 57644636
44874615 9052849
44874615 27375895
44874615 21662712
57649048 9052849
57649048 123959164
57649048 21946927
57649048 44874615
57649048 77717188
57649048 57649095
57649048 21662712
152811798 175151808
152811798 77717188
216101585 77717188
216101585 21662712
54181590 77717188
54181590 67638852
310650055 152678937
310650055 77717188
9052849 67638852
9052849 580932755
9052849 77717188
9052849 44874615
9052849 21662712
17743731 77717188
17743731 57644636
17743731 27375895
57644636 128501464
57644636 310650055
57644636 175152307
57644636 9052849
57644636 152934984
57644636 298836074
57644636 231207035
57644636 111137059
57644636 601863397
57644636 49073097
57644636 6621963
57644636 582225525
57644636 34935458
57644636 17743731
57644636 21946927
57644636 44874615
57644636 128476010
57644636 115196772
57644636 29081059
57644636 57652978
57644636 163536856
57644636 175151808
57644636 77717188
57644636 101697929
57644636 57649095
57644636 44758687
57644636 21662712
57644636 52570811
57644636 86219837
152695101 77717188
