152855456 58334182
152855456 130742844
152545669 13034709
152545669 130742844
152937895 13034709
152937895 41566584
152937895 57646248
152937895 26406050
152937895 130742844
152731252 144737262
152731252 130742844
208392899 130742844
7417629 152933401
7417629 57650200
7417629 152955134
7417629 130742844
152545980 130742844
76442820 152574061
76442820 130742844
76442820 58334182
152783912 152595803
152783912 13034709
152783912 152933401
152783912 130742844
152783912 58334182
152715162 130742844
52192815 13034709
52192815 130742844
152933321 13034709
16910126 130742844
152930981 130742844
13034709 52584625
13034709 152783912
13034709 152595803
13034709 127312019
13034709 152918791
13034709 152620936
13034709 152927632
13034709 152545669
13034709 152929421
13034709 152933321
13034709 52192815
13034709 152567018
13034709 152937895
13034709 152816701
13034709 57650200
13034709 152938662
13034709 152797372
13034709 152931729
13034709 57646248
13034709 26406050
13034709 152955176
13034709 57648585
144737262 298850818
144737262 152700206
144737262 57645428
144737262 152731252
144737262 130742844
834028831 130742844
152524817 152938662
152524817 152662605
152524817 130742844
601844187 130742844
152933401 152783912
152933401 152918791
152933401 7417629
152933401 152858692
152933401 152938662
152933401 152808237
103564721 130742844
298850818 144737262
298850818 421514560
298850818 152655065
421540867 130742844
127276425 130742844
152918791 13034709
152918791 152858692
152918791 130742844
82113914 130742844
152938662 13034709
152938662 152933401
57399282 130742844
152543342 130742844
152929421 13034709
152929421 130742844
52584625 13034709
52584625 152858692
52584625 57645428
52584625 57646248
52584625 130742844
152955176 13034709
152955176 7417629
152955176 152524817
152955176 130742844
152655065 298850818
152655065 130742844
30755970 26406050
30755970 130742844
152574061 76442820
152574061 130742844
152505599 130742844
152567018 13034709
152567018 152571954
26406050 13034709
26406050 57646248
26406050 127312019
26406050 30755970
26406050 152955134
26406050 152858692
26406050 152931729
26406050 152937895
26406050 57645428
26406050 152620936
26406050 130742844
152931729 13034709
152931729 26406050
152931729 130742844
152931729 58334182
130742844 152797372
103539129 130742844
152907327 130742844
152619702 130742844
152620936 13034709
152620936 57650200
152620936 26406050
152620936 130742844
152620936 57648585
421593845 130742844
152797372 57652682
152797372 57646248
152797372 130742844
152816701 13034709
152816701 57646248
152816701 130742844
421502070 130742844
152933759 130742844
57648585 13034709
57648585 57646248
57648585 57645428
57648585 57650200
57648585 152620936
152505437 152530147
152505437 130742844
215711554 130742844
41566584 152937895
421514560 298850818
421514560 152662605
152858692 52584625
152858692 152918791
152858692 152933401
152858692 26406050
152858692 130742844
57645428 144737262
57645428 52584625
57645428 26406050
57645428 130742844
57645428 57648585
152858269 130742844
496889717 130742844
805338308 130742844
401519087 130742844
152566711 130742844
152808237 152933401
152808237 130742844
152571954 152567018
152571954 130742844
714690797 130742844
99030074 130742844
152927632 13034709
152927632 130742844
152530147 152505437
152530147 130742844
152693736 130742844
152700206 144737262
57650200 127312019
57650200 581015906
57650200 152620936
57650200 13034709
57650200 7417629
57650200 152858692
57650200 57652682
57650200 57648585
152955134 7417629
152955134 26406050
152955134 130742844
152955134 58334182
127312019 13034709
127312019 57650200
127312019 26406050
127312019 130742844
58334182 130742844
152595911 23889687
152595911 130742844
57646248 152937895
57646248 13034709
57646248 52584625
57646248 152797372
57646248 152931729
57646248 57652682
57646248 152816701
57646248 26406050
57646248 130742844
57646248 57648585
152486813 130742844
57652682 57650200
57652682 152797372
57652682 57646248
57652682 130742844
115741321 130742844
152595803 152783912
152595803 13034709
152595803 130742844
152897527 130742844
23889687 130742844
