223827758 31543635
14180564 5646130
54394298 57232612
54394298 45433474
54394298 86095878
54394298 5646130
58384459 57232612
56971492 86095878
56971492 57232612
116124512 57232612
151772 655806044
151772 57232612
637991941 57232612
39394484 5646130
45433474 54394298
86095878 57232612
86095878 5646130
299728121 57232612
45455030 57232612
655806044 151772
5646130 86095878
5646130 56971492
5646130 39394484
5646130 161491900
5646130 83554756
5646130 14180564
5646130 54394298
555143072 57232612
161491900 57232612
83554756 48947383
83554756 5646130
48947383 57232612
48947383 83554756
