341939735 32719296
199998928 32719296
199998928 58421994
81918897 32719296
156556491 162480004
156556491 32719296
156556491 630305325
299995730 588960779
438869178 37897000
37897000 9295365
37897000 438869178
37897000 217761143
37897000 81953325
37897000 32719296
37897000 58488737
180969795 32719296
180969795 200012033
231863024 32719296
582500787 32719296
436167691 32719296
177038421 32719296
13601638 32719296
55119069 57652153
55119069 32719296
49017061 32719296
81953325 9295365
81953325 32719296
81953325 37897000
33838789 81918897
9295365 37897000
9295365 81953325
57651757 32719296
57651757 57652153
45059601 32719296
162480004 156556491
200012033 180969795
200012033 32719296
57994031 57848752
57652153 57651757
57652153 55119069
17780197 163885862
17780197 32719296
57848752 57994031
21900566 32719296
9798792 79847112
9798792 32719296
218729818 32719296
218729818 163885862
58488737 37897000
58488737 81918897
571563316 32719296
163885862 81918897
163885862 218729818
163885862 17780197
163885862 32719296
45163539 21343473
45163539 17780197
76281915 4435968
21343473 81918897
91255117 32719296
79847112 9798792
453946488 32719296
215709130 32719296
436167717 32719296
436167717 81918897
756470827 58421994
58421994 756470827
58421994 588960779
58421994 199998928
58421994 32719296
436151975 32719296
26095147 81918897
26095147 32719296
32719296 55119069
217761143 32719296
217761143 81918897
217761143 436167691
156872663 32719296
