60465411 6352463
113640014 21191866
605981211 6352463
105886349 6352463
21191866 65504587
21191866 298858581
21191866 6352463
21191866 72843371
21191866 7471989
7471989 421462329
7471989 21191866
7471989 28394814
7471989 142784105
7471989 72843371
7471989 9596966
7471989 6352463
301383739 6352463
9596966 31399832
9596966 52027603
9596966 99641338
9596966 7471989
9596966 6352463
205885436 72843371
836613412 6352463
25922551 9596966
25922551 21626784
25922551 72843371
25922551 6352463
9116942 21191866
9116942 57644699
9116942 72843371
9116942 21626784
9116942 6352463
11091523 6352463
45161745 6352463
298858581 21191866
364160472 6352463
152432220 6352463
49981636 6352463
133747315 6352463
142784105 6352463
142784105 72843371
142784105 7471989
142784105 812492681
142784105 421462329
118288396 6352463
22796002 72843371
22796002 812492681
22796002 6352463
33560451 6352463
421491882 6352463
99641338 52449217
99641338 6352463
421462329 142784105
421462329 6352463
72843371 21191866
72843371 57644699
72843371 205885436
72843371 104193005
72843371 205885513
72843371 22796002
72843371 142784105
72843371 7471989
72843371 812492681
72843371 9116942
72843371 21626784
72843371 25922551
72843371 6352463
52449217 223826930
52449217 99641338
663064377 6352463
45389091 57644699
269649067 6352463
836613759 6352463
24689214 6352463
89084483 6352463
50673881 6352463
421499825 6352463
57644699 21191866
57644699 268484234
57644699 6352463
57644699 72843371
499861710 6352463
834276472 6352463
812604310 6352463
298856912 6352463
139851402 6352463
104193005 21191866
104193005 298856912
104193005 22796002
104193005 72843371
104193005 6352463
318105111 6352463
833276177 6352463
208631797 6352463
223826930 52449217
421515253 6352463
52027603 9596966
52027603 6352463
224323285 6352463
689793758 52450033
689793758 6352463
123215405 6352463
424772122 6352463
126593505 6352463
812492681 72843371
812492681 6352463
812492681 142784105
812492681 22796002
421465774 6352463
205885513 6352463
205885513 72843371
52450086 6352463
187079510 6352463
21626784 72843371
21626784 9116942
21626784 6352463
55117488 52027603
55117488 6352463
31399832 9596966
421523093 6352463
76165766 6352463
541446445 6352463
167821330 6352463
327703492 28394814
52057458 6352463
52450033 689793758
65504587 21191866
65504587 6352463
57607250 6352463
139555048 6352463
645936115 6352463
224703187 6352463
57607176 6352463
34342755 6352463
268484234 57644699
28394814 327703492
28394814 7471989
28394814 6352463
298849194 6352463
152474153 6352463
