298806060 130495508
115797224 302688830
7580824 130495508
7580824 114391544
83466721 289200743
130495508 23014135
130495508 289185825
130495508 298806060
130495508 289200743
130495508 114391544
23014135 130495508
302688830 115797224
302688830 130495508
773053102 130495508
638970849 114391544
638970849 130495508
114391544 130495508
114391544 7580824
114391544 638970849
370753780 289200743
289200743 148708443
289200743 83466721
289200743 130495508
289200743 370753780
148708443 289200743
215936903 130495508
215936903 4059355
289185825 130495508
