9455556 33002418
9455556 13411192
54421996 33002418
54421996 59162757
54421996 52071137
54421996 19161249
54421996 124710325
54421996 112164364
54421996 37080791
54421996 130388857
81973632 224331020
81973632 240739620
81973632 55565027
81973632 33733451
81973632 52450783
81973632 316536857
59162757 33002418
59162757 54421996
59162757 6038909
59162757 52071137
59162757 55054331
59162757 57453258
59162757 67628100
59162757 52070884
59162757 23409861
59162757 19161249
59162757 92835372
59162757 112164364
59162757 37080791
59162757 86119389
59162757 21945240
59162757 58993678
59162757 13139115
21945240 59162757
21945240 33002418
21945240 54421996
21945240 19161249
21945240 92835372
21945240 130388857
21945240 58184117
21945240 86119389
21945240 299482793
21945240 31814499
21945240 57486117
21945240 72125330
21945240 58993678
21945240 13139115
21945240 52450783
130388857 299482793
130388857 31814499
130388857 58184117
130388857 58414789
130388857 29189018
130388857 92835372
130388857 54421996
130388857 316536857
130388857 58993678
130388857 13139115
130388857 52450783
130388857 33733451
223889540 52450783
240739620 81973632
240739620 52450783
240739620 58184117
29189018 19161249
29189018 130388857
29189018 58993678
29189018 52450783
4755853 17907378
4755853 97137100
134170519 634934002
13411192 33002418
218297052 52450783
112164364 33002418
112164364 54421996
112164364 59162757
112164364 19161249
112164364 130388857
58470541 52450783
19161249 81973632
19161249 33002418
19161249 54421996
19161249 298852386
19161249 59162757
19161249 6038909
19161249 223820053
19161249 31814499
19161249 92835372
19161249 29189018
19161249 72464292
19161249 298834423
19161249 21945240
19161249 58993678
291875109 52450783
92835372 59162757
92835372 55054331
92835372 67628100
92835372 31814499
92835372 57486117
92835372 223797963
92835372 19161249
92835372 130388857
92835372 316536857
92835372 86119389
92835372 21945240
92835372 58993678
92835372 52450783
5376984 57453258
5376984 52452237
5376984 57486117
17725756 291875109
17725756 13139115
17725756 52450783
643797354 52450783
6038909 33002418
6038909 59162757
6038909 268008477
6038909 52071137
6038909 57453258
6038909 31814499
6038909 19161249
216423268 57453258
216423268 52450783
216423268 86119389
298852386 19161249
298852386 299482793
298852386 29189018
298852386 52450783
58993678 57453258
58993678 55054331
58993678 92835372
58993678 298834423
58993678 5376984
58993678 52452237
58993678 57486117
58993678 21945240
58993678 223797963
58993678 19161249
58993678 130931954
58993678 72125330
58993678 59162757
58993678 52450783
72464292 31814499
72464292 316536857
72464292 52450783
72464292 58184117
58414789 33733451
58414789 130388857
58414789 72125330
655722596 59162757
67628100 81973632
67628100 33002418
67628100 58414789
67628100 19161249
67628100 92835372
67628100 29189018
67628100 37080791
67628100 130388857
67628100 52450783
57453258 5376984
57453258 6038909
57453258 52452237
57453258 58993678
57453258 52450783
46922421 130388857
55054247 52450783
55054247 130931954
224331020 81973632
224331020 298834423
224331020 52450783
316536857 72464292
316536857 223797963
316536857 92835372
316536857 17907378
316536857 81973632
316536857 130388857
316536857 52450783
57486117 65367457
57486117 5376984
57486117 205685134
57486117 55054331
57486117 57453258
57486117 223797963
57486117 92835372
57486117 130931954
57486117 72125330
57486117 21945240
57486117 58993678
152726622 52450783
17907378 299482793
17907378 4755853
17907378 316536857
17907378 13139115
17907378 52450783
37080791 17907378
37080791 58184117
37080791 130388857
37080791 13139115
37080791 52450783
37080791 33733451
298834423 224331020
298834423 19161249
298834423 52450783
298834423 58184117
205885322 33733451
130931954 52450783
130931954 58993678
52571670 52452237
13139115 46922421
13139115 17907378
13139115 130388857
13139115 17725756
13139115 52450783
9754283 19161249
9754283 52450783
421485851 52450783
23105522 52450783
52071137 33002418
52071137 54421996
52071137 59162757
52071137 6038909
86119389 59162757
86119389 92835372
86119389 216423268
86119389 21945240
65367457 57486117
65367457 223797963
58184117 31814499
58184117 72464292
58184117 55565027
58184117 240739620
58184117 37080791
58184117 17907378
58184117 299482793
58184117 130388857
58184117 58993678
58184117 52450783
58184117 33733451
52452237 5376984
52452237 205685134
52452237 57453258
52452237 52571670
52452237 223797963
52452237 72125330
52452237 58993678
52452237 52450783
23409861 59162757
72125330 55054331
72125330 223797963
72125330 57486117
72125330 58414789
72125330 205685134
72125330 52452237
72125330 21945240
72125330 58993678
72125330 52450783
634934002 134170519
55565027 58184117
55565027 52450783
33002418 54421996
33002418 59162757
33002418 6038909
33002418 67628100
33002418 13411192
33002418 19161249
33002418 112164364
52070884 59162757
33733451 81973632
33733451 124710325
33733451 130388857
33733451 13139115
33733451 58184117
33733451 19161249
33733451 299482793
33733451 205885322
33733451 52450783
33733451 58414789
33733451 17907378
55054331 5376984
55054331 205685134
55054331 59162757
55054331 57486117
55054331 223797963
55054331 92835372
55054331 130931954
55054331 72125330
55054331 130388857
55054331 58993678
55054331 52450783
52450783 223797963
52450783 152726622
52450783 55054331
52450783 58184117
52450783 57453258
52450783 17907378
52450783 92835372
52450783 67628100
52450783 13139115
52450783 130388857
52450783 72464292
52450783 643797354
52450783 81973632
52450783 58993678
52450783 9754283
52450783 240739620
52450783 223889540
52450783 298852386
52450783 31814499
52450783 291875109
52450783 33002418
52450783 298834423
52450783 72125330
205685134 57453258
205685134 52452237
205685134 57486117
205685134 52450783
205685134 72125330
124710325 59162757
223820053 298852386
223820053 57486117
223820053 19161249
223820053 58993678
223820053 13139115
223820053 52450783
97137100 4755853
97137100 37080791
223797963 65367457
223797963 55054331
223797963 52452237
223797963 57486117
223797963 92835372
223797963 72125330
223797963 52450783
223797963 58993678
223797963 316536857
31814499 6038909
31814499 19161249
31814499 92835372
31814499 72464292
31814499 58184117
31814499 130388857
31814499 21945240
31814499 52450783
