468827488 477673420
3810815 477673420
62102934 477673420
477673420 758969843
289192482 303295510
655893379 477673420
542152402 477673420
836611066 477673420
105797338 836611223
105797338 477673420
105797338 51680436
105797338 238037021
758969843 477673420
580900251 477673420
579256515 477673420
836611211 105797338
836611211 477673420
696415456 477673420
153201055 477673420
1451774 477673420
835925079 477673420
578974955 477673420
51680436 105797338
51680436 477673420
238037021 477673420
238027044 477673420
836610985 477673420
836610737 477673420
836610737 758969843
447929250 477673420
303295510 289192482
836610895 477673420
