6636102 102011585
6636102 155924009
6636102 71313373
6636102 86278997
6636102 45515546
6636102 24186868
6636102 129414709
6636102 133150821
127318469 155924009
127318469 71313373
127318469 86278997
127318469 24186868
129414709 86278997
129414709 6636102
129414709 127318469
155924009 127318469
155924009 24186868
155924009 6636102
71313373 86278997
71313373 6636102
71313373 24186868
71313373 127318469
86278997 127318469
86278997 24186868
86278997 6636102
86278997 71313373
24186868 155924009
24186868 86278997
24186868 6636102
24186868 127318469
24186868 133150821
82280797 155924009
102011585 6636102
133150821 24186868
133150821 45515546
133150821 6636102
133150821 155924009
61274110 6636102
45515546 133150821
45515546 6636102
