44688986 127171550
684083146 127171550
224374920 127171550
48659120 127171550
48111737 127171550
171461002 127171550
82641480 127171550
179986915 127171550
83642326 127171550
21764981 22139880
22139880 21764981
302904491 127171550
744212297 127171550
175152317 127171550
15536826 24323154
15536826 127171550
620294145 127171550
836395794 44981881
836395794 127171550
57536231 24323154
92285519 127171550
683860022 127171550
12244827 127171550
812474693 127171550
683713627 127171550
19068515 127171550
19068515 24323154
44158219 127171550
57740339 24323154
48705566 127171550
95074931 127171550
44981881 836395794
44981881 127171550
650721390 127171550
623589606 127171550
156529176 127171550
43916910 127171550
685003941 127171550
180393146 127171550
449282533 127171550
57449889 127171550
