225427878 298806570
225427878 298805852
225427878 341036619
125999178 49277092
77946084 130533593
149152101 175170315
341036619 225427878
666740965 225427878
130533593 77946084
54477101 52019859
455691133 175170315
650558377 703978206
703978206 650558377
164837205 175170315
200116877 734790148
200116877 689362234
298805852 225427878
175170315 164837205
175170315 149152101
689362234 200116877
734790148 200116877
578996835 323102928
578996835 73302161
298806570 225427878
7496722 39806995
323102928 578996835
50654200 225427878
52019859 54477101
49277092 125999178
