49773617 38213693
38213693 73761495
127397568 38213693
636418305 38213693
219738470 38213693
836612555 38213693
212661772 38213693
5290477 38213693
163987857 38213693
166928619 38213693
175023880 38213693
7640935 38213693
534248525 38213693
73542097 38213693
29666087 38213693
323983652 38213693
247941456 38213693
128178113 38213693
52552691 34920763
141143739 38213693
73761495 38213693
57486193 38213693
177061674 38213693
34920763 38213693
34920763 2220673
71700013 38213693
115389562 38213693
94990690 38213693
240131973 38213693
497370932 38213693
154957218 38213693
20488049 16993611
156357677 38213693
67144982 38213693
68933994 38213693
542898262 38213693
136733388 38213693
44635659 38213693
62000739 38213693
122713530 38213693
16993611 20488049
209666804 38213693
275045928 38213693
12989815 38213693
169540089 38213693
30075623 38213693
99919733 38213693
532406842 38213693
103592114 38213693
136395402 38213693
836614374 38213693
71299671 38213693
636965815 38213693
581184679 38213693
58350147 38213693
21400902 38213693
18308046 38213693
134562973 38213693
2220673 38213693
349783330 38213693
44745501 38213693
836612345 38213693
39971295 38213693
