15508227 15067740
48892344 97400128
96198821 57472842
32216849 15102863
32216849 97400128
15102863 134239660
15102863 32216849
15067740 37811751
15067740 15508227
127773009 37811751
13707218 97400128
715430559 97400128
131597323 97400128
20503352 97400128
20542191 97400128
20542191 25740090
20542191 61241862
20542191 15102863
20542191 96198821
20542191 26796796
39687123 15102863
257897644 704641509
257897644 50642881
257897644 32216849
39329788 97400128
39329788 32216849
134239660 15102863
134239660 32216849
9302389 97400128
211526334 127773009
62297123 40338975
99683071 97400128
57472842 96198821
37811751 15067740
37811751 127773009
704641509 50642881
704641509 257897644
54417391 97400128
50642881 704641509
50642881 257897644
6048783 97400128
136098557 20542191
