123284233 5680245
123284233 97116049
97137090 128573201
49059292 5680245
52107592 6992225
128617673 496498865
50855174 46487369
32455826 5680245
32455826 38012579
5680245 34786516
5680245 218307652
5680245 78282737
127474401 21851137
44231174 12118387
44231174 60110319
642177299 84293115
12118387 48478957
12118387 82811522
12118387 47848904
12118387 74421799
12118387 6992225
12118387 44231174
12118387 34245908
58139245 5680245
6992225 12118387
6992225 21851137
21851137 127474401
21851137 90527612
754790420 104899616
191870827 21851137
97116049 123284233
435270718 21851137
435270718 833965167
140115737 21851137
60110319 46487369
60110319 82811522
60110319 44231174
57595218 5680245
74421799 12118387
74421799 129790503
191888703 52107592
218307652 5680245
78282737 5680245
78282737 9120572
34786516 128573201
34786516 5680245
34786516 21851137
215169851 5680245
603513993 21851137
46487369 50855174
46487369 60110319
44016864 5680245
9120572 205683185
205683185 9120572
43905069 5680245
496498865 128617673
128573201 5680245
128573201 97137090
128573201 34786516
833965167 435270718
60306459 5680245
47848904 12118387
47848904 44351490
90527612 21851137
62140616 5680245
84293115 642177299
38012579 5680245
38012579 218307652
79672645 9120572
82811522 12118387
82811522 127386765
82811522 60110319
34245908 12118387
129790503 5680245
129790503 127386765
48478957 12118387
20602005 5680245
