84927465 57646095
84927465 127629335
84927465 152541923
84927465 12999029
84927465 57644350
84927465 82655344
84927465 6867745
84927465 57652137
84927465 27261385
210361081 57646095
210361081 127629335
210361081 50878876
210361081 57644350
210361081 57646749
210361081 27261385
152602812 175152165
152602812 57646749
152602812 6867745
152578104 57646095
152578104 127629335
152578104 210214345
152578104 57644350
152578104 44758935
152578104 27261385
15313544 127629335
58105373 57646749
82644668 127629335
82644668 57644350
82644668 57646749
82644668 175152165
82644668 27261385
210214345 152578104
210214345 57646095
210214345 152541923
210214345 57644350
175152165 57646095
175152165 152930636
175152165 2520354
175152165 127629335
175152165 152602812
175152165 152541923
175152165 152728478
175152165 52225215
175152165 57646749
175152165 56842002
175152165 82655344
175152165 6867745
175152165 82644668
175152165 57652137
175152165 27261385
175152165 210192025
40611346 127629335
9211898 127629335
57646095 152578104
57646095 210266110
57646095 101697475
57646095 210361081
57646095 833343981
57646095 175152165
57646095 2520354
57646095 127629335
57646095 82655344
57646095 152940979
57646095 152932807
57646095 210214345
57646095 57644350
57646095 57646749
57646095 52225215
57646095 12999029
57646095 84927465
57646095 6867745
57646095 210263871
57646095 57652137
57646095 138675351
57646095 27261385
57646095 210192025
57646749 210361081
57646749 57646095
57646749 152930636
57646749 152602812
57646749 42725581
57646749 58105373
57646749 152541923
57646749 152728478
57646749 52225215
57646749 152940979
57646749 36895440
57646749 301957601
57646749 57644350
57646749 175152165
57646749 56842002
57646749 130229286
57646749 51701245
57646749 101697475
57646749 82655344
57646749 82644668
57646749 57652137
57646749 138675351
57646749 27261385
12999029 57646095
12999029 39902219
12999029 127629335
12999029 84927465
2520354 57646095
2520354 175152165
2520354 127629335
676738108 127629335
25601641 127629335
25601641 42725581
51701245 127629335
51701245 57646749
51701245 152541923
51701245 57652137
132784261 127629335
210192025 57646095
210192025 27261385
210192025 82644668
210192025 152541923
210192025 175152165
210192025 6867745
210192025 127629335
130229286 57646749
301957601 127629335
301957601 57646749
301957601 130229286
52225215 57646095
52225215 175152165
52225215 127629335
52225215 152541923
52225215 57644350
52225215 138675351
581551275 127629335
581044990 127629335
152904638 127629335
152940979 57646095
152940979 39902219
152940979 57644350
152940979 57646749
36895440 127629335
36895440 57644350
36895440 57646749
36895440 82655344
36895440 6867745
36895440 27261385
27261385 84927465
27261385 101697475
27261385 82655344
27261385 82644668
27261385 57646095
27261385 44758935
27261385 210361081
27261385 36895440
27261385 298852406
27261385 57644350
27261385 210263871
27261385 152578104
27261385 57646749
27261385 39902219
27261385 127629335
27261385 175152165
82655344 57646095
82655344 152930636
82655344 127629335
82655344 152932807
82655344 152541923
82655344 36895440
82655344 57644350
82655344 57646749
82655344 175152165
82655344 56842002
82655344 101697475
82655344 84927465
82655344 6867745
82655344 210263871
82655344 57652137
82655344 27261385
82652387 127629335
210257164 127629335
210257164 6867745
210257164 138675351
581677624 127629335
298852406 27261385
582130604 127629335
210266110 210253479
210266110 57646095
210266110 127629335
155820138 127629335
155820138 6867745
210263871 57646095
210263871 82655344
210263871 57644350
210263871 27261385
58105791 127629335
58105791 57644350
58105791 6867745
58105791 57652137
152932807 57646095
152932807 127629335
152932807 82655344
152932807 57644350
210228298 127629335
607447788 127629335
138675351 6867745
138675351 57644350
138675351 152728478
138675351 152930636
138675351 127629335
138675351 57646095
138675351 210257164
138675351 57646749
728523838 127629335
216084331 127629335
216084331 152541923
42725581 25601641
42725581 127629335
42725581 57646749
42725581 210263871
833343981 57646095
833343981 127629335
56842002 152930636
56842002 57644350
56842002 57646749
56842002 175152165
56842002 82655344
56842002 57652137
152855304 127629335
152855304 57644350
121947706 127629335
12392995 127629335
101697475 210253479
101697475 57646095
101697475 127629335
101697475 57646749
101697475 82655344
101697475 27261385
6867745 57646095
6867745 39902219
6867745 155820138
6867745 127629335
6867745 152602812
6867745 58105791
6867745 152541923
6867745 210257164
6867745 57644350
6867745 175152165
6867745 82655344
6867745 84927465
6867745 36895440
6867745 210192025
36472256 127629335
581401564 127629335
50878876 210361081
50878876 127629335
210253479 210266110
210253479 101697475
210253479 127629335
836613884 127629335
169255530 127629335
39902219 127629335
39902219 152940979
39902219 12999029
39902219 84927465
39902219 6867745
39902219 27261385
152930636 175152165
152930636 127629335
152930636 82655344
152930636 56842002
152930636 57644350
152930636 57646749
57644350 152578104
57644350 210361081
57644350 57646095
57644350 152930636
57644350 58105791
57644350 152932807
57644350 152855304
57644350 152904638
57644350 152728478
57644350 210214345
57644350 44758935
57644350 52225215
57644350 152940979
57644350 36895440
57644350 57646749
57644350 56842002
57644350 130229286
57644350 82655344
57644350 84927465
57644350 6867745
57644350 82644668
57644350 210263871
57644350 138675351
57644350 27261385
152541923 175152165
152541923 127629335
152541923 82655344
152541923 152728478
152541923 210214345
152541923 57646749
152541923 52225215
152541923 84927465
152541923 6867745
152541923 51701245
152541923 57652137
152541923 210192025
57652137 82655344
57652137 57646749
57652137 57646095
57652137 127629335
57652137 152541923
57652137 84927465
57652137 58105791
57652137 163791775
57652137 175152165
57652137 56842002
57652137 51701245
581072404 127629335
44758935 152578104
44758935 127629335
44758935 57644350
44758935 27261385
152728478 175152165
152728478 127629335
152728478 57644350
152728478 57646749
152728478 130229286
581240199 127629335
291769159 127629335
163791775 51701245
163791775 57652137
