10121946 152913664
10121946 58441632
10121946 85826429
10121946 59969409
10121946 68886725
10121946 5301523
10121946 58031162
10121946 50871114
10121946 93826244
517274841 58441632
500930271 58441653
500930271 58441632
57167673 58441653
57167673 73636147
57167673 58441632
58441653 58441632
129848717 58441653
129848717 58441632
363792645 58441632
62306778 58441653
62306778 58441632
777357141 58441632
152932772 58441653
152932772 58441632
115371917 58441653
115371917 10121946
58441632 58441653
5301523 58441632
5301523 85826429
5301523 10121946
57653910 58441653
57653910 58441632
59969409 10121946
836194017 58441632
73636147 57167673
604224199 58441653
604224199 58441632
85826429 14523551
85826429 10121946
85826429 58441632
155834246 58441632
58064974 10121946
58064974 58441632
58064974 115371917
52046114 58441632
58031162 10121946
581494180 58441653
581494180 58441632
237824715 58441632
14523551 152913664
14523551 58441632
14523551 85826429
14523551 68886725
152913664 14523551
152913664 10121946
152913664 58441632
152593262 10121946
581457634 58441632
152817219 58441653
152817219 58441632
68886725 14523551
68886725 10121946
68886725 58441632
93826244 10121946
93826244 58441632
836226710 58441632
36843724 58441632
50871114 58441632
50871114 10121946
