57070223 81850344
630333639 60279744
630333639 31084243
836614454 81850344
144781185 154804944
144781185 374511679
144781185 19913927
144781185 31084243
90811877 81850344
155423057 19913927
155423057 31084243
154804944 31084243
154804944 19913927
60279744 60281962
60279744 19913927
60279744 31084243
129497281 19913927
8379314 81850344
8379314 19913927
836613898 31084243
60281962 19913927
60281962 31084243
374466744 60281962
374511679 81850344
374511679 154804944
374511679 19913927
374511679 31084243
497792354 19913927
81850344 27509490
81850344 31084243
31084243 81850344
31084243 27509490
31084243 60281962
31084243 19913927
60270514 81850344
316272198 19913927
497800112 19913927
497800112 31084243
26442998 81850344
26442998 31084243
3611482 81850344
3611482 31084243
89081891 81850344
184489856 31084243
72463249 81850344
72463249 19913927
72463249 31084243
175164344 31084243
27509490 81850344
27509490 33987353
27509490 31084243
10025543 19913927
374529530 81850344
374529530 60281962
374529530 31084243
142744018 31084243
374542686 19913927
112741615 31084243
57236551 81850344
49332230 81850344
314195696 81850344
1760398 81850344
19913927 81850344
19913927 154804944
19913927 60281962
19913927 8379314
19913927 129292837
54419495 81850344
54419495 60281962
54419495 19913927
54419495 31084243
97271708 81850344
97271708 60281962
97271708 31084243
5306965 81850344
5306965 31084243
20705543 81850344
129292837 31084243
129292837 19913927
536927619 31084243
72472712 81850344
72472712 19913927
72472712 129292837
72472712 31084243
604202946 81850344
604202946 154804944
61747482 81850344
61747482 60281962
61747482 19913927
61747482 31084243
514684400 81850344
514684400 19913927
514684400 31084243
76412478 19913927
92035564 81850344
92035564 31084243
85829446 81850344
85829446 31084243
52239424 81850344
60466559 81850344
60466559 60281962
60466559 19913927
60466559 31084243
45625284 81850344
45625284 19913927
45625284 31084243
104763992 81850344
33987353 81850344
33987353 19913927
60278711 19913927
60278711 60281962
155430584 154804944
155430584 60281962
155430584 31084243
95687508 154804944
95687508 31084243
