72524771 58515100
72524771 52344017
72524771 21403842
37396612 52344017
37396612 21403842
37396612 58515100
9994128 52344017
9994128 21403842
21403842 95755831
21403842 130559751
21403842 58515100
21403842 48878394
21403842 52344017
21403842 83514982
21403842 21473658
49044166 58515100
132996571 58515100
132996571 52344017
132996571 21403842
128242175 21403842
128242175 52344017
363401854 21403842
132797873 21403842
30014798 58515100
30014798 21403842
52137529 95755831
52137529 58515100
52137529 142549688
52137529 52344017
52137529 21403842
95755831 58515100
95755831 52344017
95755831 21403842
83514982 58515100
83514982 52344017
83514982 21403842
106825654 21403842
127368359 21403842
127368359 52344017
52344017 95755831
52344017 130559751
52344017 58515100
52344017 291380921
52344017 21403842
142549688 52137529
54654721 58515100
54654721 52344017
54654721 21403842
58515100 130559751
58515100 45015384
58515100 52344017
58515100 291380921
58515100 21403842
130559751 52344017
130559751 291380921
61240179 58515100
61240179 52344017
61240179 21403842
679984032 58515100
679984032 21403842
196849556 58515100
196849556 52344017
196849556 21403842
13748911 52344017
13748911 21403842
50207283 52344017
50207283 21403842
291380921 58515100
291380921 52344017
45015384 58515100
45015384 52344017
45015384 21403842
54316103 58515100
54316103 52344017
54316103 21403842
24177575 52344017
24177575 21403842
17739865 58515100
17739865 52344017
17739865 21403842
17739865 13748911
126691198 58515100
126691198 52344017
126691198 21403842
126691198 13748911
305911648 52344017
814832707 58515100
814832707 21403842
50615034 58515100
50615034 21403842
8988580 21473658
8988580 21403842
160500527 95755831
160500527 58515100
160500527 52344017
160500527 21403842
132689079 52344017
139408890 130559751
55120676 58515100
55120676 52344017
55120676 21403842
23556271 21403842
11135949 28898567
11135949 52344017
21473658 58515100
21473658 21403842
28898567 52344017
28898567 9994128
28898567 21403842
28898567 11135949
23394767 52344017
31087952 21403842
29006358 52344017
29006358 21403842
49295800 52344017
48878394 58515100
48878394 21403842
48878394 52344017
23374614 21403842
