6308373 73787089
93452662 308090406
604089654 61532036
80522096 73787089
44542635 61532036
226504735 61532036
687009969 61532036
166924048 61532036
308090406 73787089
308090406 93452662
562708037 155538837
73296692 73787089
130108850 33756631
130108850 61532036
73787089 308090406
73787089 62368020
73787089 6308373
73787089 155538837
73787089 73296692
73787089 78573607
73787089 80522096
54255434 61532036
21273814 61532036
12142618 61532036
33645868 61532036
26467585 61532036
54314463 61532036
62368020 73787089
92740831 61532036
45498408 61532036
78573607 73787089
33756631 130108850
200074570 61532036
155538837 6308373
