22837393 31084925
22837393 57651925
22837393 57645809
22837393 152858158
22837393 44761377
44687545 27691253
44687545 57645809
44687545 152681182
44687545 210240989
120646068 31084925
120646068 14913206
120646068 57645809
120646068 60710960
101698309 147944641
101698309 57651925
14913206 31084925
14913206 128948318
14913206 210240989
14913206 57646911
14913206 57645809
14913206 152581593
14913206 155848076
14913206 120646068
14913206 60693149
14913206 25136526
14913206 67521755
14913206 152485928
14913206 152880420
14913206 57647957
14913206 22232013
14913206 60710960
14913206 57847265
57645809 129828082
57645809 147944641
57645809 57645016
57645809 31084925
57645809 57651925
57645809 27691253
57645809 14913206
57645809 172784848
57645809 582924824
57645809 57652451
57645809 22837393
57645809 58300200
57645809 15104225
57645809 152931811
57645809 120646068
57645809 44760167
57645809 60693149
57645809 67521755
57645809 152880420
57645809 57647957
57645809 22232013
57645809 60710960
57645809 65340590
57645809 152858158
57645809 44687545
533293157 57651925
58300200 210191197
58300200 210240989
58300200 57646911
58300200 57645809
58300200 152819257
58300200 67521755
58300200 60710960
57651925 210191197
57651925 52572044
57651925 128948318
57651925 101698309
57651925 57645809
57651925 57652451
57651925 152819257
57651925 22837393
57651925 145456316
57651925 15104225
57651925 581438784
57651925 44760167
57651925 60693149
57651925 86563809
57651925 67521755
57651925 152447543
57651925 601612389
57651925 152880420
57651925 210199730
57651925 580971346
57651925 152939423
57651925 57847265
57651925 95518526
57651925 145458546
152939423 57651925
152939423 152504987
57645016 57645809
57645016 152581593
147944641 31084925
147944641 101698309
147944641 57646911
147944641 57645809
147944641 57652451
147944641 145456316
147944641 15104225
147944641 60693149
147944641 57647957
147944641 60710960
132686372 60710960
152954735 44760167
152954735 60710960
634030727 57652451
139510836 31084925
60693149 147944641
60693149 210238972
60693149 31084925
60693149 52572044
60693149 128948318
60693149 57651925
60693149 210240989
60693149 14913206
60693149 57646911
60693149 57645809
60693149 152681182
60693149 15104225
60693149 152931811
60693149 65263640
60693149 44760167
60693149 86563809
60693149 152880420
60693149 57647957
60693149 60710960
57647957 147944641
57647957 31084925
57647957 27691253
57647957 14913206
57647957 57646911
57647957 57645809
57647957 44760167
57647957 60693149
57647957 67521755
57647957 57847265
95518526 152447758
95518526 57651925
95518526 152504987
172784848 57645809
27691253 31084925
27691253 57646911
27691253 57645809
27691253 57652451
27691253 152681182
27691253 15104225
27691253 44760167
27691253 25136526
27691253 57647957
27691253 152858158
27691253 145458546
57646911 147944641
57646911 210238972
57646911 31084925
57646911 210240989
57646911 27691253
57646911 14913206
57646911 58300200
57646911 15104225
57646911 44760167
57646911 60693149
57646911 57647957
57646911 22232013
57646911 152858158
210191197 57651925
210191197 49207229
210191197 58300200
210191197 25136526
210191197 152880420
129828082 57645809
129828082 152934153
128948318 31084925
128948318 57651925
128948318 44760167
128948318 60693149
601612389 57651925
601612389 813407869
601612389 298830727
152819257 57651925
152819257 58300200
65263640 60693149
44760167 31084925
44760167 128948318
44760167 57651925
44760167 27691253
44760167 57654232
44760167 57646911
44760167 57645809
44760167 57652451
44760167 152954735
44760167 155848076
44760167 15104225
44760167 60693149
44760167 86563809
44760167 67521755
44760167 210199744
44760167 152880420
44760167 57647957
44760167 57847265
44760167 152858158
152858158 60710960
152858158 57646911
152858158 44760167
152858158 31084925
152858158 27691253
152858158 210240989
152858158 57645809
152858158 57654232
152858158 22837393
152858158 22232013
152858158 44761377
152927656 22232013
155848076 31084925
155848076 14913206
155848076 44760167
155848076 152927656
152504987 95518526
152896570 65340590
152933641 210238972
152933641 31084925
152933641 210240989
25136526 210191197
25136526 27691253
25136526 14913206
25136526 22144371
49207229 210191197
49207229 50839246
49207229 60710960
210199730 57651925
581438784 57651925
581438784 152931811
581438784 50839246
57847265 44760167
57847265 14913206
57847265 24665788
57847265 210240989
57847265 57651925
57847265 57645809
57847265 58153093
57847265 57652451
57847265 57647957
57847265 152857889
210240989 31084925
210240989 57654232
210240989 57646911
210240989 152681182
210240989 58300200
210240989 60693149
210240989 152933641
210240989 67521755
210240989 57847265
210240989 44687545
210238972 31084925
210238972 57646911
210238972 57652451
210238972 93637280
210238972 60693149
210238972 152933641
210238972 145458546
152857889 57847265
580971346 57651925
580971346 42081635
93637280 210238972
152581593 57645016
152581593 22232013
582924824 57645809
57451326 22672039
210266251 65340590
67521755 57651925
67521755 210240989
67521755 14913206
67521755 57645809
67521755 155848076
67521755 58300200
67521755 44760167
67521755 57647957
44761377 22837393
44761377 57654232
60710960 147944641
60710960 31084925
60710960 14913206
60710960 57645809
60710960 152954735
60710960 49207229
60710960 58300200
60710960 120646068
60710960 60693149
60710960 132686372
60710960 50839246
60710960 152858158
145456316 147944641
145456316 57651925
145456316 101698309
145456316 57654232
22144371 25136526
22144371 86563809
22232013 31084925
22232013 14913206
22232013 57646911
22232013 57645809
22232013 541448891
22232013 152581593
22232013 215746559
22232013 65340590
22232013 152927656
58153093 57847265
58153093 57652451
152931811 31084925
152931811 581938200
152931811 57645809
152931811 581438784
152931811 60693149
581938200 152581593
581938200 152931811
57654232 210240989
57654232 145456316
57654232 15104225
57654232 44760167
57654232 86563809
152447543 57651925
152681182 210240989
152681182 27691253
152681182 60693149
152681182 44687545
22672039 50839246
22672039 22232013
15104225 147944641
15104225 31084925
15104225 57651925
15104225 27691253
15104225 57654232
15104225 57646911
15104225 57645809
15104225 44760167
15104225 60693149
15104225 210199744
15104225 65340590
15104225 145458546
50839246 31084925
50839246 210266251
50839246 49207229
50839246 22672039
50839246 581438784
50839246 44760167
50839246 60710960
31084925 147944641
31084925 210238972
31084925 128948318
31084925 210240989
31084925 27691253
31084925 14913206
31084925 57646911
31084925 57645809
31084925 57652451
31084925 22837393
31084925 15104225
31084925 152931811
31084925 120646068
31084925 44760167
31084925 60693149
31084925 152933641
31084925 139510836
31084925 152880420
31084925 50839246
31084925 57647957
31084925 22232013
31084925 60710960
31084925 65340590
31084925 152858158
31084925 145458546
813407869 601612389
152447758 95518526
57652451 147944641
57652451 210238972
57652451 31084925
57652451 57651925
57652451 27691253
57652451 57645809
57652451 44760167
57652451 58153093
57652451 634030727
57652451 57847265
298830727 601612389
152506701 95518526
152880420 210191197
152880420 31084925
152880420 57651925
152880420 14913206
152880420 57645809
152880420 44760167
152880420 60693149
145458546 31084925
145458546 27691253
145458546 210238972
145458546 57651925
145458546 15104225
65340590 22232013
65340590 57645809
65340590 31084925
65340590 152896570
65340590 210266251
65340590 101698309
65340590 15104225
210199744 15104225
210199744 44760167
52572044 57651925
52572044 60693149
52572044 152934153
215746559 57654232
86563809 57651925
86563809 57654232
86563809 44760167
86563809 60693149
