241517975 20708378
241517975 221188594
241517975 28012613
241517975 237480596
54227095 20708378
221188594 20708378
221188594 364837412
237480596 20708378
237480596 114391520
237480596 241517975
237480596 836610834
237480596 180606924
237480596 28012613
836610834 221188594
836610834 20708378
20708378 237480596
20708378 28012613
20708378 180606924
20708378 836610834
20708378 241517975
20708378 114391520
20708378 221188594
28012613 237480596
28012613 180606924
28012613 20708378
28012613 221188594
28012613 114391520
28012613 241517975
28012613 836610834
62482019 20708378
62482019 221188594
62482019 836610834
62482019 364837412
114391520 237480596
114391520 28012613
114391520 180606924
114391520 836610834
114391520 221188594
114391520 20708378
364837412 62482019
364837412 221188594
180606924 20708378
