152941560 57589940
152941560 23518497
152481696 23518497
812488751 212789233
812488751 23518497
812488751 253933660
833336861 23518497
833336861 212789233
277767158 11960330
277767158 23518497
277767158 212789233
4254978 78810069
4254978 23518497
58359316 23518497
633951208 212789233
78810069 4254978
78810069 23518497
5966802 23518497
487511799 212789233
487511799 152502516
487511799 23518497
30641682 95518526
58157115 23518497
58157115 52582630
21522831 23518497
21522831 11960330
23814996 23518497
756501573 212789233
756501573 756503791
756501573 23518497
152502516 212789233
152502516 45022911
152502516 23518497
152502516 487511799
421461889 45022911
421461889 23518497
421461889 11960330
421461889 49253401
833334773 11960330
58183352 32291467
58183352 23518497
58183352 95518526
129771398 212789233
129771398 11960330
129771398 23518497
152905164 23518497
212789233 23518497
212789233 114837199
95518526 152733149
95518526 23518497
95518526 212789233
95518526 421465012
95518526 58423980
95518526 58183352
95518526 49253401
220847921 212789233
98993262 23518497
152696082 212789233
152696082 23518497
152696082 11960330
152696082 114837199
152696082 49253401
57764406 772327954
833579511 756503791
833579511 11960330
152733149 49253401
152733149 95518526
541451602 212789233
541451602 11960330
172467989 45022911
172467989 23518497
253933660 49253401
253933660 152815773
253933660 812488751
253933660 128553969
253933660 23518497
253933660 772327954
642483680 23518497
114837199 756506177
114837199 65340590
114837199 212789233
114837199 49253401
114837199 23518497
114837199 152730461
114837199 11960330
114837199 129771398
82638879 32291467
32291467 27960204
32291467 82638879
32291467 14429665
32291467 152815773
32291467 152733149
58073895 65340590
58423980 95518526
215374780 49253401
45022911 212789233
45022911 172467989
45022911 421461889
45022911 23518497
45022911 11960330
45022911 49253401
152529106 23518497
696955362 11960330
319459175 23518497
49253401 215374780
49253401 212789233
49253401 11960330
49253401 152696082
49253401 1768847
49253401 23518497
49253401 152730461
49253401 114837199
756503688 152730461
756503688 23518497
756503688 11960330
833305244 23518497
833305244 11960330
833305244 152696082
833305244 212789233
833305244 152502516
152858845 23518497
772327954 23518497
772327954 57764406
772327954 253933660
11960330 23518497
11960330 212789233
11960330 25301660
11960330 114837199
149566236 23518497
128553969 23518497
128553969 253933660
111697702 23518497
152730461 212789233
152730461 152696082
152730461 23518497
152730461 11960330
152730461 114837199
152730461 49253401
152730461 52582630
833336999 11960330
833336999 23518497
149546384 49253401
522435609 212789233
522435609 23518497
522435609 11960330
32695906 116151975
32695906 129771398
32695906 130748221
32695906 212789233
32695906 666654217
32695906 65340590
32695906 23518497
32695906 11960330
32695906 49253401
152505810 95518526
756506177 23518497
152815773 82638879
152815773 32291467
152815773 23518497
152815773 11960330
152815773 253933660
1768847 23518497
1768847 212789233
1768847 11960330
1768847 49253401
1768847 114837199
25301660 23518497
25301660 11960330
18272009 95518526
116151975 11960330
130748221 49253401
130748221 833305244
130748221 23518497
130748221 65340590
601627835 23518497
152957162 23518497
152957162 11960330
120544454 23518497
52582630 212789233
52582630 58157115
52582630 23518497
52582630 152730461
52582630 152696082
52582630 11960330
52582630 114837199
57589940 152941560
788843478 23518497
14429665 27960204
14429665 32291467
14429665 23518497
27960204 32291467
27960204 14429665
27960204 23518497
421465012 212789233
421465012 23518497
152473907 23518497
582742692 23518497
65393165 11960330
23518497 129771398
23518497 65340590
23518497 152957162
23518497 487511799
23518497 130748221
23518497 32695906
23518497 120544454
23518497 212789233
23518497 27960204
23518497 277767158
23518497 152696082
23518497 4254978
23518497 78810069
23518497 152815773
23518497 58157115
23518497 152730461
23518497 45022911
23518497 152858845
23518497 172467989
23518497 319459175
23518497 152529106
23518497 152473907
23518497 152941560
23518497 149566236
23518497 58183352
23518497 14429665
23518497 756503791
23518497 98993262
23518497 833336999
23518497 601627835
23518497 756506177
23518497 666654217
23518497 421465012
23518497 152502516
23518497 421474809
23518497 152905164
23518497 128553969
23518497 812488751
23518497 58359316
23518497 756503688
23518497 582742692
23518497 788843478
23518497 833334773
23518497 642483680
23518497 111697702
23518497 132483922
23518497 421461889
23518497 152541000
23518497 23814996
23518497 58423980
23518497 756501573
23518497 11960330
23518497 833336861
23518497 1768847
23518497 833305244
23518497 52582630
23518497 25301660
23518497 11893515
23518497 49253401
23518497 114837199
23518497 772327954
23518497 253933660
23518497 5966802
11893515 23518497
65340590 212789233
65340590 23518497
65340590 11960330
65340590 49253401
65340590 114837199
756503791 756501573
756503791 833579511
756503791 212789233
756503791 11960330
756503791 23518497
152541000 212789233
152541000 23518497
132483922 23518497
