210196772 57650990
210196772 58519792
210196772 152818106
210196772 128732467
306411962 58519792
476746168 58519792
634084281 58519792
57648743 57650259
57648743 65397580
57648743 12170124
57648743 58519792
57648743 128501520
57648743 152818106
57648743 152628947
57648743 152592834
57648743 72446265
57648743 31415083
57648743 44755085
534809689 58519792
653361708 58519792
35003019 152845727
35003019 58519792
278571169 58519792
580911971 83304783
580911971 128501520
580911971 58519792
580911971 40034927
80640629 58519792
833698459 58519792
86444192 58519792
40034927 152818106
40034927 3218184
40034927 58519792
54912254 57650990
54912254 12170124
54912254 152592834
54912254 210195584
54912254 58519792
54912254 31415083
3218184 57650990
3218184 78390418
3218184 12170124
3218184 152811274
3218184 128501520
3218184 58519792
3218184 57650259
3218184 31415083
3218184 40034927
3218184 128732467
102912966 58519792
581984794 12170124
581984794 58519792
581984794 128501520
581984794 268652416
101696986 128732467
101696986 58519792
834654341 58519792
836612876 58519792
152811274 58519792
152811274 3218184
634959028 58519792
834495717 58519792
836614345 58519792
635868529 57650990
635868529 12170124
635868529 58519792
635868529 152674634
804773929 58519792
162039941 58519792
128970364 58519792
152628947 58519792
152628947 57648743
210187613 58519792
210187613 3218184
210187613 728428507
210187613 31415083
12170124 635868529
12170124 581984794
12170124 128732467
12170124 806257443
12170124 54912254
12170124 58519792
12170124 3218184
12170124 57648743
12170124 31415083
12170124 44755085
65385355 58519792
154995670 58519792
806257443 12170124
806257443 58519792
806250112 58519792
128732467 12170124
128732467 728428507
128732467 128501520
128732467 58519792
128732467 210196772
362911470 58519792
728428507 58519792
581940468 58519792
152674634 635868529
152674634 58519792
836613006 58519792
178069248 58519792
57650259 57650990
57650259 152592834
57650259 57648743
57650259 44755085
57650259 3218184
57650259 58519792
57650259 31415083
581336418 58519792
581336418 31415083
581552601 58519792
505710802 58519792
581910227 58519792
84704083 58519792
152601624 57650990
152601624 58519792
152818106 58519792
152818106 40034927
152818106 210196772
152818106 57648743
833603157 58519792
72446265 58519792
72446265 57648743
132650219 58519792
83304783 58519792
83304783 580911971
790480026 58519792
833514999 58519792
31415083 57650990
31415083 210187124
31415083 12170124
31415083 210187613
31415083 152592834
31415083 57648743
31415083 44755085
31415083 210195584
31415083 54912254
31415083 3218184
31415083 58519792
31415083 57650259
31415083 581336418
207069988 58519792
38152213 58519792
268652416 581984794
268652416 728428507
268652416 152592834
268652416 58519792
139239484 58519792
199901566 58519792
210195584 54912254
210195584 58519792
210195584 31415083
57650990 635868529
57650990 57650259
57650990 152601624
57650990 54912254
57650990 58519792
57650990 210196772
57650990 3218184
57650990 152592834
57650990 31415083
47220442 58519792
210187124 58519792
210187124 31415083
836612027 58519792
152592834 57650990
152592834 57650259
152592834 54912254
152592834 58519792
152592834 268652416
152592834 57648743
152592834 31415083
58491141 58519792
78390418 58519792
78390418 3218184
128501520 128732467
128501520 58519792
128501520 3218184
128501520 580911971
542967825 58519792
836612682 58519792
44755085 57650259
44755085 12170124
44755085 58519792
44755085 57648743
44755085 31415083
65397580 57648743
65397580 58519792
