833813656 127503182
431968489 127503182
497734726 127503182
65412789 51028157
49908307 127503182
219782811 668821782
219782811 127503182
37613444 127503182
247463858 833319148
247463858 833374647
247463858 127503182
833319148 127503182
605133153 127503182
177123941 127503182
177123941 833374647
177123941 476585597
833374647 510446760
833374647 833398193
833374647 127503182
521865855 127503182
130372000 127503182
834097713 127503182
834072058 127503182
54155714 211543827
54155714 127503182
54155714 476585597
391635797 127503182
452372264 833319148
452372264 127503182
234067758 127503182
421468777 833319148
421468777 127503182
72415557 127503182
72415557 833319148
834061502 127503182
142740131 127503182
210192558 127503182
60323191 127503182
540777447 833319148
540777447 127503182
134653524 127503182
134653524 833374647
9374901 127503182
83443127 127503182
167731056 127503182
833861561 127503182
177131774 127503182
795101632 127503182
497994145 127503182
126638585 127503182
57367531 127503182
54608490 127503182
834064483 127503182
497889508 127503182
833813660 127503182
133432583 127503182
133432583 211543827
510446760 127503182
510446760 476585597
510446760 833374647
510446760 833398193
41275923 127503182
201086484 127503182
736177494 127503182
834072985 127503182
211543827 133432583
211543827 127503182
211543827 54155714
301853027 127503182
457851268 127503182
108762164 65493263
694774815 476585597
694774815 668821782
694774815 127503182
833398193 127503182
833398193 833374647
833398193 510446760
346039046 127503182
509620547 127503182
166797595 127503182
509434421 127503182
401113026 127503182
510853306 127503182
421458285 127503182
833398188 476585597
833398188 833319148
833398188 833374647
833398188 127503182
833398188 510446760
476585597 694774815
476585597 54155714
476585597 177123941
476585597 510446760
476585597 127503182
476585597 833374647
476585597 833319148
509491389 127503182
65493263 108762164
51028157 65412789
828444580 127503182
225420800 127503182
834064888 127503182
25682468 127503182
668821782 219782811
668821782 694774815
828444578 127503182
325125991 127503182
833861527 127503182
147965455 127503182
