1930192 163812431
781895690 163812431
578756336 163812431
147967365 163812431
836613796 163812431
68243496 163812431
434665778 163812431
551721905 163812431
836145871 18178500
102244066 163812431
129723703 163812431
95850368 163812431
215946602 163812431
236148225 163812431
745788930 163812431
701091239 224307268
701091239 163812431
578768379 163812431
700982952 163812431
187526396 163812431
579344552 163812431
36537992 163812431
36537992 735969698
201648163 163812431
201648163 164499077
23401555 163812431
242851591 163812431
23139938 163812431
215867154 163812431
215867154 5099650
5099650 215867154
383283180 163812431
741538812 163812431
631423158 163812431
631423158 29137034
18178500 836145871
18178500 163812431
547721242 163812431
674330833 163812431
300153644 163812431
578738799 163812431
447926604 163812431
687496004 163812431
51818365 163812431
705266653 163812431
72049975 163812431
72049975 29137034
47159388 163812431
229104948 163812431
11292412 163812431
11292412 38170168
579234918 163812431
51820613 163812431
635629008 163812431
836613597 163812431
674284769 163812431
38170168 163812431
38170168 11292412
46936169 163812431
162721185 163812431
809576140 163812431
302777834 163812431
833696654 163812431
579215411 163812431
31143311 163812431
298806055 163812431
20973880 163812431
809860712 163812431
449281872 163812431
449418964 163812431
735969698 163812431
224307268 701091239
50644523 163812431
299238897 163812431
29137034 163812431
142777953 163812431
836612386 163812431
