231014910 86236432
44759690 152858322
44759690 57647226
44759690 57570506
44759690 152941574
44759690 86236432
65590047 86236432
44757829 57589961
44757829 57645914
44757829 25136526
44757829 57645408
44757829 32145609
44757829 58150217
44757829 210263594
44757829 152601153
57645408 44757829
57645408 57589961
57645408 57645914
57645408 57647226
57645408 152694581
57645408 44770028
57645408 57648492
57645408 58150217
57645408 210263594
152954725 57648492
152954725 152954676
152954725 86236432
57768910 10083306
57768910 57648492
57768910 57589961
57768910 152941574
152929495 152848480
152929495 86236432
152954676 57648492
152954676 152954725
152954676 86236432
57570506 44759690
57570506 57645914
57570506 58150217
57570506 86236432
71521285 86236432
60938450 86236432
152941574 44770028
152941574 58147548
152941574 57768910
152941574 57648492
152941574 57643427
152941574 57589961
152941574 44759690
10083306 130012646
10083306 101698969
10083306 86236432
50889021 86236432
48494857 86236432
15047380 86236432
215242435 86236432
57648492 57589961
57648492 152954676
57648492 581835743
57648492 152602264
57648492 152940701
57648492 152954725
57648492 57645408
57648492 57768910
57648492 152919551
57648492 152601153
57648492 58147548
36863230 86236432
501148177 57645914
501148177 210263594
15454608 4331550
152604215 152848480
57645914 44757829
57645914 57589961
57645914 25136526
57645914 57647226
57645914 57570506
57645914 501148177
57645914 152694581
57645914 44770028
57645914 152628472
57645914 44757740
57645914 57645408
57645914 58150217
57645914 210263594
57645914 152601153
57645914 152898569
57645914 152838931
224327117 86236432
152933082 152520008
25136526 44757829
25136526 57645914
25136526 44757740
25136526 58150217
25136526 210263594
25136526 57589961
130012646 10083306
48718318 86236432
51848881 86236432
132652398 86236432
152838931 57648492
152838931 57645914
152838931 58150217
152838931 152628472
4331550 210263594
4331550 15454608
4331550 86236432
58147548 152848480
58147548 57648492
44757740 57645914
44757740 25136526
44757740 57647226
44757740 152694581
44757740 130012646
44757740 152933082
612489491 86236432
17582397 86236432
48740035 86236432
54221056 132193484
638296366 86236432
152601153 44757829
152601153 57645914
152601153 57648492
152601153 58150217
152601153 86236432
643561837 86236432
152898569 57645914
152602264 57589961
152602264 44770028
152602264 57648492
57651675 152933082
57651675 57589961
107492961 57589961
107492961 44770028
32145609 44757829
32145609 86236432
44605451 86236432
132193484 54221056
132193484 86236432
152788441 86236432
581835743 57648492
152848480 152604215
152848480 152929495
152848480 152919551
152848480 58150217
152848480 58147548
44806476 86236432
52449683 86236432
57589961 44757829
57589961 57645914
57589961 107492961
57589961 44770028
57589961 152602264
57589961 57645408
57589961 57648492
57589961 210263594
57589961 57768910
57589961 25136526
57589961 152919551
57589961 57643427
57589961 152941574
57589961 57651675
152628472 57645914
152628472 44757740
8861484 86236432
152940701 57648492
152940701 86236432
47773156 86236432
44222560 86236432
156016996 86236432
44770028 57589961
44770028 57645914
44770028 57647226
44770028 107492961
44770028 152602264
44770028 57645408
44770028 210263594
44770028 152941574
152783648 73034629
152783648 57768910
152783648 152919551
152783648 57643427
57643427 57589961
57643427 73034629
57643427 152733041
57643427 152783648
57643427 152941574
57643427 86236432
152858322 44759690
152858322 152933082
508072133 86236432
58150217 152848480
58150217 44757829
58150217 57645914
58150217 25136526
58150217 57570506
58150217 57645408
58150217 210263594
58150217 152601153
58150217 152838931
210263594 44757829
210263594 57589961
210263594 57645914
210263594 25136526
210263594 501148177
210263594 44770028
210263594 4331550
210263594 57645408
210263594 58150217
134582242 86236432
300915283 86236432
178246081 86236432
152694581 57645914
152694581 44757740
152694581 57645408
152694581 152520008
152919551 152848480
152919551 57648492
152919551 57589961
57647226 44759690
57647226 57645914
57647226 44770028
57647226 44757740
57647226 57645408
57647226 86236432
101698969 10083306
101698969 86236432
110692500 86236432
