534810293 3565294
534810293 349577887
12376113 58441562
12376113 3565294
27681551 349577887
27681551 3565294
5748024 58054886
5748024 3565294
49291481 3565294
57421963 3565294
58167935 58441562
58167935 3565294
152633969 58441562
152633969 3565294
582795352 3565294
58278176 58441562
58278176 3565294
581701828 3565294
52570478 58159548
52570478 58344426
52570478 58054886
52570478 3565294
52570478 357650233
52570478 349577887
52570478 58167935
52570478 534790887
52570478 18458161
52570478 61632009
52570478 534767238
225757483 3565294
58417227 3565294
161498053 132532417
161498053 172829213
161498053 357354810
161498053 3565294
161498053 2426197
161498053 349577887
161498053 534767238
58295275 3565294
38870880 3565294
175151547 57645993
175151547 58441562
175151547 3565294
18458161 52570478
18458161 643611253
18458161 3565294
18458161 128134292
18458161 357650233
18458161 61632009
515972749 3565294
152956924 3565294
534790887 3565294
534761883 58441562
534761883 3565294
72523583 3565294
130237219 3565294
132532417 3565294
80062897 3565294
42077273 58054886
42077273 3565294
42077273 18458161
756527380 58441562
756527380 3565294
298855724 3565294
58441562 357354810
58441562 58278176
58441562 56946019
58441562 58324104
58441562 581748618
58441562 58054886
58441562 534761883
58441562 152633969
58441562 3565294
58441562 2426197
58441562 175151547
58441562 58491711
58441562 58167935
58441562 756527380
58441562 298862589
58441562 83473905
58441562 57644912
58441562 12376113
581438569 3565294
48671913 3565294
83158325 3565294
834037107 3565294
7368192 3565294
357650233 357354810
357650233 3565294
357650233 18458161
634807235 3565294
836612761 3565294
534874217 3565294
643611253 3565294
643611253 18458161
58344426 52570478
58344426 58054886
58344426 3565294
83564232 3565294
677151722 3565294
83473905 172829213
83473905 58441562
83473905 3565294
83473905 57644912
2381232 3565294
607016493 3565294
58124491 58054886
58124491 3565294
58107299 38870880
58107299 3565294
601676801 3565294
581748618 58441562
172829213 609148465
172829213 3565294
172829213 161498053
659063067 3565294
24091452 3565294
130245939 3565294
357354810 58441562
357354810 58054886
357354810 3565294
357354810 357650233
57644912 58054886
57644912 83473905
57644912 3565294
57644912 58441562
58054886 357354810
58054886 52570478
58054886 58124491
58054886 58441562
58054886 58165488
58054886 72523583
58054886 58344426
58054886 42077273
58054886 5748024
58054886 659063067
58054886 534761883
58054886 3565294
58054886 2426197
58054886 42072485
58054886 357650233
58054886 349577887
58054886 58167935
58054886 298855724
58054886 298862589
58054886 16021272
58054886 83473905
58054886 61632009
58054886 57644912
58054886 534767238
16021272 58054886
16021272 3565294
322497211 3565294
701332158 3565294
57645993 3565294
57645993 175151547
57645993 61632009
298862589 58441562
298862589 3565294
30589753 3565294
155830160 3565294
58159548 3565294
129469187 3565294
601740601 3565294
3565294 58441562
3565294 58054886
3565294 18458161
3565294 30589753
42072485 3565294
58491711 58441562
58491711 3565294
2426197 172829213
2426197 58441562
2426197 58054886
2426197 3565294
2426197 161498053
535838553 3565294
58324104 357354810
58324104 58441562
58324104 3565294
58324104 58167935
56946019 671813167
56946019 58441562
56946019 57605703
56946019 3565294
58136704 3565294
92495984 3565294
92495984 609148465
128134292 3565294
128134292 18458161
65639282 3565294
61632009 52570478
61632009 3565294
61632009 18458161
61632009 57645993
61632009 58054886
534767238 18458161
534767238 3565294
57605703 56946019
57605703 3565294
10447562 3565294
671813167 56946019
671813167 3565294
349577887 3565294
58165488 3565294
58083627 3565294
609148465 172829213
609148465 92495984
137842522 3565294
