57424613 127209365
50877514 127209365
45223745 129595339
18094349 127209365
127522606 71300314
82148901 127209365
82148901 129595339
18703659 127209365
71300314 127209365
71300314 127522606
8210968 127522606
69084452 127209365
69084452 544877886
57054445 127209365
317886402 127209365
37490410 127209365
37490410 26146581
37490410 8178614
45060846 127209365
9913920 127209365
259551576 127209365
544877886 69084452
210020088 127209365
49058128 127209365
163127342 127209365
54681661 57469511
45049160 127209365
8178614 127209365
8178614 37490410
44361822 127209365
56921944 127209365
26146581 127209365
26146581 37490410
20436371 127209365
32465276 127209365
130707584 127209365
130632119 127209365
4749384 127209365
4749384 127407606
4719973 127209365
7350585 127209365
136646219 127209365
68947662 127209365
33146934 127209365
129595339 127209365
129595339 45223745
129595339 48814254
129595339 82148901
97351808 127209365
49059741 127209365
44894649 127209365
10381589 37490410
48814254 129595339
40438184 127209365
57469511 127209365
57469511 37490410
31259659 127209365
