291905456 129127453
28446095 35268581
21818912 35268581
10208033 15533873
10208033 61114760
10208033 35268581
130955284 61114760
130955284 35268581
130955284 328123881
328123881 130955284
328123881 52497116
328123881 54437119
60928906 35268581
345011458 35268581
11664347 128788636
11664347 35268581
28024168 128788636
28024168 35268581
136530486 35268581
101019213 35268581
54437119 130955284
54437119 328123881
129127453 128568116
129127453 35268581
58165267 35268581
22841972 35268581
7347041 128788636
7347041 35268581
128568116 28024168
128568116 35268581
128568116 129127453
61114760 15533873
61114760 10208033
61114760 35268581
835872601 35268581
120649298 61114760
120649298 35268581
128788636 35268581
128788636 28024168
64888468 35268581
35268581 136530486
35268581 64888468
35268581 128788636
35268581 129127453
35268581 17399883
35268581 61114760
35268581 128568116
35268581 28024168
35268581 7347041
56153102 35268581
10338165 61114760
10338165 35268581
57234644 35268581
208996322 35268581
56023556 35268581
52497116 61114760
52497116 35268581
52497116 328123881
52497116 60928906
130891561 35268581
7677618 35268581
17399883 35268581
56366600 35268581
15533873 10208033
15533873 61114760
15533873 35268581
15533873 60928906
56874118 35268581
28431113 129127453
