304782023 132343179
23935352 532229200
67170847 167039458
10366135 27754661
10366135 132343179
520904837 15157541
520904837 27754661
604345181 135780927
135780927 604345181
141327125 156279180
15157541 13487716
15157541 132343179
112039954 322994397
112039954 27754661
112039954 134239670
164427381 27754661
164427381 453569104
133360332 132343179
18694604 27754661
667116893 132343179
566012303 132343179
132343179 304782023
132343179 532229200
132343179 134239670
78515406 322994397
78515406 27754661
78515406 114392159
78515406 48720478
113073834 27754661
57210785 15157541
57210785 132343179
74618776 27754661
185018180 359101572
453569104 164427381
156279180 141327125
13487716 27754661
13487716 15157541
49740678 532229200
129501874 27754661
601609246 107469022
59581155 27754661
59581155 58097183
59581155 132343179
59581155 47572651
162722467 27754661
155778001 27754661
67516149 27754661
107469022 601609246
167039458 689360393
167039458 67170847
114392159 132343179
114392159 78515406
513849043 132343179
134239670 132343179
434665675 27754661
434665675 132343179
59499532 27754661
27754661 134239670
27754661 113073834
27754661 13487716
301503488 132343179
689360393 167039458
48720478 78515406
532229200 155804841
532229200 132343179
532229200 49740678
532229200 23935352
47572651 27754661
359101572 185018180
359101572 132343179
155804841 130928198
155804841 532229200
155804841 27754661
60459501 27754661
60459501 132343179
322994397 78515406
322994397 112039954
57425517 15157541
167652954 27754661
167652954 134239670
173301814 132343179
173301814 27754661
29044845 132343179
