200003900 82724334
50885331 82724334
152621911 58159852
115032323 82724334
134407812 154910768
58159852 82724334
58159852 152621911
58159852 17000917
58159852 16997747
50901508 82724334
24384627 67557028
24384627 16997747
24384627 13777963
24384627 30693733
108841998 13777963
54654998 82724334
199970841 82724334
128093954 17000917
128093954 134407812
169530520 82724334
836613725 836613099
6485341 115308792
6485341 82724334
6485341 113545024
210228252 82724334
13606556 82724334
604084544 82724334
134144793 13777963
152954991 154910768
152954991 17000917
4501140 16997747
4501140 128504578
60463002 82724334
60463002 13777963
67557028 24384627
5039023 82724334
52582469 155885011
52582469 30693733
299364174 82724334
836613099 836613725
38861538 82724334
60695658 82724334
60695658 113545024
785133391 82724334
143256565 13777963
47329470 16997747
47329470 128504578
17000917 152954991
17000917 58159852
17000917 82724334
17000917 152621911
17000917 128093954
17000917 200003900
17000917 15771376
17000917 601634599
17000917 16997747
17000917 58424559
17000917 128504578
17000917 13777963
30145498 82724334
442168518 82724334
442168518 154910768
442168518 13777963
152932873 82724334
8408007 82724334
8408007 13777963
13777963 82724334
13777963 154910768
13777963 217175326
13777963 15771376
317575119 82724334
4744500 82724334
12393301 82724334
33661285 82724334
59203683 82724334
59203683 13777963
92064005 82724334
155026657 599245368
155026657 82724334
16997747 58159852
16997747 128093954
16997747 24384627
16997747 15771376
16997747 17000917
16997747 4501140
16997747 69248226
16997747 47329470
16997747 13777963
212522864 82724334
152630003 82724334
150352662 82724334
155885011 154910768
155885011 13777963
154910768 155885011
154910768 13777963
123416951 82724334
15771376 17000917
15771376 16997747
15771376 128504578
15771376 13777963
21331113 82724334
151239829 82724334
114312181 13777963
115308792 6485341
69248226 82724334
69248226 134407812
69248226 13777963
30693733 52582469
30693733 82724334
30693733 24384627
113545024 60695658
113545024 6485341
58306278 13777963
642195406 82724334
601634599 17000917
24301220 82724334
55521498 82724334
217175326 13777963
128504578 15771376
128504578 47329470
128504578 58424559
128504578 17000917
128504578 4501140
57488012 82724334
57488012 13777963
74538461 82724334
32741963 82724334
34182453 82724334
134507931 82724334
58424559 17000917
58424559 128504578
672273875 82724334
