5707630 127172938
37344841 127172938
448051067 127172938
142732124 127172938
836614886 127172938
59315984 127172938
44340217 127172938
38946217 127172938
26064505 127172938
200075907 127172938
64884898 127172938
44603218 127172938
134234439 127172938
139091462 127172938
169541502 127172938
55494557 127172938
27027315 127172938
264367805 127172938
49488349 127172938
50644318 127172938
34994272 127172938
57488201 127172938
58133768 127172938
155081520 127172938
44879603 127172938
536387046 127172938
162818010 127172938
163083550 127172938
130307148 127172938
72084226 127172938
177174200 127172938
99081352 127172938
167739017 127172938
