83634978 127644379
83634978 21320782
83634978 65424337
83634978 35499523
55253967 50623516
55253967 127644379
55253967 65424337
55253967 132387252
55253967 15792108
604366512 21320782
604366512 50623516
604366512 127644379
6029165 127644379
2479085 127644379
224885951 35499523
50623516 21320782
50623516 55253967
50623516 130569502
50623516 636499790
21009511 127644379
48731462 127644379
34472707 21320782
34472707 127644379
34472707 15934226
34472707 14258384
127644379 35499523
163896208 127644379
62046454 127644379
30014798 21320782
30014798 127644379
65424337 21320782
65424337 127644379
65424337 34472707
65424337 35499523
65424337 14258384
65424337 83634978
50894127 21320782
50894127 127644379
50894127 65424337
50894127 132387252
50894127 35499523
630299128 82025577
37210757 21320782
21320782 50623516
21320782 127644379
21320782 65424337
21320782 604366512
21320782 34472707
21320782 35499523
21320782 15792108
21320782 14258384
21320782 137919819
21320782 636499790
14258384 21320782
14258384 127644379
14258384 65424337
14258384 34472707
14258384 35499523
14258384 35137108
14258384 636499790
208431837 21320782
35850659 82025577
35850659 127644379
836612134 127644379
152603500 127644379
82025577 127644379
211719149 127644379
15792108 21320782
15792108 55253967
15792108 34472707
52609043 127644379
52609043 630299128
16141625 127644379
35499523 21320782
35499523 127644379
35499523 65424337
35499523 35137108
35499523 636499790
137919819 21320782
137919819 127644379
137919819 132387252
15934226 127644379
15934226 34472707
497880762 21320782
497880762 35499523
35137108 65424337
35137108 35499523
35137108 15934226
35137108 14258384
200042222 127644379
54652306 127644379
128250159 127644379
128250159 35499523
57494644 82025577
57494644 127644379
636499790 65424337
636499790 21320782
636499790 132387252
636499790 14258384
636499790 50623516
636499790 35499523
636499790 127644379
17655557 127644379
798053911 127644379
199677784 82025577
199677784 127644379
132387252 21320782
132387252 127644379
132387252 65424337
132387252 55253967
132387252 137919819
132387252 636499790
134404568 127644379
