833353776 745314872
24253636 442175953
24253636 65591424
24253636 32898294
24253636 21008253
24253636 421455363
24253636 73171191
24253636 357564094
24253636 252043380
357564094 357564100
357564094 421455363
357564094 24253636
99560360 21008253
99560360 172434514
638095397 189496096
638095397 21008253
638095397 24253636
638095397 26285018
45300264 152957625
45300264 189496096
45300264 252043380
23403384 71246490
23403384 189496096
23403384 21008253
23403384 129606952
23403384 73171191
23403384 252043380
421515101 189496096
164362121 833549063
164362121 21008253
164362121 152957625
164362121 23403384
65591424 21008253
65591424 57650195
65591424 189496096
65591424 24253636
299259382 189496096
217148711 189496096
185277448 21008253
155897050 21008253
155897050 152957625
252043380 20921975
252043380 24253636
252043380 442175953
252043380 261671774
252043380 58130694
252043380 9549379
252043380 23403384
252043380 26285018
252043380 221419631
252043380 57650195
252043380 421455363
252043380 45300264
71246490 23403384
261671774 328158849
261671774 224340556
261671774 21008253
261671774 99560360
261671774 26285018
261671774 421455363
261671774 152957625
261671774 189496096
261671774 57645630
261671774 252043380
298849074 189496096
54317690 129606952
54317690 58130694
54317690 152957625
54317690 152712842
221419631 21008253
221419631 252043380
152712842 26285018
152712842 54317690
152712842 189496096
463370018 20921975
48701061 129606952
48701061 20921975
48701061 189496096
48701061 155863903
48701061 152957625
167823544 152957625
224340556 797880590
21008253 189496096
59503087 152957625
745314872 58130694
745314872 24253636
745314872 833353776
172434514 99560360
304730667 189496096
806274413 129606952
833315602 185277448
23019655 21008253
58394910 9549379
152545613 21008253
57611444 189496096
57611444 21008253
220518041 21008253
220518041 189496096
357564100 357564094
357564100 24253636
357564100 421455363
9549379 21008253
9549379 189496096
9549379 152477462
9549379 167441671
9549379 58394910
9549379 185277448
9549379 252043380
45409757 58130694
155863903 224340556
155863903 21008253
155863903 152957625
155863903 189496096
155863903 152477462
155863903 167441671
11734502 357564100
11734502 21008253
11734502 189496096
84589948 189496096
84589948 21008253
80759689 152957625
80759689 189496096
80759689 21008253
80759689 24253636
189496096 58130694
189496096 155863903
189496096 421505702
189496096 217148711
189496096 298849074
189496096 152712842
189496096 152957625
189496096 752713482
189496096 72592147
189496096 73171191
189496096 21008253
189496096 304730667
189496096 298856692
189496096 152477462
189496096 167441671
189496096 9549379
189496096 57611444
189496096 299259382
189496096 20921975
189496096 84589948
421505702 189496096
58375051 21008253
58375051 189496096
67837730 26285018
67837730 152477462
67837730 20921975
20921975 152957625
20921975 463370018
20921975 21008253
20921975 189496096
20921975 252043380
298856692 189496096
298856692 152957625
833511424 357564100
833511424 357564094
797880590 224340556
13524692 189496096
601628474 299120504
601628474 189496096
421485212 21008253
442175953 252043380
442175953 20921975
442175953 24253636
442175953 189496096
73171191 155863903
73171191 152957625
73171191 189496096
73171191 24253636
57645630 261671774
57645630 328158849
57645630 189496096
57645630 224340556
57650195 65591424
57650195 252043380
77236302 21008253
77236302 152957625
77236302 189496096
72592147 224340556
72592147 21008253
72592147 189496096
421455363 357564100
421455363 65591424
421455363 357564094
421455363 21008253
421455363 261671774
421455363 152957625
421455363 152477462
421455363 167441671
421455363 32898294
421455363 252043380
421455363 638095397
421455363 24253636
58130694 45409757
58130694 21008253
58130694 745314872
58130694 26285018
58130694 152957625
58130694 189496096
58130694 129606952
58130694 54317690
58130694 20921975
58130694 252043380
26285018 67837730
26285018 58130694
26285018 21008253
26285018 261671774
26285018 152712842
26285018 152957625
26285018 189496096
26285018 152477462
26285018 252043380
167441671 421455363
167441671 21008253
167441671 155863903
167441671 745314872
167441671 152957625
167441671 9549379
299120504 601628474
833549063 164362121
152477462 189496096
152477462 67837730
152477462 152957625
152477462 421455363
152477462 155863903
152477462 9549379
152957625 174681035
152957625 58130694
152957625 26285018
152957625 21008253
152957625 189496096
152957625 129606952
152957625 152477462
152957625 167441671
105305736 21008253
129606952 58130694
129606952 152957625
129606952 152712842
129606952 21008253
129606952 806274413
129606952 23403384
129606952 48701061
174681035 21008253
174681035 24253636
32898294 23403384
32898294 189496096
32898294 357564094
32898294 421455363
32898294 21008253
