154975978 83221538
57317072 256667891
208572743 34548758
208572743 4169243
208572743 82653695
215614919 29641515
28993413 18447249
18447249 28993413
18447249 130689436
48752662 57319551
48752662 126292277
48752662 34548758
48752662 25968107
4169243 208572743
4169243 34548758
4169243 57319551
4169243 127567693
76354903 130689436
76354903 129807826
76354903 127955124
76354903 20621258
76354903 127456209
56937924 17002233
366199304 127567693
546508551 127456209
82653695 163818021
82653695 40618359
82653695 65626145
82653695 127567693
82653695 57319551
82653695 208572743
82653695 54370155
82653695 231768244
82653695 58361898
231768244 127567693
231768244 82653695
256667891 31161735
256667891 2321660
55137733 57179531
127456209 60914894
127456209 17002233
127456209 439522537
127456209 32581611
127456209 20621258
127456209 129807826
128730839 57179531
545632484 127456209
129807826 20621258
129807826 127456209
64606049 2321660
32581611 18718730
32581611 20621258
32581611 130689436
32581611 83591166
32581611 29641515
32581611 17002233
32581611 127456209
88587041 20621258
88587041 17002233
127208173 2321660
127208173 24758035
60914894 129807826
60914894 20621258
60914894 127456209
785609684 30317622
54370155 34548758
54370155 127567693
54370155 82653695
11813160 12480125
11813160 836413304
439522537 20621258
439522537 33350176
439522537 127456209
439522537 17002233
135982407 34548758
57319551 34548758
57319551 17521634
57319551 20621258
57319551 48752662
57319551 127567693
57319551 127172180
57319551 127205587
57319551 4169243
57319551 82653695
605712690 82653695
605712690 34548758
127205587 17521634
127205587 128872955
127205587 20621258
127205587 34548758
127205587 57319551
217105225 127456209
217105225 17002233
217105225 129807826
836413304 11813160
22332151 31161735
22332151 83591166
17002233 83591166
17002233 130689436
17002233 33350176
17002233 32581611
17002233 129807826
17002233 18718730
17002233 18024216
17002233 127456209
17002233 88587041
17002233 164412932
29641515 20621258
29641515 34548758
69101124 34548758
25968107 127205587
25968107 127172180
25968107 127567693
25968107 48752662
127955124 20621258
127955124 18024216
127955124 76354903
24544933 127567693
65626145 34548758
65626145 20621258
65626145 127567693
65626145 82653695
30326604 44228566
30317622 785609684
30317622 17521634
30317622 13651406
30317622 2321660
169851082 127172180
81361856 127205587
81361856 127172180
81361856 24758035
52612169 34548758
52612169 127567693
52612169 82653695
17521634 34548758
17521634 179632524
17521634 127567693
17521634 127172180
17521634 127205587
17521634 24758035
17521634 30317622
128872955 127205587
164412932 17002233
164412932 20621258
164412932 127456209
205125355 31161735
18024216 20621258
18024216 127456209
18024216 127955124
18024216 17002233
457752811 34548758
12480125 30317622
12480125 11813160
179632524 17521634
18718730 129807826
18718730 32581611
18718730 20621258
18718730 127955124
18718730 130689436
18718730 33350176
18718730 439522537
18718730 17002233
44228566 30326604
44228566 81361856
179640975 34548758
359488856 127456209
128300609 34548758
127172180 81361856
404119035 127456209
13651406 30317622
126292277 48752662
83221538 20621258
83221538 154975978
15372370 31161735
127567693 34548758
127567693 20621258
127567693 57319551
127567693 40618359
127567693 4169243
127567693 24544933
127567693 82653695
2321660 127208173
2321660 24758035
2321660 127172180
2321660 30317622
37994118 64606049
37994118 127593387
127593387 64606049
33350176 129807826
33350176 20621258
33350176 130689436
33350176 17002233
33350176 127456209
518981489 33350176
518981489 127456209
518981489 17002233
130689436 18718730
130689436 20621258
130689436 18447249
130689436 17002233
130689436 33350176
152173978 127456209
34548758 57319551
34548758 65626145
34548758 20621258
34548758 127567693
34548758 29641515
34548758 127205587
163818021 127567693
163818021 82653695
83591166 127456209
83591166 17002233
31161735 15372370
31161735 205125355
31161735 127205587
31161735 2321660
58361898 82653695
20621258 34548758
20621258 57319551
20621258 65626145
20621258 32581611
20621258 129807826
20621258 18718730
20621258 127955124
20621258 130689436
20621258 127567693
20621258 76354903
20621258 29641515
20621258 127205587
20621258 60914894
20621258 164412932
20621258 83221538
20621258 88587041
20621258 127456209
20621258 18024216
649666742 17521634
40618359 127567693
40618359 34548758
40618359 82653695
