175272519 32387994
132364730 32387994
150843893 32387994
61740088 32387994
42160805 32387994
17221674 97137544
17221674 32387994
30868692 32387994
35110075 32387994
45153512 32387994
30873039 32387994
147942635 32387994
607639958 32387994
128988287 32387994
65424337 32387994
50805450 32387994
412103596 128988287
44474588 32387994
37056343 44821742
37056343 32387994
531576782 32387994
39339213 32387994
179607802 32387994
179565802 124645453
179565802 32387994
44111380 32387994
50888345 32387994
663126629 32387994
97137544 32387994
97137544 17221674
39249933 32387994
44821742 32387994
44821742 37056343
134611082 32387994
44937413 32387994
320274708 32387994
196417068 32387994
124645453 32387994
44711942 32387994
39956434 607639958
39956434 32387994
44768040 32387994
132005482 32387994
148228470 32387994
252991065 32387994
