30711341 2365313
30711341 37160639
30711341 579233234
2365313 113610044
2365313 30711341
2365313 21090855
2365313 35802596
581060970 2365313
581060970 61273677
581060970 17486539
581060970 814954439
578978963 2365313
578978963 61273677
448442660 2365313
814954439 685182962
814954439 2365313
814954439 17486539
685178220 2365313
21090855 2365313
21090855 579025218
21090855 38544075
21090855 232299064
21090855 37160639
21090855 17486539
21090855 579233234
21090855 238332412
21090855 61273677
579025218 2365313
579025218 38544075
579025218 61273677
579025218 685182962
579025218 579233234
579025218 17486539
579025218 231869232
38544075 113610044
38544075 2365313
38544075 21090855
38544075 232299064
38544075 231869232
38544075 17486539
38544075 61273677
38544075 685182962
38544075 579233234
579233234 2365313
16760976 2365313
17486539 578961868
17486539 579025218
17486539 38544075
17486539 599321595
17486539 232299064
17486539 298803028
17486539 113610044
17486539 581060970
17486539 814954439
17486539 231869232
17486539 16760976
17486539 21090855
17486539 37160639
17486539 2365313
17486539 30711341
17486539 61273677
17486539 685182962
17486539 238332412
17486539 579233234
61273677 298803028
61273677 2365313
61273677 581060970
61273677 231869232
61273677 232299064
61273677 38544075
61273677 17486539
61273677 833341186
61273677 21090855
61273677 238332412
61273677 685182962
113610044 2365313
833341186 61273677
833341186 2365313
298803028 2365313
298803028 113610044
298803028 61273677
298803028 685182962
298803028 17486539
57492539 2365313
685182962 38544075
685182962 2365313
685182962 17486539
685182962 61273677
578961868 2365313
238332412 17486539
238332412 38544075
238332412 579025218
238332412 21090855
238332412 599321595
238332412 579233234
238332412 2365313
238332412 113610044
238332412 61273677
238332412 685182962
231869232 2365313
231869232 38544075
231869232 113610044
231869232 61273677
231869232 685182962
231869232 579233234
232299064 2365313
232299064 38544075
232299064 21090855
232299064 113610044
232299064 61273677
232299064 685182962
37160639 113610044
37160639 21090855
37160639 38544075
37160639 2365313
37160639 61273677
37160639 579233234
37160639 17486539
