129984217 19442762
152595161 9587028
20632047 129747590
20632047 65344644
20632047 36939144
152657447 36939144
25858287 152931771
25858287 152685798
744025468 60110611
147872507 643355388
9587028 15454608
9587028 152940784
152733899 152931771
152733899 36939144
47623936 60110611
38797305 60110611
49203625 60110611
36939144 152931771
36939144 581655208
36939144 152733899
36939144 582118097
36939144 65344644
36939144 20632047
36939144 152657447
44822338 9587028
152480398 9587028
19442762 129984217
48719966 60110611
48719966 47108930
15454608 175159549
15454608 9587028
15454608 64911600
175159549 15454608
44355202 60110611
34825006 65344644
34825006 152956698
64911600 129747590
64911600 15454608
52959540 674872475
582118097 36939144
18721634 60110611
47515517 60110611
47108930 48719966
128773296 60110611
674872475 52959540
152940784 9587028
23675394 60110611
129747590 152931771
129747590 581655208
129747590 9587028
129747590 20632047
129747590 64911600
152956698 9587028
65344644 34825006
65344644 20632047
65344644 152595161
65344644 36939144
12843198 60110611
44643112 60110611
152931771 129747590
152931771 152733899
152931771 25858287
152931771 107496003
152931771 36939144
57414555 60110611
581655208 129747590
581655208 36939144
58019433 9587028
58019433 152657447
107496003 152931771
231245908 60110611
44022299 60110611
152685798 9587028
152685798 25858287
56972161 60110611
35113724 9587028
643355388 147872507
107496437 175159549
