45386799 55892817
61556655 120079275
61556655 55892817
61556655 45404541
61556655 34851683
61556655 7916033
52488981 55892817
22691382 161142569
22691382 120079275
22691382 45414569
22691382 61556655
22691382 31916856
22691382 17580456
22691382 55892817
22691382 45404541
22691382 60076593
22691382 72151453
22691382 52024843
22691382 21602023
22691382 7916033
54633204 55892817
37888254 45414569
37888254 61556655
37888254 22691382
37888254 55892817
37888254 45404541
37888254 7916033
45385414 55892817
120079275 161142569
120079275 45414569
120079275 61556655
120079275 31916856
120079275 22691382
120079275 52534593
120079275 17580456
120079275 55892817
120079275 45363058
120079275 72151453
120079275 52024843
120079275 21602023
120079275 7916033
45413797 45414569
45413797 55892817
45413797 60076593
90523305 55892817
60076593 45413797
60076593 22691382
60076593 55892817
83554409 32393979
54435967 55892817
45470661 55892817
56839552 82888926
56839552 52534593
56839552 54381488
56839552 17580456
56839552 55892817
56839552 52031536
56839552 34851683
56839552 54615431
56839552 7916033
169549878 7916033
169549878 55892817
655722992 65367457
655722992 54381488
655722992 83554409
17580456 161142569
17580456 5486902
17580456 120079275
17580456 45414569
17580456 61556655
17580456 31916856
17580456 22691382
17580456 56362374
17580456 37888254
17580456 55892817
17580456 45363058
17580456 45404541
17580456 72151453
17580456 56839552
17580456 52024843
17580456 34851683
17580456 7916033
54398872 7916033
54398872 57305858
54398872 55892817
161141812 55892817
7916033 22691382
7916033 31916856
7916033 52024843
7916033 72151453
7916033 17580456
7916033 120079275
7916033 161142569
7916033 55892817
7916033 61556655
7916033 45404541
7916033 52534593
7916033 45414569
7916033 56839552
7916033 45363058
7916033 5486902
7916033 91230249
7916033 54615431
7916033 56362374
7916033 37888254
555300886 55892817
191816867 55892817
72151453 161142569
72151453 120079275
72151453 45414569
72151453 31916856
72151453 22691382
72151453 17580456
72151453 55892817
72151453 52024843
72151453 34851683
72151453 7916033
169548191 55892817
55892817 161142569
55892817 120079275
55892817 45413797
55892817 45414569
55892817 61556655
55892817 169548191
55892817 31916856
55892817 22691382
55892817 56362374
55892817 52534593
55892817 17580456
55892817 37888254
55892817 45363058
55892817 45404541
55892817 72151453
55892817 52024843
55892817 99723012
55892817 45385414
55892817 161141812
55892817 91230249
55892817 21602023
55892817 34851683
55892817 54615431
55892817 7916033
82888926 56839552
161142569 120079275
161142569 45414569
161142569 61556655
161142569 31916856
161142569 22691382
161142569 17580456
161142569 55892817
161142569 45363058
161142569 45404541
161142569 72151453
161142569 52024843
161142569 34851683
161142569 7916033
667461068 55892817
667461068 45414569
54381488 65367457
54381488 287781961
54381488 67833404
54381488 17580456
54381488 52031536
54381488 56839552
54381488 32393979
54381488 7916033
72139329 55892817
52024843 161142569
52024843 5486902
52024843 120079275
52024843 45414569
52024843 61556655
52024843 31916856
52024843 22691382
52024843 52534593
52024843 17580456
52024843 55892817
52024843 72151453
52024843 34851683
52024843 7916033
31916856 161142569
31916856 120079275
31916856 45414569
31916856 28122398
31916856 22691382
31916856 52534593
31916856 17580456
31916856 55892817
31916856 52024843
31916856 7916033
45476510 55892817
48468540 55892817
56362374 45414569
56362374 17580456
56362374 55892817
56362374 7916033
21602023 22691382
21602023 55892817
45404541 161142569
45404541 61556655
45404541 22691382
45404541 17580456
45404541 55892817
45404541 7916033
65367457 54381488
65367457 655722992
52031536 54381488
52031536 55892817
52031536 56839552
52031536 32393979
52031536 34851683
52031536 7916033
57305858 55892817
57305858 54398872
57305858 7916033
52534593 55892817
52534593 7916033
54615431 55892817
54615431 56839552
54615431 7916033
58140489 7916033
58140489 83554409
58140489 54381488
58140489 55892817
45414569 161142569
45414569 5486902
45414569 120079275
45414569 61556655
45414569 31916856
45414569 22691382
45414569 52534593
45414569 17580456
45414569 55892817
45414569 45363058
45414569 45404541
45414569 72151453
45414569 52024843
45414569 667461068
45414569 7916033
5486902 45414569
5486902 17580456
5486902 52024843
5486902 7916033
67833404 54381488
34851683 72151453
34851683 61556655
34851683 17580456
34851683 56839552
34851683 55892817
34851683 52024843
101858031 55892817
99723012 55892817
45363058 55892817
45363058 7916033
28122398 19811684
28122398 31916856
2414196 55892817
