167629154 36722284
24253636 36722284
24253636 34342755
24253636 45010853
24253636 38968210
24253636 72471441
210246377 50598350
210246377 152701843
38968210 24253636
98896902 36722284
257128410 36722284
210247190 152701843
210247190 50598350
210247190 36722284
23300100 36722284
152856628 64962083
152856628 50598350
50978350 421501883
131144542 34342755
131144542 36722284
131144542 97137345
421460284 210247190
421460284 36722284
67836728 38968210
175510082 36722284
833329613 36722284
152573184 36722284
72471441 24253636
45010853 36722284
45010853 24253636
424421300 36722284
733125 24645258
152703434 36722284
56168368 138566629
56168368 38968210
49273958 152701843
49273958 347203361
49273958 64962083
833331687 147865784
421496201 122856652
421496201 421501883
421496201 36722284
242257274 36722284
138566629 36722284
138566629 56168368
138566629 152701843
138566629 6852339
6852339 36722284
6852339 64962083
6852339 152701843
6852339 152523167
6852339 97137345
101327093 34342755
122856652 421496201
122856652 421501883
36722284 152703434
36722284 421496201
36722284 29941625
36722284 833329613
36722284 100435263
36722284 45010853
36722284 424421300
36722284 152541338
36722284 24253636
36722284 6852339
368896273 733125
833862014 144701202
29941625 36722284
152541338 36722284
421501883 122856652
421501883 421496201
421501883 50978350
152523167 138566629
152523167 6852339
383525199 36722284
232660161 36722284
232660161 97137345
24645258 733125
24645258 36722284
24645258 147865784
24645258 421501883
147865784 232660161
147865784 833331687
147865784 36722284
147865784 357564095
147865784 24645258
100435263 36722284
100435263 133037174
65474341 50598350
21043226 36722284
547220585 527826994
55612877 36722284
316366277 36722284
193307406 36722284
152701843 50598350
152701843 65474341
152701843 581254043
152701843 210246377
152701843 6852339
357564095 36722284
527826994 547220585
34342755 101327093
34342755 131144542
34342755 24253636
64962083 49273958
64962083 152856628
64962083 50598350
64962083 581254043
64962083 6852339
540512953 36722284
347203361 49273958
581254043 50598350
581254043 64962083
581254043 152701843
50598350 152701843
50598350 210247190
50598350 64962083
50598350 152856628
50598350 65474341
50598350 581254043
50598350 210246377
