109370285 114398758
109370285 225420769
109370285 138644760
109370285 365629888
109370285 144538848
109370285 50607665
109370285 98827895
109370285 5938700
109370285 51170237
109370285 74862120
109370285 77015085
109370285 225420607
109370285 161096669
109370285 700769414
109370285 646676789
646676789 114398758
646676789 138644760
646676789 144538848
646676789 109370285
646676789 5938700
646676789 74862120
646676789 225187618
646676789 161096669
646676789 700769414
365629888 74862120
365629888 109370285
365629888 144538848
365629888 138644760
365629888 225420769
365629888 114398758
225187618 98827895
225187618 161096669
225187618 646676789
50607665 144554051
50607665 114398758
50607665 225420769
50607665 144538848
50607665 98827895
50607665 5938700
50607665 74862120
50607665 77015085
50607665 161096669
77015085 114398758
77015085 225420769
77015085 144538848
77015085 50607665
77015085 98827895
77015085 109370285
77015085 298806398
77015085 74862120
77015085 161096669
77015085 700769414
138644760 114398758
138644760 225420769
138644760 365629888
138644760 98827895
138644760 109370285
138644760 225420607
138644760 225187618
138644760 161096669
138644760 646676789
225420769 114398758
225420769 700769414
225420769 161096669
225420769 225420607
225420769 77015085
225420769 109370285
225420769 98827895
225420769 50607665
225420769 365629888
114398758 225420769
114398758 138644760
114398758 365629888
114398758 144538848
114398758 50607665
114398758 98827895
114398758 109370285
114398758 77015085
114398758 225420607
114398758 161096669
114398758 700769414
114398758 646676789
144538848 144554051
144538848 114398758
144538848 365629888
144538848 50607665
144538848 98827895
144538848 109370285
144538848 5938700
144538848 298806398
144538848 77015085
144538848 161096669
144538848 700769414
144538848 646676789
74862120 365629888
74862120 50607665
74862120 98827895
74862120 109370285
74862120 5938700
74862120 77015085
74862120 161096669
74862120 646676789
298806398 700769414
298806398 77015085
298806398 144538848
225420607 700769414
225420607 109370285
225420607 98827895
225420607 138644760
225420607 225420769
5938700 144538848
5938700 50607665
5938700 98827895
5938700 109370285
5938700 51170237
5938700 74862120
5938700 161096669
5938700 700769414
5938700 646676789
144554051 50607665
144554051 144538848
98827895 114398758
98827895 225420769
98827895 138644760
98827895 144538848
98827895 50607665
98827895 109370285
98827895 182056501
98827895 5938700
98827895 74862120
98827895 77015085
98827895 225420607
98827895 225187618
98827895 161096669
98827895 700769414
98827895 646676789
700769414 646676789
700769414 161096669
700769414 225420607
700769414 77015085
700769414 298806398
700769414 5938700
700769414 109370285
700769414 98827895
700769414 144538848
700769414 225420769
700769414 114398758
51170237 50607665
51170237 5938700
161096669 114398758
161096669 225420769
161096669 138644760
161096669 365629888
161096669 144538848
161096669 50607665
161096669 98827895
161096669 109370285
161096669 5938700
161096669 74862120
161096669 77015085
161096669 225187618
161096669 700769414
161096669 646676789
182056501 98827895
