130326718 45222425
130326718 92142672
130326718 37246328
130326718 48818340
130326718 49047950
130326718 21135583
130326718 61721125
47637371 61721125
133151968 61721125
15111068 26499247
15111068 129991893
50877370 61721125
44703337 61721125
44213337 61721125
16677158 61721125
138141437 77595192
138141437 61721125
49056390 127386286
49056390 61721125
92142672 44976960
92142672 302900346
92142672 48753819
92142672 30491054
92142672 61721125
44633070 61721125
637059260 61721125
43794267 127386286
43794267 49047528
43794267 61721125
44976960 61721125
15232288 2548145
15232288 30491054
15232288 61721125
179932849 48688872
179932849 61721125
128974415 92142672
128974415 61721125
649343349 61721125
44475601 61721125
127955980 61721125
3244220 61721125
231516537 75988836
50987507 61721125
57436563 61721125
49054369 61721125
49054369 21135583
13395168 61721125
38077478 61721125
48818340 45222425
48818340 65338413
48818340 130326718
48818340 61721125
156631022 61721125
43980163 514749472
43980163 61721125
131921638 21135583
131921638 61721125
129224544 61721125
97393634 61721125
668224615 61721125
52386167 45222425
52386167 15232288
52386167 92142672
52386167 19744110
52386167 38077478
52386167 61721125
129991893 127386286
26499247 127386286
26499247 61721125
49047528 61721125
93563072 17045221
20331964 61721125
19744110 65338413
19744110 325046797
19744110 127386286
19744110 52386167
19744110 61721125
65503424 61721125
127386286 43794267
127386286 49056390
127386286 19744110
127386286 30491054
127386286 129991893
127386286 61721125
47955749 61721125
65338413 48818340
65338413 19744110
65338413 127386286
65338413 61721125
27125994 61721125
48753819 61721125
61721125 44976960
61721125 21135583
61721125 19744110
61721125 139708375
61721125 15232288
61721125 49047528
61721125 156631022
61721125 47637371
61721125 49061675
156609107 61721125
30491054 15232288
30491054 92142672
30491054 60732174
30491054 127386286
30491054 61721125
49061675 61721125
48688872 179932849
131903060 61721125
37246328 45222425
37246328 49061675
37246328 130326718
37246328 93563072
37246328 21135583
37246328 61721125
155341844 61721125
48813394 61721125
72069726 61721125
48071913 61721125
325046797 61721125
44055318 61721125
302900346 61721125
163907615 61721125
2548145 15232288
2548145 61721125
60732174 30491054
60732174 61721125
44347105 61721125
44589687 61721125
21135583 45222425
21135583 92142672
21135583 131921638
21135583 37246328
21135583 130326718
21135583 61721125
44521006 61721125
17045221 37246328
17045221 93563072
17045221 61721125
44724313 61721125
16503677 231556096
16503677 61721125
47695554 61721125
16811523 61721125
49047950 45222425
49047950 130326718
49047950 61721125
57397048 61721125
514749472 43980163
139708375 61721125
48809756 61721125
44392192 61721125
231556096 16503677
44885187 15111068
45222425 37246328
45222425 48818340
45222425 49047950
45222425 130326718
45222425 52386167
45222425 21135583
45222425 61721125
75988836 231516537
75988836 61721125
