775087327 127275283
558060296 127275283
633972414 127275283
141223805 209846373
364325197 49494969
209846373 141223805
458720035 836613036
650784518 429379070
132030459 141223805
169814807 127275283
660180377 582601944
660180377 161576918
660180377 209893392
164521465 127275283
792072872 67336017
792072872 49494969
792072872 127275283
161576918 660180377
161576918 209893392
165547146 750185354
49494969 364325197
49494969 127275283
49494969 121103655
482995215 127275283
459432455 127275283
109349549 382600983
40606488 127275283
56916958 127275283
350582398 127275283
219769082 836614062
165165553 312374164
45008897 127275283
67336017 127275283
67336017 792072872
48549179 127275283
129573587 127275283
750185354 165547146
750185354 836613036
241822336 127275283
102911131 127275283
75361512 127275283
209893392 582601944
209893392 161576918
209893392 660180377
562288714 127275283
212794058 45008897
429379070 650784518
687009909 127275283
836613036 737465524
836613036 750185354
234423911 127275283
37858567 127275283
40532032 127275283
624349767 127275283
683686714 129573587
138856770 127275283
114813855 127275283
347201966 127275283
48733321 127275283
382600983 109349549
134106867 836613036
173955419 127275283
737465524 836613036
313289928 127275283
836614062 219769082
582601944 660180377
582601944 209893392
164539722 127275283
