406421668 127230708
152574558 127230708
152574558 152858692
152574558 210273433
175254998 127230708
50757283 127230708
57476851 127230708
57476851 152851188
16831338 127230708
812449831 127230708
57643495 421480510
57643495 57648645
152499054 127230708
44759536 36052587
44759536 127230708
210273433 58122806
210273433 57652706
210273433 57648645
571577834 127230708
152733522 127230708
558374646 127230708
812484976 127230708
833598995 127230708
58334518 127230708
42083761 127230708
24475488 127230708
24475488 150099908
607440899 127230708
580911778 127230708
139449322 127230708
139449322 83969523
139449322 57648645
152601106 127230708
152601106 152728273
152601106 57652390
152601106 57648645
152601106 23187745
174567672 127230708
54289371 7478323
54289371 127230708
83969523 139449322
15230358 127230708
754566701 127230708
112934041 127230708
152670054 127230708
152670054 57648645
812485456 127230708
152821340 127230708
7478323 54289371
7478323 127230708
82110982 127230708
82110982 57648645
421480510 57643495
152663236 127230708
44587527 127230708
44587527 152851188
152632328 127230708
408824557 127230708
812547847 127230708
812461796 127230708
152858266 127230708
152858266 152851188
57652390 127230708
57652390 152601106
57652390 57648645
57652706 210273433
57652706 152446884
152850991 127230708
152850991 150099908
57648645 127230708
57648645 152601106
57648645 82110982
57648645 83969523
57648645 210273433
57648645 139449322
57648645 57643495
57648645 36052587
57648645 152670054
57648645 57646626
57648645 57652390
57648645 24475488
421480159 127230708
152728273 127230708
152728273 152601106
581015906 127230708
152858850 127230708
25310967 36052587
25310967 57648645
25310967 127230708
177178541 127230708
112934439 58122806
112934439 127230708
82925455 127230708
152446884 127230708
152446884 57652706
152446884 150099908
152579236 127230708
152858692 127230708
152858692 57648645
55582491 127230708
55582491 152851188
58122806 298856659
58122806 112934439
58122806 210273433
150099908 152850991
150099908 57646626
150099908 24475488
150099908 152446884
148255892 127230708
148255892 82110982
834752391 127230708
98859332 127230708
36052587 127230708
36052587 57648645
36052587 57646626
36052587 25310967
36052587 44759536
57646626 36052587
57646626 150099908
152839482 127230708
82117207 127230708
124439619 127230708
152851188 127230708
152851188 421480159
509766583 127230708
509766583 139449322
32253789 127230708
298856659 58122806
20337880 127230708
152941911 127230708
833542963 127230708
34249524 127230708
13969437 127230708
174178120 127230708
23187745 152601106
