16998413 48820002
16998413 224229502
16998413 550261343
16998413 45222886
16998413 33092135
223738082 58301615
359107785 57984711
359107785 33092135
15943447 224229502
15943447 7019758
193361570 48463143
193361570 44503595
48820002 16998413
48820002 45222886
44960079 80788022
44960079 57984711
45163643 45162002
45163643 130237360
45163643 31626757
45163643 205885112
45223831 228451125
45223831 17871397
45223831 224229502
45223831 550261343
45223831 45222886
45223831 33092135
26092987 16040274
44503595 193361570
191890723 134507925
228451125 45223831
550261343 205159935
550261343 16998413
550261343 7019758
550261343 45223831
550261343 45222886
49698987 49499337
49698987 167198146
49698987 224229502
49698987 45222886
104592019 17871397
104592019 33092135
17871397 104592019
17871397 7062830
17871397 45223831
17871397 33092135
29373125 57984711
33092135 7062830
33092135 17871397
33092135 104592019
33092135 16998413
33092135 44939624
33092135 359107785
33092135 45222886
33092135 44828861
33092135 45223831
7719789 36079391
224229502 49698987
224229502 44939624
224229502 15943447
224229502 16998413
224229502 7019758
224229502 11365409
224229502 45223831
224229502 45222886
49499337 68948180
49499337 49698987
49499337 690340726
49499337 45222886
49499337 11365409
205159935 550261343
205159935 7019758
205159935 45222886
16040274 26092987
48463143 57984711
48463143 193361570
48463143 45222886
81973666 152566266
44887697 57984711
690340726 49499337
690340726 45222886
45162002 57584574
45162002 31626757
45162002 205885112
45162002 130237360
167198146 49698987
54680182 57984711
54680182 45222886
52033716 57984711
7062830 17871397
7062830 33092135
7019758 49698987
7019758 15943447
7019758 57984711
7019758 205159935
7019758 224229502
7019758 550261343
11365409 49499337
11365409 224229502
205885112 45162002
205885112 45163643
58301615 223738082
152566266 81973666
45222886 550261343
45222886 45223831
45222886 16998413
45222886 205159935
45222886 48463143
45222886 224229502
45222886 54680182
45222886 49698987
45222886 48820002
45222886 44939624
45222886 49499337
45222886 690340726
45222886 33092135
44939624 224229502
44939624 33092135
44939624 45222886
167861464 81973666
36079391 7719789
836614017 57984711
652028282 57984711
