77681812 30276150
77681812 50895579
208392874 50895579
5754545 50895579
54434973 50895579
56311590 50895579
58118079 77681812
62026311 47658109
62026311 50895579
54303521 50895579
55908145 54343081
55908145 50895579
47658109 50895579
47658109 62026311
147679 50895579
665726688 50895579
665726688 158185184
158185184 665726688
158185184 50895579
48819209 50895579
12309995 50895579
13447099 50895579
6582228 50895579
54343081 55908145
54343081 77681812
54343081 50895579
52492252 50895579
51906464 50895579
158137372 50895579
132748081 50895579
30276150 50895579
30276150 77681812
50895579 12309995
50895579 77681812
50895579 158185184
