836349589 67166601
836384662 32529893
836384662 354509385
836384662 138536266
497881869 32529893
497881869 8425259
621061738 67166601
621061738 354509385
67166601 32529893
67166601 128559165
67166601 8425259
67166601 701609250
67166601 4590130
4590130 32529893
4590130 67166601
701609250 24737266
701609250 354509385
701609250 8425259
701609250 32529893
701609250 128559165
701609250 67166601
701609250 516579804
701609250 497881869
701609250 37982793
8425259 128559165
8425259 32529893
8425259 354509385
8425259 701609250
8425259 4590130
8425259 37982793
8425259 497881869
8425259 516579804
8425259 67166601
354509385 32529893
354509385 621061738
354509385 8425259
354509385 67166601
354509385 836349545
354509385 138536266
354509385 701609250
138536266 354509385
37982793 8425259
37982793 32529893
37982793 701609250
37982793 67166601
37982793 516579804
37982793 497881869
516579804 37982793
516579804 32529893
516579804 701609250
516579804 8425259
516579804 67166601
32529893 128559165
32529893 24737266
32529893 8425259
32529893 701609250
32529893 4590130
32529893 37982793
32529893 497881869
32529893 836349545
32529893 67166601
128559165 32529893
128559165 24737266
128559165 701609250
128559165 497881869
128559165 67166601
24737266 32529893
24737266 128559165
24737266 67166601
24737266 497881869
24737266 701609250
836349545 32529893
836349545 354509385
836349545 67166601
