61255123 19961489
83640747 19961489
118026061 19961489
48752411 19961489
7655109 25098355
7655109 33758127
7655109 19961489
133112513 8643593
133112513 19961489
30319010 54586076
30319010 27690868
30319010 23365345
30319010 19961489
33758127 7655109
33758127 12467988
33758127 27690868
33758127 32126917
33758127 23365345
33758127 19961489
18885183 47900879
18885183 32126917
47841334 19961489
36886480 54586076
36886480 19961489
11944040 23365345
11944040 19961489
44351012 19961489
44601168 5324120
44601168 83640747
302918110 19961489
57127056 27690868
57127056 19961489
71231985 27690868
71231985 23365345
71231985 19961489
49053525 19961489
49092510 8643593
49092510 19961489
67841884 19961489
67841884 23365345
48122074 19961489
4786707 5324120
52386802 23365345
52386802 19961489
25098355 32126917
25098355 7655109
25098355 19961489
25098355 54586076
32126917 25098355
32126917 18885183
32126917 33758127
54586076 23365345
54586076 19961489
130474756 19961489
36823103 19961489
34644389 5324120
34644389 71231985
34644389 12467988
34644389 23365345
34644389 19961489
52387735 19961489
47900879 18885183
47900879 23365345
57422648 19961489
8643593 53116552
8643593 36886480
8643593 49092510
8643593 133112513
8643593 23365345
8643593 19961489
132797197 130474756
132797197 19961489
49042992 19961489
18898384 19961489
5324120 27690868
5324120 12467988
5324120 53116552
5324120 60384243
5324120 57127056
5324120 34644389
5324120 44601168
5324120 4786707
5324120 23365345
5324120 19961489
82264409 19961489
53116552 27690868
53116552 8643593
53116552 71231985
53116552 5324120
12467988 5324120
12467988 27690868
12467988 34644389
12467988 33758127
12467988 23365345
12467988 19961489
65591712 19961489
23365345 12467988
23365345 34644389
23365345 30319010
23365345 71231985
23365345 27690868
23365345 5324120
23365345 67841884
23365345 11944040
23365345 8643593
23365345 33758127
23365345 21607317
23365345 47900879
23365345 19961489
44293514 19961489
27690868 5324120
27690868 53116552
27690868 57127056
27690868 30319010
27690868 71231985
27690868 12467988
27690868 33758127
27690868 23365345
27690868 19961489
48754436 19961489
21607317 23365345
21607317 19961489
