57441901 127169841
48752411 127169841
54062152 4337675
54062152 127169841
44546134 3632331
97137508 3632331
97137508 127169841
3587163 127169841
21930219 127169841
38202936 20098325
38202936 127169841
2492685 3632331
2492685 127169841
20098325 3632331
20098325 127169841
20098325 127189303
44491786 3632331
155328820 127169841
3632331 127169841
127189303 127169841
69102394 73850890
69102394 3632331
69102394 127169841
44145431 127169841
47775755 127169841
59989040 127169841
104749224 3632331
104749224 20098325
104749224 127169841
45010198 127169841
57427503 3632331
57427503 127169841
61306625 127169841
45388007 127169841
82528044 3632331
82528044 53177369
82528044 4337675
82528044 20098325
82528044 127169841
4337675 3632331
4337675 82528044
4337675 127169841
4337675 54062152
127169841 3632331
127169841 127189303
329471189 53177369
73850890 3632331
73850890 127169841
73850890 44170885
39036836 3632331
39036836 127169841
49042992 3632331
49042992 127169841
57378825 3632331
57489350 3632331
57489350 127169841
43871702 127169841
44170885 73850890
44170885 20098325
44170885 127169841
57438652 3632331
57438652 127169841
57438652 127189303
56921637 3632331
56921637 127169841
85804932 127169841
84839783 127169841
53177369 73850890
53177369 3632331
53177369 79846876
53177369 127169841
53177369 329471189
49043745 127169841
65109585 127169841
67242070 3632331
67242070 192618080
67242070 127169841
60139095 3632331
60139095 79846876
60139095 20098325
60139095 127169841
60139095 39036836
57315921 127169841
16816216 3632331
16816216 79846876
16816216 20098325
16816216 127169841
60931548 3632331
60931548 127169841
