836613020 31415083
152932332 127166025
24114744 127166025
292302895 127166025
210191631 57650651
210191631 127166025
210191631 57588338
210191631 31415083
69023865 175157494
69023865 127166025
78636305 127166025
806402354 127166025
534284920 127166025
210214735 44757835
210214735 57649521
210214735 145456233
210214735 175157494
210214735 127166025
210214735 57588338
57650651 44757835
57650651 57650050
57650651 57650999
57650651 210191631
57650651 57649521
57650651 152892157
57650651 175157494
57650651 127166025
57650651 152912139
57650651 57588338
57650651 57645764
57650651 57645744
57650651 16726949
57650651 5125044
57650651 210210624
57650651 67521746
57650651 31415083
57650651 57650143
57650651 57649904
501135345 127166025
624440858 127166025
152480856 57650050
152480856 127166025
130013947 44757835
130013947 127166025
69192484 127166025
582193447 127166025
152912139 44757835
152912139 57650651
152912139 57645744
152912139 127166025
570255181 127166025
836614554 127166025
57650143 44757835
57650143 57650651
57650143 175157494
57650143 127166025
152912022 127166025
73732472 127166025
73732472 130013947
152729475 44757835
152729475 152892157
152729475 127166025
152729475 31415083
44757835 152929925
44757835 57650999
44757835 57649521
44757835 57650651
44757835 175157494
44757835 101699171
44757835 127166025
44757835 152912139
44757835 210214735
44757835 144703128
44757835 57588338
44757835 57645744
44757835 152729475
44757835 16726949
44757835 5125044
44757835 67521746
44757835 31415083
44757835 130013947
44757835 163259536
44757835 57650143
44757835 57649904
634201251 127166025
24537811 127166025
24537811 67521746
19473890 127166025
230445572 127166025
368914670 127166025
137716555 127166025
137716555 50569062
229045009 127166025
152929925 44757835
152929925 145456233
152929925 127166025
152929925 57645744
198269597 127166025
24367161 127166025
581059230 127166025
57649904 57645764
57649904 44757835
57649904 175157494
57649904 57588338
57649904 57649521
57649904 127166025
57649904 57650651
57649904 31415083
57649904 67521746
57649904 57645744
57649904 57650999
57649904 145456233
155816877 44757835
155816877 127166025
155816877 137716555
834037404 127166025
31907684 127166025
31907684 31415083
31907684 130013947
834264598 127166025
582608474 127166025
145456233 152929925
145456233 57650999
145456233 127166025
145456233 210214735
145456233 57645744
145456233 5125044
145456233 31415083
145456233 57649904
152883499 127166025
722975154 127166025
385928046 127166025
152788205 127166025
210210624 57650999
210210624 57650651
210210624 127166025
16726949 44757835
16726949 57650050
16726949 57650651
16726949 175157494
16726949 127166025
33944323 127166025
33944323 57650050
57649521 44757835
57649521 57650651
57649521 175157494
57649521 210214735
57649521 57588338
57649521 17818141
57649521 127166025
57649521 31415083
57649521 57649904
19813785 127166025
5125044 44757835
5125044 57650651
5125044 145456233
5125044 57645744
5125044 67521746
5125044 57645764
5125044 127166025
5125044 31415083
5125044 57650050
175157494 44757835
175157494 57650050
175157494 57650999
175157494 57649521
175157494 57650651
175157494 152672899
175157494 101699171
175157494 69023865
175157494 127166025
175157494 210214735
175157494 144703128
175157494 57588338
175157494 57645764
175157494 57645744
175157494 16726949
175157494 31415083
175157494 57650143
175157494 57649904
44973874 127166025
836612994 127166025
298858517 127166025
57645744 44757835
57645744 152929925
57645744 57650999
57645744 57650651
57645744 145456233
57645744 175157494
57645744 101699171
57645744 37296979
57645744 127166025
57645744 152912139
57645744 57588338
57645744 57645764
57645744 5125044
57645744 31415083
57645744 57649904
210191026 127166025
833658470 31415083
17818141 57649521
17818141 101699171
17818141 127166025
163259536 44757835
163259536 127166025
31415083 44757835
31415083 152688529
31415083 57650999
31415083 210191631
31415083 57650651
31415083 152672899
31415083 145456233
31415083 177100086
31415083 175157494
31415083 836613020
31415083 137716555
31415083 57588338
31415083 57645744
31415083 67521746
31415083 5125044
31415083 57650050
31415083 57649521
31415083 127166025
31415083 833658470
31415083 152729475
31415083 57649904
298855745 127166025
144703128 44757835
144703128 175157494
144703128 127166025
50569062 127166025
50569062 137716555
101699171 44757835
101699171 57650999
101699171 175157494
101699171 127166025
101699171 57588338
101699171 57645744
101699171 67521746
101699171 17818141
57645764 57650999
57645764 57650651
57645764 175157494
57645764 57649904
57645764 57588338
57645764 57645744
57645764 5125044
57645764 57650050
57645764 127166025
7891017 127166025
152688529 127166025
152688529 31415083
57588338 44757835
57588338 57650999
57588338 210191631
57588338 57649521
57588338 57650651
57588338 175157494
57588338 101699171
57588338 127166025
57588338 210214735
57588338 57645764
57588338 57645744
57588338 67521746
57588338 31415083
57588338 57649904
804947599 127166025
57650050 175157494
57650050 16726949
57650050 57645764
57650050 127166025
57650050 31415083
57650050 152892157
57650050 5125044
582514222 127166025
177100086 127166025
177100086 31415083
37296979 127166025
37296979 57645744
834035958 127166025
299116042 127166025
67521746 44757835
67521746 24537811
67521746 57650651
67521746 145456233
67521746 101699171
67521746 127166025
67521746 57588338
67521746 31415083
833380029 127166025
812560986 127166025
167861368 127166025
167861368 50569062
167861368 67521746
152892157 127166025
152892157 152729475
152892157 57650050
582429103 127166025
152672899 175157494
152672899 127166025
836613087 127166025
