25477970 85000673
25477970 134310865
780023796 57651868
812493550 730603918
812493550 149526857
833816764 134310865
833816764 834171922
185277448 145158275
32661684 152957625
152920064 230927799
85000673 25477970
72587236 730603918
72587236 64938055
72587236 421498191
72587236 152957625
48701061 72587236
48701061 152957625
48701061 730603918
698644839 254993545
698644839 57651868
32582624 730603918
32582624 19285426
128184179 152671287
730603918 33779469
730603918 812541704
730603918 152620305
730603918 230927799
730603918 32582624
730603918 421518113
730603918 157788967
730603918 72587236
730603918 421498191
730603918 152595107
730603918 316627963
730603918 604328045
730603918 812493550
730603918 152957625
730603918 152671287
730603918 80759689
730603918 2634374
730603918 149526857
730603918 48701061
730603918 152481665
59635988 152957625
59635988 164374513
59635988 134310865
59635988 85000673
230927799 152920064
230927799 730603918
230927799 254993545
230927799 145158275
19285426 13557052
19285426 316627963
19285426 32582624
19285426 145158275
19285426 152957625
19285426 164374513
152595107 730603918
152595107 421498191
152595107 152957625
152595107 254993545
152595107 149526857
157788967 730603918
316627963 730603918
316627963 19285426
316627963 254993545
316627963 152957625
220518041 64938055
421498191 152702445
421498191 72587236
421498191 730603918
421498191 152595107
421498191 152957625
421498191 145158275
421498191 149526857
80759689 152957625
80759689 730603918
80759689 145158275
164374513 19285426
164374513 2634374
164374513 59635988
33779469 730603918
33779469 152957625
134310865 25477970
134310865 833816764
134310865 152957625
134310865 834171922
812541704 152620305
812541704 228438506
812541704 730603918
421518113 57651868
421518113 730603918
421518113 152957625
421518113 19285426
152702445 421498191
64938055 72587236
64938055 220518041
228438506 152620305
228438506 812541704
604328045 730603918
604328045 152595107
152671287 57651868
152671287 730603918
152671287 152957625
152671287 145158275
152671287 149526857
152620305 228438506
152620305 812541704
152620305 57651868
152620305 13557052
152620305 730603918
2634374 730603918
2634374 254993545
2634374 164374513
57651868 152620305
57651868 780023796
57651868 152671287
57651868 698644839
145158275 152957625
145158275 254993545
145158275 152671287
145158275 185277448
145158275 19285426
152481665 85000673
152481665 145158275
152481665 72587236
152481665 730603918
254993545 152957625
254993545 316627963
254993545 698644839
254993545 145158275
834171922 833816764
834171922 134310865
152957625 134310865
152957625 72587236
152957625 730603918
152957625 316627963
152957625 32661684
152957625 254993545
152957625 152671287
152957625 145158275
152957625 19285426
152957625 152481665
60943763 134310865
13557052 19285426
149526857 421498191
149526857 152595107
149526857 730603918
149526857 812493550
149526857 19285426
149526857 152671287
