79706132 122951244
128325446 251846501
128325446 67638712
128325446 581160766
128325446 34430146
128325446 290910701
128325446 7920394
507705618 122951244
57317292 122951244
299534801 122951244
152905775 122951244
81918897 122951244
833658439 122951244
58124948 122951244
52389416 122951244
52389416 9114069
225539049 122951244
36706902 45161843
36706902 152785290
36706902 54422109
127386544 122951244
253922535 122951244
152485601 122951244
152730380 217177359
26157572 122951244
604339275 122951244
728412450 122951244
9114069 52389416
9114069 122951244
152785290 61262754
152785290 81918897
152785290 122951244
152785290 7920394
152785290 36706902
148043424 122951244
339936635 122951244
339936635 215709179
131581818 122951244
73210112 122951244
604892418 122951244
34430146 152592514
34430146 122951244
34430146 128325446
34430146 308187118
34430146 5110652
34430146 7920394
34430146 75361310
152660644 122951244
145114388 122951244
58180457 122951244
97235058 122951244
32311711 122951244
314560764 122951244
56623679 122951244
48919353 122951244
836612162 122951244
75361310 122951244
75361310 34430146
833559648 122951244
18547446 122951244
581086329 122951244
581086329 34430146
607701587 122951244
564857770 122951244
166497079 122951244
15266151 122951244
60286948 81918897
60286948 52389416
81406108 122951244
802181772 122951244
122951244 253922535
122951244 61262754
453853891 122951244
581160766 128325446
251846501 128325446
251846501 166717104
19932820 122951244
7920394 122951244
7920394 128325446
756520128 122951244
68914191 122951244
10066602 122951244
833629450 122951244
377324704 122951244
350590602 122951244
152907511 122951244
377300220 122951244
58410241 122951244
152592514 34430146
152592514 5110652
560681503 166717104
768951433 122951244
163888605 122951244
61262754 122951244
166717104 122951244
58321442 122951244
836612656 122951244
580705705 122951244
5110652 152592514
5110652 34430146
38897845 122951244
38897845 507705618
308187118 34430146
215709179 339936635
50771116 122951244
67638712 122951244
67638712 128325446
67638712 290910701
61239761 604892418
61239761 145114388
61239761 122951244
607645543 122951244
607645543 61262754
49187218 122951244
199727797 122951244
694791936 122951244
45161843 36706902
54422109 122951244
54422109 81918897
54422109 36706902
290910701 67638712
290910701 128325446
73878036 122951244
217177359 152730380
217177359 122951244
