558733689 11389158
794504770 11389158
24331402 11389158
508652776 11389158
668092786 11389158
144773777 11389158
364141237 11389158
11389158 364141237
24188575 11389158
155445102 11389158
558657323 11389158
536239441 11389158
144734888 11389158
255009298 11389158
31515403 11389158
31515403 60466559
137335214 11389158
35347611 72463615
35347611 11389158
144736605 11389158
679311337 11389158
558695476 11389158
72808763 11389158
154827333 11389158
258003854 11389158
11049687 11389158
42238191 11389158
233417216 11389158
17649587 11389158
60466559 11389158
836613820 11389158
199912299 11389158
