57483769 69075709
128590562 127641284
12625720 69075709
445857338 127641284
49444999 69075709
69075709 127641284
98971773 127641284
47699818 69075709
1741469 129583715
1741469 127641284
121612569 69075709
17165564 128099819
17165564 69075709
67994541 69075709
37296736 127641284
155508282 69075709
57358118 127641284
95973557 69075709
302772764 127641284
44814264 69075709
129583715 57411982
129583715 4298330
129583715 1741469
129583715 127406618
135957856 69075709
128099819 127641284
128099819 69075709
540186705 69075709
78082261 83524852
78082261 127641284
58093319 127406618
58093319 57411982
58093319 127641284
58093319 128590562
58093319 129583715
58093319 69075709
127641284 128590562
127641284 69075709
33168923 127406618
33168923 128590562
451500499 127641284
192436127 69075709
217499775 127641284
79778104 69075709
79778104 128590562
79778104 127641284
83524852 78082261
6786105 127641284
112758907 69075709
31660809 4298330
58183323 127641284
127406618 129583715
127406618 128590562
127406618 127641284
236321148 69075709
111072214 127641284
506829236 127641284
27034544 69075709
57411982 127641284
57411982 129583715
57411982 128590562
57411982 127406618
57411982 58093319
4298330 31660809
4298330 129583715
4298330 69075709
763693106 127641284
763693106 128590562
