83957266 94038185
45021693 19350930
50642426 19350930
50642426 127319205
50642426 44832447
94038185 83957266
111507561 224229511
27051236 19350930
224229511 19350930
224229511 111507561
68951167 19350930
44745425 19350930
48846065 19350930
48489447 19350930
127777132 127319205
45050412 127319205
44638886 19350930
44907784 19350930
11983394 19350930
49049510 55237306
49049510 44896911
75349930 19350930
17416058 19350930
17416058 38446013
44896911 49049510
44896911 19350930
44896911 44822686
200895539 19350930
50905346 38446013
38446013 19350930
38446013 50905346
44822686 19350930
44822686 82528455
44822686 44896911
44822686 44832447
302883631 19350930
44265982 19350930
132106013 19350930
127841033 127455280
53049992 19350930
53049992 17416058
85842103 19350930
30877836 19350930
19350930 50868179
19350930 44822686
19350930 68951167
19350930 224229511
19350930 54408170
19350930 44638886
19350930 44488010
19350930 30877836
19350930 85842103
19350930 38446013
163450230 127455280
744048633 19350930
329333046 19350930
50868179 19350930
607606429 19350930
44488010 19350930
133326056 19350930
55237306 49049510
55237306 48489447
127455280 127319205
82528455 44822686
43780517 19350930
57443669 19350930
141248693 127455280
57378482 127319205
694792220 19350930
231121268 19350930
108483066 19350930
45012479 19350930
