56884338 28815369
28815369 54398889
28815369 56884338
133030469 131188146
56432193 131188146
212720254 131188146
55843601 131188146
55843601 25777676
67553703 31844744
67553703 30197572
251919182 25777676
54398889 28815369
30197572 67553703
34851999 131188146
12786404 29983816
29983816 12786404
68948265 12717562
25777676 251919182
25777676 131188146
131188146 12717562
28485764 25777676
28485764 14521701
120244133 131188146
75369076 10530603
75369076 68948265
10530603 75369076
14521701 28485764
24419067 71201768
