816341209 441238618
816341209 14313517
816341209 605081026
816341209 836610833
172414048 14313517
172414048 605081026
605081026 441238618
605081026 14313517
605081026 816341209
605081026 836610550
836610550 441238618
836610550 14313517
836610550 605081026
836610550 816341209
116145232 605081026
441238618 14313517
441238618 605081026
441238618 836610550
14313517 441238618
14313517 605081026
14313517 172414048
14313517 836610833
14313517 816341209
14313517 836610550
467265337 605081026
836610833 14313517
836610833 605081026
836610833 816341209
836610833 836610550
