19597123 385542277
19597123 127167800
19597123 602566594
19597123 38251410
19597123 196859483
19597123 4650402
19597123 10282179
602513367 10282179
127745295 10282179
497010013 4650402
35897362 4250239
35897362 26736273
35897362 65554915
35897362 130063215
54265763 196859483
54265763 4650402
127812340 127167800
127812340 4650402
94983174 10282179
94983174 61264721
127167800 602566594
127167800 61264721
127167800 4650402
61264721 127167800
61264721 30275373
61264721 196859483
61264721 4650402
50865029 4650402
168072336 10282179
174220909 4650402
83677337 128014992
57494493 500975973
57494493 299608229
57494493 57069444
57494493 4650402
57494493 10282179
55019342 4650402
55019342 130063215
55019342 4250239
55019342 65554915
26736273 35897362
38251410 602566594
38251410 196859483
38251410 4650402
38251410 10282179
121576738 10282179
30275373 61264721
30275373 4650402
30275373 10282179
836613388 10282179
4650402 32742368
4650402 127167800
4650402 211473679
4650402 38251410
4650402 196859483
4650402 61264721
4650402 10282179
44887484 10657132
173009831 65554915
211473679 32742368
211473679 4650402
196859483 30275373
196859483 4650402
48604413 27334235
57494662 217118921
4250239 35897362
4250239 65554915
4250239 10282179
56970681 211473679
10282179 121576738
10282179 385542277
10282179 127167800
10282179 30275373
10282179 602566594
10282179 38251410
10282179 196859483
10282179 61264721
10282179 4650402
10282179 4250239
10282179 20511534
10282179 168072336
10282179 57494493
10282179 299185705
10282179 128950418
10282179 65554915
10282179 31513726
10282179 666015503
10282179 19597123
666015503 602566594
666015503 4650402
666015503 10282179
72063138 4650402
296443134 27334235
17879503 127167800
17879503 4650402
17879503 10282179
21604425 196859483
21604425 4650402
21604425 10282179
128950418 127167800
128950418 4650402
128950418 10282179
57069444 500975973
57069444 57494493
57069444 10282179
89499460 61264721
89499460 4650402
425660470 128014992
299185705 10282179
97281997 4650402
97281997 10282179
31513726 127167800
31513726 211473679
31513726 4650402
31513726 10282179
31513726 497010013
57069047 385542277
57069047 10282179
128014992 83677337
17059395 32742368
17059395 4650402
836612998 17059395
173835888 10282179
385542277 10282179
385542277 605082829
50868422 4650402
65554915 127167800
65554915 4250239
65554915 10282179
65554915 130063215
32742368 127167800
32742368 211473679
32742368 4650402
27334235 296443134
299115665 4650402
130063215 65554915
130063215 35897362
20511534 10282179
54457470 10282179
602566594 127167800
602566594 10282179
602566594 38251410
55056102 196859483
55056102 17059395
605082829 385542277
602538584 10282179
128173167 127167800
500975973 57069444
500975973 57494493
500975973 10282179
