304783152 40135784
304783152 48627076
304783152 378752754
304783152 144530664
304783152 637164597
304783152 61533203
125587647 637164597
125587647 135064252
125587647 144530664
125587647 139156107
125587647 121370444
125587647 132145169
40135784 144530664
40135784 304783152
40135784 233623562
22083042 144530664
22083042 121370444
22083042 132145169
22083042 368360906
579157062 121370444
307718318 48627076
156181005 135064252
156181005 132145169
156181005 378752754
156181005 302168928
156181005 144530664
156181005 637164597
156181005 121370444
301021668 289203181
155551004 59486652
155551004 121370444
155551004 135064252
155551004 36296802
155551004 302168928
155551004 132145169
155551004 579028703
155551004 233623562
155551004 22083042
155551004 89947875
155551004 39792011
155551004 61533203
155551004 144530664
155551004 525128081
155551004 30417848
155551004 637164597
155551004 9059584
155551004 289203181
155551004 761313284
199938174 135064252
199938174 132145169
199938174 525128081
199938174 144530664
199938174 637164597
199938174 121370444
89091504 135064252
78104848 39792011
78104848 139156107
78104848 135064252
78104848 30417848
78104848 155551004
78104848 578752867
78104848 48627076
78104848 144530664
78104848 121370444
78104848 637164597
30656846 144530664
30656846 132651894
113133210 637164597
113133210 135064252
113133210 144530664
113133210 121370444
113133210 132145169
131275524 637164597
216841815 637164597
216841815 132651894
156026335 178814055
156026335 144530664
156026335 121370444
370671035 135064252
303005234 637164597
303005234 132145169
303005234 121370444
761313284 637164597
761313284 144530664
761313284 132145169
761313284 30417848
761313284 75179013
761313284 39792011
761313284 579028703
761313284 289203181
761313284 525128081
761313284 121370444
132145169 637164597
132145169 135064252
132145169 144530664
132145169 121370444
132145169 835804500
165184502 156068107
54237394 135064252
54237394 132145169
54237394 144530664
54237394 637164597
54237394 121370444
39792011 637164597
39792011 144530664
39792011 59486652
39792011 378752754
39792011 30417848
39792011 49076484
39792011 155551004
39792011 289203181
39792011 156068107
39792011 78104848
89947875 54222202
89947875 132145169
89947875 144530664
89947875 637164597
89947875 121370444
52820674 637164597
52820674 135064252
52820674 144530664
52820674 121370444
52820674 22083042
52820674 132145169
48627076 637164597
48627076 307718318
48627076 39448310
48627076 135064252
48627076 144530664
48627076 579028703
48627076 139156107
48627076 121370444
48627076 304783152
48627076 39792011
48627076 22083042
48627076 132145169
48627076 378752754
48627076 289193214
48627076 368360906
48627076 30417848
48627076 525128081
48627076 49076484
48627076 289203181
48627076 78104848
8069113 135064252
8069113 155957172
8069113 132145169
8069113 637164597
8069113 289203181
8069113 121370444
454548814 144530664
72052643 144530664
199941195 637164597
199941195 54222202
199941195 135064252
199941195 144530664
199941195 121370444
199941195 59486652
199941195 132145169
199941195 75179013
199941195 30417848
451001957 135064252
579028703 135064252
579028703 59486652
579028703 132145169
579028703 144530664
579028703 61533203
579028703 761313284
5561431 135064252
5561431 144530664
5561431 132145169
578752867 135064252
578752867 144530664
578752867 132145169
578752867 289203181
224298139 144530664
224298139 132145169
368360906 637164597
368360906 135064252
368360906 144530664
368360906 121370444
368360906 132145169
54222202 637164597
54222202 144530664
54222202 121370444
54222202 835804500
144530664 54222202
144530664 40135784
144530664 135064252
144530664 454548814
144530664 139156107
144530664 224298139
144530664 218226431
144530664 233623562
144530664 135397783
144530664 39792011
144530664 22083042
144530664 156026335
144530664 59486652
144530664 132145169
144530664 199941195
144530664 378752754
144530664 289193214
144530664 368360906
144530664 836375030
144530664 525128081
144530664 125587647
144530664 302168928
144530664 49076484
144530664 637164597
144530664 30417848
144530664 61533203
144530664 36296802
144530664 9059584
144530664 579028703
144530664 835804500
144530664 579157062
144530664 199938174
144530664 121370444
144530664 89947875
144530664 304783152
144530664 156181005
144530664 155551004
144530664 289203181
144530664 75179013
144530664 761313284
144530664 156068107
30417848 54222202
30417848 300217166
30417848 135064252
30417848 218226431
30417848 233623562
30417848 135397783
30417848 39792011
30417848 22083042
30417848 59486652
30417848 132145169
30417848 199941195
30417848 368360906
30417848 525128081
30417848 302168928
30417848 49076484
30417848 144530664
30417848 637164597
30417848 61533203
30417848 36296802
30417848 39448310
30417848 121370444
30417848 48445763
30417848 48580250
30417848 289203181
30417848 761313284
33543281 637164597
33543281 135064252
121370444 54222202
121370444 132145169
121370444 144530664
121370444 637164597
121370444 579157062
121370444 89947875
121370444 761313284
121370444 289203181
383049829 132651894
289203181 637164597
289203181 370671035
289203181 132145169
289203181 39792011
289203181 135064252
289203181 49076484
289203181 144530664
289203181 121370444
289203181 199938174
289203181 59486652
289203181 125587647
289203181 301021668
289203181 30417848
289203181 48627076
289203181 525128081
289203181 155957172
289203181 36296802
289203181 578752867
289203181 8069113
289203181 78104848
289203181 761313284
289203181 75179013
258316550 135064252
258316550 132145169
258316550 579028703
258316550 144530664
258316550 525128081
606764313 637164597
606764313 132145169
139156107 637164597
836375030 289203181
836375030 144530664
836375030 135064252
836375030 637164597
9059584 135064252
9059584 378752754
9059584 144530664
9059584 637164597
9059584 121370444
378752754 135064252
378752754 144530664
378752754 39792011
378752754 59486652
378752754 48627076
378752754 156181005
378752754 289203181
378752754 525128081
378752754 9059584
835804500 54222202
835804500 637164597
835804500 144530664
835804500 132145169
74247847 637164597
74247847 144530664
156068107 59486652
156068107 121370444
156068107 135064252
156068107 144530664
156068107 39792011
156068107 165184502
156068107 637164597
155957172 8069113
155957172 144530664
155957172 121370444
155957172 289203181
16776250 135064252
16776250 144530664
16776250 199938174
16776250 132145169
49076484 637164597
49076484 54222202
49076484 135064252
49076484 144530664
49076484 121370444
49076484 39792011
49076484 199938174
49076484 48627076
49076484 132145169
49076484 30417848
49076484 132651894
49076484 289203181
49076484 761313284
448024987 637164597
448024987 135064252
132651894 216841815
299243634 637164597
299243634 135064252
299243634 144530664
299243634 121370444
299243634 30417848
299243634 289203181
75179013 637164597
75179013 289203181
75179013 144530664
75179013 761313284
217181734 637164597
302168928 637164597
302168928 144530664
302168928 155551004
302168928 525128081
302168928 30417848
302168928 156181005
36296802 135064252
36296802 233623562
36296802 59486652
36296802 132145169
36296802 144530664
36296802 637164597
36296802 30417848
36296802 180606924
36296802 121370444
36296802 289203181
61533203 525128081
61533203 144530664
61533203 304783152
61533203 579028703
39448310 135064252
39448310 132145169
39448310 144530664
39448310 637164597
39448310 121370444
135064252 637164597
135064252 144530664
135064252 132145169
178814055 132145169
178814055 156026335
178814055 224298139
57333472 135064252
57333472 144530664
57333472 132145169
218226431 637164597
218226431 144530664
218226431 30417848
218226431 132145169
300217166 36296802
300217166 289203181
300217166 836375030
300217166 121370444
233623562 637164597
233623562 40135784
233623562 135064252
233623562 144530664
233623562 132145169
525128081 637164597
525128081 144530664
525128081 61533203
525128081 199938174
525128081 59486652
525128081 48627076
525128081 378752754
525128081 30417848
525128081 761313284
525128081 289203181
525128081 155551004
525128081 302168928
289193214 144530664
289193214 48627076
289193214 22083042
48580250 135064252
48580250 132145169
48580250 144530664
48580250 637164597
578794542 135064252
637164597 135064252
637164597 216841815
637164597 59486652
637164597 132145169
637164597 144530664
637164597 30417848
637164597 36296802
637164597 835804500
637164597 121370444
637164597 89947875
637164597 156181005
59486652 637164597
59486652 135064252
59486652 144530664
59486652 36296802
59486652 121370444
59486652 89091504
59486652 289203181
12416998 144530664
135397783 144530664
135397783 30417848
48445763 30417848
