605174603 29247998
57494498 262583131
57494498 57068781
57494498 57069483
57494498 602531215
57494498 747247163
57494498 57068429
57494498 57068398
57494498 747192947
57494498 52609007
57494498 57070128
57494498 29247998
82647766 130454771
82647766 38449764
82647766 18245066
54410706 18245066
58024661 18245066
58024661 130454771
58024661 138617334
262583131 57494505
262583131 57070128
262583131 57068398
262583131 57494498
262583131 37004737
60288623 130454771
60288623 18245066
57068893 602531215
665978924 37004737
57069713 37004737
57069713 29247998
666017825 665982160
666017825 696469404
57068398 57070128
57068398 29247998
57068398 37004737
57444208 138617334
205884959 130454771
29247998 125988324
29247998 57069410
29247998 57494505
29247998 57070554
29247998 52608769
29247998 57068398
29247998 37004737
29247998 605174603
29247998 57069713
29247998 57494498
57070554 57494505
57070554 29247998
57070554 37004737
130454771 58255029
130454771 18245066
130454771 37004737
9753960 18245066
602542613 201222268
602542613 602531215
54238207 201222268
18245066 130454771
18245066 82647766
52609007 37004737
52608649 130454771
460287456 57070128
460287456 52608769
460287456 57068426
57483472 18245066
201222268 602542613
201222268 602531215
58255029 130454771
37004737 130454771
37004737 262583131
37004737 602531215
37004737 57068398
37004737 57068426
665982160 666017825
665982160 57069483
57069538 130454771
57069538 37004737
57068429 57494505
57068429 37004737
57068429 57494498
57068429 29247998
58015931 138617334
38449764 130454771
38449764 18245066
38449764 82647766
215642226 18245066
215642226 9753960
57068426 460287456
57068426 602531215
57068426 37004737
58020498 18245066
602531215 201222268
602531215 57069410
602531215 602542613
602531215 57070128
602531215 57069713
602531215 52608769
602531215 57068398
602531215 57068426
602531215 57068893
52608769 57069410
52608769 602531215
52608769 29247998
52608769 460287456
57069483 665982160
57069483 130454771
57069483 349473544
57069483 57070128
57069483 57069713
57069483 602531215
57069483 57068429
57069483 57068398
57069483 29247998
57069483 57494498
57069483 37004737
57069410 602531215
57069410 52608769
57069410 29247998
57069410 37004737
125988324 262583131
125988324 37004737
125988324 29247998
138617334 130454771
57494505 130454771
57494505 57070554
57494505 57068429
57494505 29247998
57494505 37004737
199677784 29247998
57070128 262583131
57070128 57068781
57070128 602531215
57068781 57070128
57068781 52609007
57068781 57068398
299745540 130454771
696469404 57069410
696469404 37004737
696469404 29247998
