83554244 54432507
83554244 13246427
83554244 68934167
83554244 4412939
83554244 52011243
83554244 13966003
83554244 54968924
83554244 82951093
83554244 56760499
83554244 48985583
83554244 45223481
83554244 39793937
54432507 14376739
54432507 56760499
54432507 54437733
54432507 49022297
54432507 45494236
54432507 4412939
54432507 35021896
54432507 68934167
54432507 9590282
54432507 52011243
54432507 83554244
82951093 55033635
82951093 54434490
82951093 4412939
82951093 54968924
82951093 52011243
82951093 83554244
169528163 56760499
54376919 56760499
60097233 3740627
60097233 52076177
14376739 56760499
14376739 54968924
14376739 54432507
14376739 4412939
14376739 68934167
14376739 52011243
616240456 38594492
55912746 54339497
56760499 54339497
56760499 83554244
38594492 616240456
38594492 54432507
38594492 13966003
9590282 13966003
54438863 98781276
48813544 98781276
48985583 54437733
48985583 4412939
48985583 83554244
68934167 14376739
68934167 54432507
68934167 83554244
54434216 56760499
54434216 49022297
60080489 78545541
60080489 54339497
60080489 30197572
30197572 56760499
30197572 60080489
30197572 18035909
30197572 74788559
30197572 4412939
30197572 54339497
30197572 36781991
52011243 56760499
52011243 4412939
52011243 14376739
52011243 82951093
52011243 67495027
52011243 54432507
52011243 54437733
52011243 54968924
52011243 13246427
52011243 83554244
54968924 56760499
54968924 83554244
39254295 9590282
39254295 56760499
39254295 74788559
39254295 98781276
52076177 9590282
52076177 3740627
52076177 60097233
49022297 54434216
49022297 54432507
49022297 45494236
98781276 67495027
98781276 39254295
98781276 48813544
98781276 54434490
37628563 54968924
3740627 52076177
45223481 13246427
45223481 4412939
45223481 83554244
45494236 56760499
45494236 54437733
45494236 208444629
45494236 54432507
45494236 49022297
45494236 4412939
45494236 9018719
4412939 13246427
4412939 9590282
4412939 45223481
4412939 39793937
4412939 56760499
4412939 39254295
4412939 54434216
4412939 49822708
4412939 48985583
4412939 54434490
4412939 54432507
4412939 45494236
4412939 13966003
4412939 60272113
4412939 68934167
4412939 30197572
4412939 52011243
4412939 83554244
13246427 45223481
13246427 56760499
13246427 54437733
13246427 49822708
13246427 54434490
13246427 78545541
13246427 4412939
13246427 35021896
13246427 52011243
13246427 83554244
67495027 56760499
67495027 98781276
54434490 82951093
54434490 13246427
54434490 56760499
54434490 54968924
54434490 49822708
54434490 4412939
54434490 98781276
54437733 13246427
54437733 56760499
54437733 49822708
54437733 48985583
54437733 54432507
54437733 45494236
54437733 4412939
54437733 68934167
54437733 52011243
36781991 56760499
36781991 62297479
49822708 13246427
49822708 54434490
9018719 57473019
9018719 54436164
9018719 45494236
9018719 56760499
62297479 36781991
74788559 56760499
74788559 30197572
39793937 4412939
39793937 83554244
55033635 57473019
55033635 82951093
55033635 56760499
55033635 54432507
55033635 4412939
55033635 52011243
78545541 13246427
13966003 14376739
13966003 38594492
13966003 4412939
13966003 9590282
13966003 105676833
13966003 83554244
54367092 54632169
35021896 49822708
35021896 13246427
35021896 54432507
