55238116 13249780
39047223 13249780
39047223 130495021
39047223 127205044
39047223 24845463
39047223 11798416
39047223 33629188
23848162 13249780
23848162 14450571
755559993 14450571
57412005 136239230
57412005 13249780
208445839 13249780
130474473 13249780
33629188 13249780
33629188 127205044
33629188 39047223
49046800 130495021
127205044 60896519
127205044 39047223
164817014 43926536
163912878 13249780
13249780 127205044
13249780 11798416
13249780 39047223
33671866 13249780
44481076 48704230
44481076 45023123
37956271 127205044
37956271 39047223
57564981 13249780
57564981 62418110
57564981 11798416
44363094 13249780
44363094 11798416
132189586 34742918
11798416 13249780
11798416 62418110
11798416 128653613
11798416 49190723
11798416 57564981
11798416 39047223
136239230 57412005
24845463 127205044
24845463 39047223
28593278 127205044
120437783 82266893
120437783 130960432
128653613 11798416
85053425 24722851
45023123 48704230
45023123 44481076
25701260 14450571
130495021 57412005
130495021 49046800
82266893 120437783
34248972 127205044
50890265 13249780
83914648 120437783
60896519 127205044
60896519 39047223
49190723 11798416
31044969 13249780
43926536 164817014
118793512 14450571
24722851 85053425
130960432 120437783
34742918 132189586
52131138 13249780
44092853 120437783
44092853 39047223
129930962 13249780
129930962 55238116
102621052 13249780
102621052 120437783
62418110 11798416
62418110 57564981
48704230 44481076
48704230 45023123
