130964574 57128939
130964574 24047378
130964574 131921622
64841973 57128939
64841973 57847516
376522531 131921622
376522531 57128939
205520401 148986189
60010978 822349806
60010978 148986189
60010978 26606741
52393026 57128939
8286512 57128939
17559142 12017695
156609994 57128939
154330197 57128939
200058431 57847516
24047378 131921622
24047378 57128939
24047378 199769142
24047378 26606741
24047378 130188912
24047378 148986189
24047378 27466795
24047378 33392922
24047378 73229537
24047378 130964574
33392922 131921622
33392922 24047378
33392922 57128939
33392922 130188912
42086718 57128939
42086718 130188912
822349806 24047378
822349806 60010978
822349806 57128939
822349806 26606741
822349806 148986189
23942536 14507577
130188912 131921622
130188912 24047378
130188912 57128939
130188912 33392922
50858252 57128939
50858252 57847516
73229537 131921622
73229537 24047378
73229537 57128939
73229537 148986189
73229537 27466795
73229537 199841072
45019977 302918110
12017695 17559142
77205623 57128939
77205623 131921622
836450 57847516
131921622 73229537
131921622 33392922
131921622 27466795
131921622 148986189
131921622 57128939
131921622 24047378
35596477 57847516
470119329 57128939
83126251 57128939
83126251 52548617
83126251 57847516
14507577 23942536
4625706 57847516
148986189 73229537
148986189 822349806
148986189 205520401
148986189 26606741
148986189 57128939
148986189 60010978
148986189 24047378
148986189 131921622
57128939 131921622
57128939 24047378
57128939 148986189
57128939 27466795
57128939 33392922
57128939 73229537
160500527 57847516
144779823 131921622
144779823 57128939
199841072 57128939
30774158 57847516
52548617 57847516
305911386 57847516
294823307 131921622
294823307 57128939
44459271 57847516
26606741 24047378
26606741 60010978
26606741 57128939
26606741 148986189
26606741 822349806
27466795 24047378
27466795 57128939
27466795 73229537
81765046 57128939
