51694556 127172938
30972473 127172938
199979065 48704971
199979065 85054543
199979065 28085117
220499086 127172938
194539407 127172938
61962094 127172938
7901038 127172938
219714855 127172938
187484572 127172938
47382762 127172938
67970504 127172938
13499478 127172938
154339485 127172938
44340217 127172938
365775251 127172938
119059991 127172938
127386457 127172938
36416567 127172938
55881376 127172938
48673638 127172938
635853329 127172938
582113457 127172938
150459356 127172938
49066883 85054543
49066883 127172938
50852199 85054543
749201430 127172938
836614126 127172938
551786141 127172938
182784763 127172938
112085361 127172938
64763169 127172938
242840066 127172938
28085117 44954430
28085117 85054543
28085117 127172938
28085117 199979065
104760930 127172938
83652956 127172938
142801735 127172938
47405686 127172938
44339839 127172938
50874191 127172938
262125677 127172938
263691030 127172938
48704971 127172938
48704971 199979065
12579996 127172938
107502516 127172938
306423977 127172938
332476183 127172938
57488201 127172938
61799502 127172938
79838614 127172938
315006212 127172938
148248231 127172938
57371982 127172938
48489488 85054543
48489488 127172938
199830263 127172938
44954430 28085117
213658700 127172938
697482196 127172938
139961991 127172938
28487190 127172938
148003715 127172938
242577492 127172938
82529248 127172938
534241176 127172938
85054543 50852199
85054543 48489488
85054543 49066883
85054543 28085117
85054543 127172938
85054543 199979065
69233519 127172938
155046652 127172938
