129113441 687027741
129113441 71313356
129113441 71257283
129113441 38614047
129113441 24196588
129113441 184455556
129113441 60951486
152477741 24196588
152477741 129113441
9308742 129113441
16697154 74680614
16697154 129113441
52397276 57448881
223826736 129113441
48014295 129113441
68951964 129113441
164035096 129113441
456577353 129113441
74680614 16697154
15436988 48554366
836612029 635851197
13197636 163887084
13197636 128038336
13197636 129113441
13197636 24196588
13790028 28113830
57448881 52397276
57448881 48554366
57448881 129113441
28113830 13790028
28113830 142759156
142759156 28113830
436163922 129113441
49017061 129113441
49017061 224641678
225618256 129113441
536847118 129113441
71313356 129113441
127188425 129113441
49050779 44607775
49050779 69075918
26299325 71313356
26299325 130046643
44658268 129113441
44658268 19330117
74934006 129113441
36846158 71313356
36846158 224641678
36846158 129113441
52129058 68951964
52129058 57479122
52129058 129113441
687027741 129113441
15504571 61877841
61877841 15504571
224456115 129113441
224456115 24196588
69075918 49050779
48483191 52397276
48483191 129113441
57475010 129113441
155087674 109242288
109242288 155087674
208586008 231072573
19330117 129113441
19330117 24196588
57479122 129113441
57479122 224641678
130361746 129113441
635851197 836612029
129416329 129113441
54678912 129113441
184455556 129113441
130046643 71313356
130046643 26299325
224401242 129113441
20027171 129113441
44643359 129113441
48554366 15436988
48554366 57448881
231072573 208586008
154940939 129113441
24196588 163887084
24196588 36351459
24196588 19330117
24196588 129113441
24196588 13197636
163887084 13197636
163887084 24196588
60269198 129113441
71257283 129113441
199943407 129113441
