50599098 45161080
50599098 58126204
50599098 69622340
50599098 18056413
50599098 175151421
50599098 298848875
50599098 668698641
50599098 299817321
50599098 58024579
50599098 501373418
50599098 73383223
50599098 58265013
50599098 83906518
50599098 44843235
30222585 18056413
30222585 65267558
30222585 45161080
30222585 806990426
30222585 692807615
30222585 501373418
30222585 73383223
30222585 44843235
45161815 45161080
298848875 50599098
298848875 9753960
298848875 45161080
298848875 83906518
50651829 45161080
50651829 9753960
50651829 83906518
50651829 58265013
50651829 73383223
50651829 501373418
50651829 58319788
175151421 45161080
175151421 50599098
69622340 34921892
69622340 50599098
69622340 501373418
806990426 83906518
806990426 45161080
806990426 205885496
806990426 20675614
806990426 102900921
806990426 501373418
806990426 58024579
806990426 668698641
806990426 30222585
44843235 58024579
44843235 50599098
44843235 45161080
44843235 30222585
73383223 50599098
73383223 205885496
73383223 50651829
73383223 45161080
73383223 30222585
9753960 45161080
9753960 58024579
58126204 45161080
58126204 58265013
58126204 73383223
58126204 19705272
58126204 50599098
18056413 45161080
18056413 50599098
18056413 30222585
18056413 58024579
18056413 501373418
18056413 58265013
20675614 806990426
20675614 45161080
65267558 45161080
65267558 30222585
34921892 45161080
34921892 205885496
302032338 45161080
102900921 9753960
102900921 45161080
205885496 9753960
205885496 45161080
205885496 806990426
205885496 34921892
205885496 102900921
205885496 73383223
205885496 501373418
205885496 58319788
205885496 58024579
205885496 668698641
58319788 58024579
58319788 205885496
58319788 9753960
58319788 50651829
58319788 45161080
45161080 34921892
45161080 806990426
45161080 357655482
45161080 9753960
45161080 205885496
45161080 175151421
45161080 18056413
45161080 50599098
45161080 65267558
45161080 298848875
45161080 19705272
45161080 30222585
45161080 299817321
45161080 302032338
45161080 692807615
45161080 50651829
45161080 58319788
45161080 501373418
45161080 73383223
45161080 58265013
45161080 45161815
45161080 83906518
45161080 44843235
45161080 20675614
45161080 102900921
668698641 50599098
668698641 205885496
668698641 806990426
668698641 45161080
58024579 205885496
58024579 50599098
58024579 9753960
58024579 45161080
58024579 18056413
58024579 58319788
58024579 501373418
58024579 73383223
58024579 58265013
58024579 83906518
58024579 44843235
58024579 102900921
83906518 806990426
83906518 45161080
83906518 50599098
83906518 298848875
83906518 58024579
83906518 50651829
19705272 45161080
692807615 45161080
692807615 30222585
692807615 9753960
692807615 501373418
299817321 45161080
357655482 45161080
501373418 668698641
501373418 58024579
501373418 45161080
501373418 692807615
501373418 50651829
501373418 45484137
501373418 50599098
501373418 806990426
501373418 18056413
501373418 205885496
501373418 30222585
501373418 69622340
501373418 58265013
58265013 65267558
58265013 58024579
58265013 45161080
58265013 18056413
58265013 19705272
58265013 501373418
58265013 9753960
58265013 50599098
58265013 50651829
