152576583 152921407
58350054 152921407
152925678 152921407
152839920 137374775
152839920 152921407
152880829 152921407
152688823 152921407
152839683 152921407
152662101 152905266
152906116 152921407
152897758 152921407
152724807 152921407
152905266 137374775
152905266 152662101
152905266 152921407
137374775 152839920
137374775 152905266
137374775 152880829
137374775 152627756
137374775 152921407
152677983 152921407
152921407 152925678
152921407 152897758
152921407 152905266
152921407 152839920
152921407 152880829
152921407 49282563
49282563 152921407
152809076 152891709
65318975 152921407
152627756 137374775
152891709 152921407
152931389 152891709
