57564072 643653528
57564072 73895297
72139845 643653528
24256052 127205666
91927342 127205666
121977710 48565375
62398563 127205666
225302999 127205666
49817249 48565375
5668466 58488701
643653528 78588737
643653528 73895297
215709395 127205666
302406569 73895297
28283644 128661355
21605199 127205666
128661355 28283644
80387634 127205666
73895297 302406569
73895297 643653528
73895297 52503204
48565375 49817249
48565375 121977710
48565375 43945172
52503204 73895297
58488701 5668466
231761642 73895297
72092829 127205666
99755764 127205666
630196106 127205666
29339064 127205666
28232749 127205666
44587676 127205666
25558859 127205666
685401228 73895297
685401228 302406569
78588737 643653528
