328278663 602522354
138135862 298859329
138135862 57762944
138135862 29599526
486244287 57762944
24341673 29599526
602522354 328278663
812611755 665991365
298859329 138135862
298859329 58101614
665955870 665974336
604201564 57762944
677269537 57762944
29599526 24341673
29599526 36280048
29599526 138135862
29599526 57762944
665974336 665955870
36280048 57762944
36280048 58246695
36280048 29599526
836610852 836610857
58101614 298859329
58101614 57762944
58101614 58246695
665944908 602522354
77740734 57762944
58246695 58101614
58246695 57762944
58246695 36280048
642477566 57762944
630204356 57762944
