91889642 34506686
5997748 34506686
62293832 356205558
62293832 34506686
36563018 34506686
20900344 37041871
149016611 34506686
190071296 499209893
190071296 34506686
89048016 34506686
131680349 31320466
499209893 113410081
499209893 208507701
499209893 836614685
499209893 34506686
499209893 190071296
149125823 62293832
300772174 37041871
67011432 34506686
64902087 34506686
5834325 34506686
30570268 82654370
30570268 34506686
635373833 34506686
25934155 34506686
39765571 34506686
59689357 34506686
34506686 67011432
34506686 9467182
34506686 113410081
34506686 17480060
34506686 5834325
34506686 31320466
34506686 5997748
34506686 62293832
34506686 127254672
34506686 30223577
27560722 34506686
164374323 34506686
60279936 34506686
1772365 34506686
31055150 34506686
127254672 34506686
31320466 131680349
31320466 34506686
695756874 34506686
128504655 39501492
73352257 34506686
113410081 499209893
113410081 34506686
99648374 62293832
99648374 34506686
521094668 34506686
127974431 34506686
58164846 34506686
52226649 34506686
82654370 34506686
82654370 30570268
54403383 34506686
30223577 34506686
356205558 62293832
208507701 34506686
14245931 34506686
9467182 34506686
106476315 34506686
24301220 34506686
61549608 34506686
836612375 34506686
37041871 34506686
37041871 300772174
37041871 20900344
39501492 34506686
39501492 128504655
25356301 34506686
40337794 34506686
17480060 34506686
131715933 34506686
