58107458 128688036
83284195 210253062
83284195 210195738
83284195 152926992
83284195 209191558
83284195 5000004
152851306 130236896
152851306 217179606
152851306 128688036
581386692 128688036
57229737 128688036
581844122 128688036
57649621 128688036
152907017 128688036
152907017 152926992
152907017 209191558
47863303 128688036
129991268 128688036
525658519 128688036
179622232 128688036
40593656 128688036
148189387 57645265
148189387 128688036
152925107 128688036
152925107 530481081
152925107 152851306
152925107 13855092
152925107 22018946
34956300 130236896
34956300 5000004
34956300 13855092
101696428 128688036
101696428 128504578
216444243 530481081
581997093 128688036
33065268 57651690
33065268 128688036
33065268 57646953
33065268 13855092
127430246 13855092
581458366 128688036
152111827 128688036
58408129 128688036
15300158 128688036
152479568 152595162
152479568 128688036
580905511 128688036
634176295 128688036
22018946 5000004
22018946 13855092
22018946 152925107
350545109 128688036
210228090 128688036
357643558 128688036
57646953 57651690
57646953 152733908
57646953 33065268
57646953 152926992
57646953 50863865
57646953 13855092
155873692 128688036
155873692 13855092
298848216 128688036
152926570 13855092
147956439 128688036
222005339 128688036
152733908 210195738
152733908 128688036
152733908 57646953
152733908 13855092
45062797 128688036
44754988 128688036
148989976 128688036
152662210 128688036
130236896 34956300
130236896 152851306
217179606 128688036
634267660 128688036
601660934 128688036
58107350 128688036
58107350 128504578
530481081 152925107
530481081 216444243
530481081 13855092
50863865 57651690
50863865 57646953
833658523 128688036
553982196 128688036
422444887 128688036
101696534 128688036
101696534 13855092
101696534 210191576
581747569 128688036
13855092 58107458
13855092 127430246
13855092 101696534
13855092 34956300
13855092 152733908
13855092 128688036
13855092 22018946
13855092 530481081
13855092 33065268
13855092 152926992
13855092 209191558
13855092 57646953
13855092 155873692
13855092 128504578
152695977 128688036
582069461 128688036
57645265 57651690
57645265 148189387
57645265 152595162
581157456 128688036
52391095 128688036
152595162 57645265
152595162 33065268
152595162 152479568
57651690 57645265
57651690 210195738
57651690 152925107
57651690 33065268
57651690 209191558
57651690 57646953
57651690 50863865
152928528 128688036
142800019 128688036
142800019 128504578
152897009 128688036
152897009 128504578
581419391 128688036
582045155 128688036
634346537 128688036
152926992 83284195
152926992 152907017
152926992 128688036
152926992 13855092
131624677 128688036
580992926 128688036
155901630 128688036
582438719 128688036
155815304 128688036
152596087 128688036
298834868 128688036
581184230 128688036
210253062 83284195
210253062 128688036
581785323 128688036
210195738 83284195
210195738 57651690
210195738 152733908
210195738 128504578
128504578 13855092
128504578 152897009
128504578 142800019
128504578 128688036
128504578 5000004
128504578 58107350
128504578 210195738
298857837 128688036
225750037 128688036
209191558 83284195
209191558 57651690
209191558 152907017
209191558 13855092
210191576 128688036
210191576 101696534
643026420 128688036
5000004 83284195
5000004 34956300
5000004 22018946
5000004 128504578
581937913 128688036
50851905 128688036
