9785451 19540010
83521378 19540010
501488119 19540010
210223368 19540010
210223368 93826244
152797674 25025533
152797674 19540010
122064477 19540010
57609669 19540010
152920322 19540010
298853044 19540010
47243252 19540010
45820057 19540010
834034716 19540010
50652453 19540010
31184163 19540010
304250560 19540010
166755536 19540010
580918838 19540010
601613395 19540010
582443969 19540010
601616224 19540010
56971258 19540010
56971258 39456216
56971258 5581510
630992825 19540010
26466683 25025533
26466683 19540010
52645700 582475034
52645700 19540010
105465005 19540010
25025533 30741450
25025533 19540010
25025533 152797674
25025533 130228771
30741450 25025533
5581510 19540010
5581510 56971258
5581510 17036799
133386655 19540010
22235056 19540010
17092997 19540010
201507135 19540010
743570534 19540010
541447539 19540010
58352465 19540010
58735936 19540010
541453112 19540010
152505120 58421660
152505120 19540010
155822955 580908733
155822955 19540010
152220407 19540010
580908733 155822955
582475034 19540010
12251956 19540010
582874473 19540010
58387593 19540010
65310079 19540010
65310079 17036799
836612946 19540010
152514623 19540010
22360346 19540010
299477731 39456216
152876634 19540010
21287002 19540010
103497543 677281491
103497543 19540010
103497543 128453001
103497543 17036799
210257225 19540010
39456216 19540010
39456216 299477731
58017066 19540010
107496264 19540010
107496264 65310079
26780766 19540010
17036799 19540010
17036799 128453001
17036799 5581510
17036799 39456216
17036799 65310079
677281491 103497543
17109927 19540010
73837922 19540010
130228771 25025533
130228771 19540010
58421660 19540010
165404498 19540010
56647395 19540010
57332300 19540010
58321303 19540010
18827280 19540010
756572637 19540010
93826244 19540010
93826244 210223368
170883367 19540010
58279115 19540010
287175526 19540010
